0 0.378750 0.503100 0.292906 0.913148 0.000000 0.000000 0 0.000000 0.000000 0 0.000000 0.000000 0 0.000000 0.000000 0 0.375000 0.117083 1 0.264062 0.188100 1 0.390625 0.201536 1 0.242188 0.322457 1 0.485938 0.262956 1 0.000000 0.000000 0 0.489063 0.157390 1 0.290625 0.418426 1 0.343750 0.422265 1 0.271875 0.650672 1 0.359375 0.664107 1 0.257812 0.833013 1 0.348438 0.879079 1
0 0.673859 0.545825 0.320312 0.854184 0.665625 0.232246 1 0.682813 0.220729 1 0.000000 0.000000 0 0.712500 0.236084 1 0.000000 0.000000 0 0.785937 0.320537 1 0.648438 0.314779 1 0.801562 0.447217 1 0.556250 0.314779 1 0.807813 0.550864 1 0.540625 0.220729 1 0.731250 0.543186 1 0.659375 0.545106 1 0.751563 0.725528 1 0.667188 0.733205 1 0.775000 0.907869 1 0.670312 0.909789 1
0 0.978914 0.126027 0.042172 0.102610 0.000000 0.000000 0 0.000000 0.000000 0 0.000000 0.000000 0 0.000000 0.000000 0 0.000000 0.000000 0 0.000000 0.000000 0 0.000000 0.000000 0 0.000000 0.000000 0 0.000000 0.000000 0 0.000000 0.000000 0 0.000000 0.000000 0 0.000000 0.000000 0 0.000000 0.000000 0 0.000000 0.000000 0 0.000000 0.000000 0 0.000000 0.000000 0 0.000000 0.000000 0
0 0.880570 0.098551 0.116016 0.152687 0.889062 0.088292 1 0.900000 0.078695 1 0.881250 0.076775 1 0.907813 0.078695 1 0.867188 0.071017 1 0.917188 0.117083 1 0.850000 0.115163 1 0.932813 0.176583 1 0.831250 0.178503 1 0.000000 0.000000 0 0.000000 0.000000 0 0.000000 0.000000 0 0.000000 0.000000 0 0.000000 0.000000 0 0.000000 0.000000 0 0.000000 0.000000 0 0.000000 0.000000 0
0 0.883992 0.777860 0.176828 0.278177 0.903125 0.702495 1 0.912500 0.692898 1 0.892188 0.687140 1 0.934375 0.706334 1 0.000000 0.000000 0 0.946875 0.777351 1 0.850000 0.756238 1 0.935937 0.871401 1 0.817187 0.844530 1 0.893750 0.809981 1 0.000000 0.000000 0 0.935937 0.892514 1 0.868750 0.882917 1 0.934375 0.913628 1 0.801562 0.892514 1 0.000000 0.000000 0 0.000000 0.000000 0
0 0.746375 0.080902 0.204875 0.161804 0.000000 0.000000 0 0.000000 0.000000 0 0.000000 0.000000 0 0.000000 0.000000 0 0.000000 0.000000 0 0.000000 0.000000 0 0.000000 0.000000 0 0.828125 0.049904 1 0.657813 0.030710 1 0.775000 0.034549 1 0.693750 0.024952 1 0.767188 0.140115 1 0.700000 0.136276 1 0.000000 0.000000 0 0.000000 0.000000 0 0.000000 0.000000 0 0.000000 0.000000 0
0 0.189805 0.575393 0.118047 0.551017 0.207813 0.368522 1 0.217188 0.358925 1 0.203125 0.357006 1 0.250000 0.372361 1 0.000000 0.000000 0 0.267188 0.428023 1 0.171875 0.420345 1 0.000000 0.000000 0 0.000000 0.000000 0 0.000000 0.000000 0 0.215625 0.483685 1 0.232813 0.600768 1 0.179688 0.589251 1 0.232813 0.792706 1 0.159375 0.783109 1 0.000000 0.000000 0 0.000000 0.000000 0
0 0.122586 0.574712 0.118766 0.531766 0.129688 0.357006 1 0.132812 0.341651 1 0.114062 0.347409 1 0.000000 0.000000 0 0.096875 0.368522 1 0.170313 0.393474 1 0.084375 0.443378 1 0.000000 0.000000 0 0.109375 0.550864 1 0.000000 0.000000 0 0.187500 0.571977 1 0.168750 0.614203 1 0.115625 0.621881 1 0.164062 0.783109 1 0.109375 0.790787 1 0.000000 0.000000 0 0.000000 0.000000 0
0 0.906672 0.586631 0.186656 0.414453 0.915625 0.452975 1 0.925000 0.441459 1 0.906250 0.443378 1 0.940625 0.449136 1 0.892188 0.449136 1 0.971875 0.531670 1 0.857812 0.522073 1 0.982812 0.637236 1 0.832812 0.623800 1 0.975000 0.733205 1 0.825000 0.729367 1 0.928125 0.723608 1 0.867188 0.715931 1 0.000000 0.000000 0 0.000000 0.000000 0 0.000000 0.000000 0 0.000000 0.000000 0
0 0.642102 0.639319 0.175609 0.514607 0.000000 0.000000 0 0.000000 0.000000 0 0.000000 0.000000 0 0.000000 0.000000 0 0.000000 0.000000 0 0.717187 0.481766 1 0.604688 0.477927 1 0.000000 0.000000 0 0.582812 0.556622 1 0.000000 0.000000 0 0.564063 0.652591 1 0.695312 0.694818 1 0.617188 0.683301 1 0.693750 0.871401 1 0.600000 0.865643 1 0.000000 0.000000 0 0.000000 0.000000 0
0 0.171977 0.067255 0.225422 0.134511 0.000000 0.000000 0 0.000000 0.000000 0 0.000000 0.000000 0 0.000000 0.000000 0 0.000000 0.000000 0 0.000000 0.000000 0 0.000000 0.000000 0 0.203125 0.023033 1 0.162500 0.019194 1 0.157812 0.090211 1 0.110937 0.021113 1 0.256250 0.113244 1 0.212500 0.117083 1 0.000000 0.000000 0 0.000000 0.000000 0 0.000000 0.000000 0 0.000000 0.000000 0
0 0.544242 0.626449 0.180797 0.514165 0.582812 0.408829 1 0.596875 0.397313 1 0.582812 0.395393 1 0.629687 0.412668 1 0.000000 0.000000 0 0.643750 0.491363 1 0.535937 0.476008 1 0.000000 0.000000 0 0.467187 0.525912 1 0.000000 0.000000 0 0.476562 0.460653 1 0.625000 0.700576 1 0.539062 0.689060 1 0.600000 0.877159 1 0.523438 0.871401 1 0.000000 0.000000 0 0.000000 0.000000 0
0 0.322453 0.713848 0.057094 0.296104 0.000000 0.000000 0 0.000000 0.000000 0 0.000000 0.000000 0 0.000000 0.000000 0 0.000000 0.000000 0 0.000000 0.000000 0 0.000000 0.000000 0 0.000000 0.000000 0 0.000000 0.000000 0 0.337500 0.694818 1 0.000000 0.000000 0 0.320312 0.675624 1 0.000000 0.000000 0 0.339062 0.825336 1 0.000000 0.000000 0 0.000000 0.000000 0 0.000000 0.000000 0