0 0.459969 0.494708 0.230844 0.483621 0.000000 0.000000 0 0.000000 0.000000 0 0.000000 0.000000 0 0.506250 0.280374 1 0.531250 0.294393 1 0.503125 0.317757 1 0.525000 0.324766 1 0.462500 0.348131 1 0.467187 0.380841 1 0.418750 0.376168 1 0.412500 0.394860 1 0.471875 0.471963 1 0.492188 0.469626 1 0.443750 0.577103 1 0.471875 0.588785 1 0.401562 0.691589 1 0.543750 0.656542 1
0 0.785969 0.561799 0.189344 0.346075 0.776563 0.436916 1 0.781250 0.432243 1 0.000000 0.000000 0 0.796875 0.439252 1 0.000000 0.000000 0 0.796875 0.485981 1 0.820312 0.476636 1 0.739062 0.537383 1 0.860938 0.551402 1 0.703125 0.551402 1 0.850000 0.635514 1 0.832812 0.614486 1 0.851562 0.607477 1 0.742188 0.600467 1 0.784375 0.574766 1 0.817187 0.686916 1 0.835938 0.670561 1
0 0.574820 0.868470 0.142234 0.263061 0.000000 0.000000 0 0.000000 0.000000 0 0.000000 0.000000 0 0.559375 0.792056 1 0.595313 0.792056 1 0.523438 0.855140 1 0.612500 0.864486 1 0.510938 0.946262 1 0.623437 0.964953 1 0.000000 0.000000 0 0.000000 0.000000 0 0.000000 0.000000 0 0.000000 0.000000 0 0.000000 0.000000 0 0.000000 0.000000 0 0.000000 0.000000 0 0.000000 0.000000 0
0 0.685500 0.880374 0.129437 0.239252 0.000000 0.000000 0 0.000000 0.000000 0 0.000000 0.000000 0 0.642188 0.815421 1 0.679688 0.808411 1 0.623437 0.878505 1 0.717187 0.855140 1 0.625000 0.988318 1 0.742188 0.950935 1 0.000000 0.000000 0 0.000000 0.000000 0 0.000000 0.000000 0 0.000000 0.000000 0 0.000000 0.000000 0 0.000000 0.000000 0 0.000000 0.000000 0 0.000000 0.000000 0
0 0.453844 0.878657 0.150281 0.242687 0.000000 0.000000 0 0.000000 0.000000 0 0.000000 0.000000 0 0.425000 0.817757 1 0.465625 0.810748 1 0.406250 0.892523 1 0.503125 0.885514 1 0.000000 0.000000 0 0.000000 0.000000 0 0.000000 0.000000 0 0.000000 0.000000 0 0.000000 0.000000 0 0.000000 0.000000 0 0.000000 0.000000 0 0.000000 0.000000 0 0.000000 0.000000 0 0.000000 0.000000 0
0 0.343281 0.868914 0.139719 0.261285 0.000000 0.000000 0 0.000000 0.000000 0 0.000000 0.000000 0 0.334375 0.789720 1 0.371875 0.792056 1 0.328125 0.838785 1 0.395313 0.834112 1 0.295312 0.950935 1 0.000000 0.000000 0 0.000000 0.000000 0 0.000000 0.000000 0 0.343750 0.974299 1 0.392188 0.976636 1 0.276562 0.953271 1 0.000000 0.000000 0 0.000000 0.000000 0 0.000000 0.000000 0
0 0.129242 0.937079 0.069141 0.103364 0.000000 0.000000 0 0.000000 0.000000 0 0.000000 0.000000 0 0.120313 0.932243 1 0.157812 0.929907 1 0.096875 0.990654 1 0.167187 0.990654 1 0.000000 0.000000 0 0.000000 0.000000 0 0.000000 0.000000 0 0.000000 0.000000 0 0.000000 0.000000 0 0.000000 0.000000 0 0.000000 0.000000 0 0.000000 0.000000 0 0.000000 0.000000 0 0.000000 0.000000 0
0 0.746289 0.112757 0.086141 0.201215 0.750000 0.051402 1 0.757812 0.044393 1 0.746875 0.044393 1 0.765625 0.046729 1 0.737500 0.044393 1 0.779687 0.081776 1 0.720313 0.074766 1 0.782813 0.147196 1 0.704688 0.128505 1 0.768750 0.175234 1 0.000000 0.000000 0 0.750000 0.163551 1 0.720313 0.156542 1 0.759375 0.191589 1 0.000000 0.000000 0 0.000000 0.000000 0 0.000000 0.000000 0
0 0.242758 0.934509 0.091797 0.130981 0.000000 0.000000 0 0.000000 0.000000 0 0.000000 0.000000 0 0.207813 0.918224 1 0.000000 0.000000 0 0.201563 0.976636 1 0.264062 0.948598 1 0.000000 0.000000 0 0.000000 0.000000 0 0.000000 0.000000 0 0.000000 0.000000 0 0.000000 0.000000 0 0.000000 0.000000 0 0.000000 0.000000 0 0.000000 0.000000 0 0.000000 0.000000 0 0.000000 0.000000 0
0 0.902039 0.928493 0.088484 0.143014 0.000000 0.000000 0 0.000000 0.000000 0 0.000000 0.000000 0 0.876563 0.911215 1 0.000000 0.000000 0 0.875000 0.948598 1 0.921875 0.946262 1 0.000000 0.000000 0 0.000000 0.000000 0 0.859375 0.946262 1 0.000000 0.000000 0 0.000000 0.000000 0 0.000000 0.000000 0 0.000000 0.000000 0 0.000000 0.000000 0 0.000000 0.000000 0 0.000000 0.000000 0
0 0.941070 0.100210 0.081703 0.200421 0.000000 0.000000 0 0.000000 0.000000 0 0.000000 0.000000 0 0.000000 0.000000 0 0.000000 0.000000 0 0.000000 0.000000 0 0.906250 0.004673 1 0.957812 0.030374 1 0.912500 0.053738 1 0.946875 0.072430 1 0.917188 0.091121 1 0.964063 0.074766 1 0.939063 0.086449 1 0.970313 0.135514 1 0.948438 0.135514 1 0.970313 0.210280 1 0.950000 0.207944 1
0 0.514227 0.054054 0.068359 0.106799 0.000000 0.000000 0 0.000000 0.000000 0 0.000000 0.000000 0 0.000000 0.000000 0 0.000000 0.000000 0 0.000000 0.000000 0 0.000000 0.000000 0 0.518750 0.000000 1 0.000000 0.000000 0 0.493750 0.039720 1 0.000000 0.000000 0 0.535937 0.037383 1 0.000000 0.000000 0 0.487500 0.046729 1 0.000000 0.000000 0 0.000000 0.000000 0 0.000000 0.000000 0