0 0.883150 0.490312 0.178431 0.347594 0.000000 0.000000 0 0.000000 0.000000 0 0.000000 0.000000 0 0.868852 0.350000 1 0.913349 0.350000 1 0.831382 0.392188 1 0.943794 0.395313 1 0.807963 0.445312 1 0.957845 0.451562 1 0.824356 0.462500 1 0.920375 0.459375 1 0.847775 0.482812 1 0.913349 0.482812 1 0.843091 0.564063 1 0.913349 0.560937 1 0.836066 0.650000 1 0.911007 0.648438 1
0 0.681300 0.531719 0.254450 0.294719 0.658080 0.446875 1 0.665105 0.437500 1 0.641686 0.440625 1 0.676815 0.434375 1 0.622951 0.442188 1 0.754098 0.489063 1 0.569087 0.485938 1 0.777518 0.548438 1 0.519906 0.540625 1 0.714286 0.600000 1 0.000000 0.000000 0 0.688525 0.590625 1 0.606557 0.589063 1 0.629977 0.665625 1 0.559719 0.654687 1 0.000000 0.000000 0 0.000000 0.000000 0
0 0.743255 0.407289 0.142576 0.231297 0.721311 0.320312 1 0.728337 0.317188 1 0.716628 0.315625 1 0.744731 0.317188 1 0.700234 0.312500 1 0.761124 0.348438 1 0.681499 0.348438 1 0.784543 0.382812 1 0.721311 0.387500 1 0.756440 0.398438 1 0.782201 0.385937 1 0.749415 0.429688 1 0.707260 0.429688 1 0.754098 0.482812 1 0.711944 0.484375 1 0.754098 0.535937 1 0.714286 0.535937 1
0 0.530867 0.363344 0.123607 0.132594 0.576112 0.325000 1 0.000000 0.000000 0 0.573770 0.321875 1 0.000000 0.000000 0 0.550351 0.314063 1 0.526932 0.318750 1 0.524590 0.320312 1 0.000000 0.000000 0 0.517564 0.365625 1 0.000000 0.000000 0 0.562061 0.356250 1 0.522248 0.412500 1 0.517564 0.415625 1 0.000000 0.000000 0 0.000000 0.000000 0 0.000000 0.000000 0 0.000000 0.000000 0
0 0.384204 0.341891 0.056932 0.060438 0.000000 0.000000 0 0.000000 0.000000 0 0.000000 0.000000 0 0.000000 0.000000 0 0.000000 0.000000 0 0.000000 0.000000 0 0.000000 0.000000 0 0.000000 0.000000 0 0.000000 0.000000 0 0.000000 0.000000 0 0.000000 0.000000 0 0.000000 0.000000 0 0.000000 0.000000 0 0.000000 0.000000 0 0.000000 0.000000 0 0.000000 0.000000 0 0.000000 0.000000 0
0 0.269368 0.367930 0.087026 0.108141 0.000000 0.000000 0 0.000000 0.000000 0 0.000000 0.000000 0 0.262295 0.321875 1 0.281030 0.321875 1 0.255269 0.335938 1 0.295082 0.337500 1 0.234192 0.351562 1 0.304450 0.360938 1 0.245902 0.364063 1 0.283372 0.364063 1 0.264637 0.368750 1 0.290398 0.370312 1 0.257611 0.396875 1 0.292740 0.398438 1 0.250585 0.423438 1 0.295082 0.423438 1
0 0.211148 0.332813 0.023232 0.047094 0.000000 0.000000 0 0.000000 0.000000 0 0.000000 0.000000 0 0.000000 0.000000 0 0.000000 0.000000 0 0.000000 0.000000 0 0.000000 0.000000 0 0.000000 0.000000 0 0.000000 0.000000 0 0.000000 0.000000 0 0.000000 0.000000 0 0.000000 0.000000 0 0.000000 0.000000 0 0.000000 0.000000 0 0.000000 0.000000 0 0.000000 0.000000 0 0.000000 0.000000 0
0 0.634496 0.351211 0.069696 0.074266 0.000000 0.000000 0 0.000000 0.000000 0 0.000000 0.000000 0 0.000000 0.000000 0 0.000000 0.000000 0 0.000000 0.000000 0 0.000000 0.000000 0 0.000000 0.000000 0 0.000000 0.000000 0 0.000000 0.000000 0 0.000000 0.000000 0 0.000000 0.000000 0 0.000000 0.000000 0 0.000000 0.000000 0 0.000000 0.000000 0 0.000000 0.000000 0 0.000000 0.000000 0
0 0.831967 0.359945 0.073677 0.115141 0.838407 0.339062 1 0.847775 0.334375 1 0.824356 0.334375 1 0.864169 0.337500 1 0.812646 0.339062 1 0.880562 0.365625 1 0.800937 0.368750 1 0.000000 0.000000 0 0.000000 0.000000 0 0.000000 0.000000 0 0.000000 0.000000 0 0.880562 0.442188 1 0.824356 0.445312 1 0.000000 0.000000 0 0.000000 0.000000 0 0.000000 0.000000 0 0.000000 0.000000 0
0 0.229145 0.336609 0.037400 0.042906 0.000000 0.000000 0 0.000000 0.000000 0 0.000000 0.000000 0 0.000000 0.000000 0 0.000000 0.000000 0 0.000000 0.000000 0 0.000000 0.000000 0 0.000000 0.000000 0 0.000000 0.000000 0 0.000000 0.000000 0 0.000000 0.000000 0 0.000000 0.000000 0 0.000000 0.000000 0 0.000000 0.000000 0 0.000000 0.000000 0 0.000000 0.000000 0 0.000000 0.000000 0
0 0.047260 0.368242 0.067494 0.121609 0.000000 0.000000 0 0.000000 0.000000 0 0.000000 0.000000 0 0.000000 0.000000 0 0.000000 0.000000 0 0.021077 0.337500 1 0.063232 0.337500 1 0.000000 0.000000 0 0.070258 0.350000 1 0.000000 0.000000 0 0.072600 0.364063 1 0.032787 0.371875 1 0.056206 0.370312 1 0.032787 0.393750 1 0.053864 0.395313 1 0.030445 0.418750 1 0.051522 0.418750 1
0 0.478911 0.530922 0.304098 0.276500 0.494145 0.467187 1 0.510539 0.450000 1 0.477752 0.448437 1 0.533958 0.448437 1 0.451991 0.446875 1 0.557377 0.484375 1 0.398126 0.484375 1 0.587822 0.531250 1 0.372365 0.543750 1 0.601874 0.610938 1 0.386417 0.620313 1 0.496487 0.585938 1 0.419204 0.590625 1 0.000000 0.000000 0 0.393443 0.664062 1 0.000000 0.000000 0 0.358314 0.625000 1