0 0.167938 0.687571 0.335875 0.624858 0.135937 0.528302 1 0.000000 0.000000 0 0.135937 0.504717 1 0.000000 0.000000 0 0.112500 0.476415 1 0.121875 0.577830 1 0.018750 0.558962 1 0.000000 0.000000 0 0.057813 0.750000 1 0.000000 0.000000 0 0.150000 0.658019 1 0.164062 0.747642 1 0.110937 0.787736 1 0.282813 0.745283 1 0.310937 0.846698 1 0.000000 0.000000 0 0.000000 0.000000 0
0 0.460859 0.658868 0.300562 0.682264 0.435937 0.445755 1 0.000000 0.000000 0 0.432812 0.429245 1 0.000000 0.000000 0 0.400000 0.403302 1 0.392188 0.443396 1 0.353125 0.459906 1 0.000000 0.000000 0 0.387500 0.594340 1 0.000000 0.000000 0 0.446875 0.542453 1 0.448437 0.655660 1 0.415625 0.683962 1 0.589063 0.714623 1 0.554688 0.733491 1 0.515625 0.917453 1 0.470313 0.870283 1
0 0.407273 0.274729 0.072578 0.101722 0.401562 0.311321 1 0.414062 0.297170 1 0.390625 0.301887 1 0.434375 0.299528 1 0.375000 0.308962 1 0.000000 0.000000 0 0.000000 0.000000 0 0.000000 0.000000 0 0.000000 0.000000 0 0.000000 0.000000 0 0.000000 0.000000 0 0.000000 0.000000 0 0.000000 0.000000 0 0.000000 0.000000 0 0.000000 0.000000 0 0.000000 0.000000 0 0.000000 0.000000 0
0 0.656414 0.521085 0.341641 0.720330 0.570312 0.266509 1 0.584375 0.250000 1 0.559375 0.250000 1 0.603125 0.259434 1 0.548438 0.259434 1 0.629687 0.330189 1 0.550000 0.351415 1 0.675000 0.483491 1 0.503125 0.445755 1 0.706250 0.577830 1 0.526563 0.327830 1 0.654687 0.568396 1 0.612500 0.570755 1 0.801562 0.636792 1 0.714063 0.629717 1 0.703125 0.816038 1 0.742188 0.813679 1
0 0.785320 0.519104 0.361766 0.620236 0.000000 0.000000 0 0.000000 0.000000 0 0.000000 0.000000 0 0.000000 0.000000 0 0.668750 0.306604 1 0.000000 0.000000 0 0.678125 0.389151 1 0.000000 0.000000 0 0.740625 0.436321 1 0.000000 0.000000 0 0.710938 0.332547 1 0.740625 0.497642 1 0.704688 0.518868 1 0.825000 0.568396 1 0.825000 0.514151 1 0.829688 0.780660 1 0.904687 0.702830 1
0 0.957273 0.425790 0.080391 0.532712 0.000000 0.000000 0 0.000000 0.000000 0 0.000000 0.000000 0 0.000000 0.000000 0 0.000000 0.000000 0 0.896875 0.287736 1 0.964063 0.294811 1 0.000000 0.000000 0 0.982812 0.386792 1 0.000000 0.000000 0 0.000000 0.000000 0 0.000000 0.000000 0 0.000000 0.000000 0 0.000000 0.000000 0 0.000000 0.000000 0 0.000000 0.000000 0 0.000000 0.000000 0
0 0.970484 0.211887 0.059031 0.161179 0.987500 0.200472 1 0.000000 0.000000 0 0.982812 0.191038 1 0.000000 0.000000 0 0.000000 0.000000 0 0.000000 0.000000 0 0.000000 0.000000 0 0.000000 0.000000 0 0.000000 0.000000 0 0.000000 0.000000 0 0.000000 0.000000 0 0.000000 0.000000 0 0.000000 0.000000 0 0.000000 0.000000 0 0.000000 0.000000 0 0.000000 0.000000 0 0.000000 0.000000 0
0 0.947117 0.087512 0.057297 0.110118 0.935937 0.077830 1 0.937500 0.070755 1 0.934375 0.070755 1 0.945312 0.070755 1 0.000000 0.000000 0 0.956250 0.099057 1 0.929688 0.089623 1 0.000000 0.000000 0 0.000000 0.000000 0 0.000000 0.000000 0 0.000000 0.000000 0 0.000000 0.000000 0 0.000000 0.000000 0 0.000000 0.000000 0 0.000000 0.000000 0 0.000000 0.000000 0 0.000000 0.000000 0
0 0.890211 0.139658 0.061703 0.121580 0.904687 0.122642 1 0.000000 0.000000 0 0.898438 0.117925 1 0.000000 0.000000 0 0.885938 0.120283 1 0.903125 0.148585 1 0.881250 0.143868 1 0.000000 0.000000 0 0.892188 0.188679 1 0.000000 0.000000 0 0.901563 0.172170 1 0.000000 0.000000 0 0.000000 0.000000 0 0.000000 0.000000 0 0.000000 0.000000 0 0.000000 0.000000 0 0.000000 0.000000 0
0 0.816969 0.394009 0.238031 0.385330 0.715625 0.273585 1 0.725000 0.264151 1 0.707812 0.266509 1 0.748437 0.268868 1 0.000000 0.000000 0 0.779687 0.349057 1 0.698438 0.377358 1 0.815625 0.445755 1 0.000000 0.000000 0 0.879687 0.507075 1 0.000000 0.000000 0 0.803125 0.525943 1 0.753125 0.535377 1 0.839063 0.568396 1 0.782813 0.471698 1 0.843750 0.764151 1 0.878125 0.535377 1
0 0.879109 0.315790 0.144187 0.246769 0.895312 0.290094 1 0.900000 0.273585 1 0.885938 0.273585 1 0.000000 0.000000 0 0.859375 0.271226 1 0.893750 0.332547 1 0.835938 0.316038 1 0.884375 0.429245 1 0.831250 0.457547 1 0.940625 0.396226 1 0.884375 0.471698 1 0.878125 0.469340 1 0.859375 0.464623 1 0.912500 0.476415 1 0.906250 0.495283 1 0.000000 0.000000 0 0.000000 0.000000 0
0 0.621242 0.607818 0.501078 0.762005 0.403125 0.313679 1 0.410938 0.299528 1 0.392188 0.301887 1 0.431250 0.299528 1 0.373437 0.306604 1 0.448437 0.419811 1 0.415625 0.426887 1 0.514062 0.568396 1 0.467187 0.570755 1 0.482812 0.533019 1 0.493750 0.551887 1 0.546875 0.627358 1 0.529687 0.629717 1 0.675000 0.719340 1 0.640625 0.735849 1 0.751563 0.922170 1 0.785937 0.893868 1
0 0.067109 0.901309 0.130781 0.181816 0.000000 0.000000 0 0.000000 0.000000 0 0.000000 0.000000 0 0.000000 0.000000 0 0.000000 0.000000 0 0.000000 0.000000 0 0.000000 0.000000 0 0.000000 0.000000 0 0.000000 0.000000 0 0.000000 0.000000 0 0.000000 0.000000 0 0.000000 0.000000 0 0.000000 0.000000 0 0.000000 0.000000 0 0.000000 0.000000 0 0.000000 0.000000 0 0.000000 0.000000 0