0 0.569562 0.701000 0.095188 0.580222 0.000000 0.000000 0 0.000000 0.000000 0 0.000000 0.000000 0 0.562500 0.452778 1 0.606250 0.477778 1 0.546875 0.519444 1 0.612500 0.536111 1 0.531250 0.597222 1 0.000000 0.000000 0 0.000000 0.000000 0 0.000000 0.000000 0 0.548438 0.666667 1 0.592187 0.672222 1 0.559375 0.827778 1 0.595313 0.822222 1 0.548438 0.952778 1 0.600000 0.955556 1
0 0.669312 0.694375 0.115031 0.606750 0.676562 0.463889 1 0.678125 0.447222 1 0.667188 0.452778 1 0.000000 0.000000 0 0.642188 0.466667 1 0.698438 0.530556 1 0.631250 0.544444 1 0.712500 0.611111 1 0.618750 0.650000 1 0.715625 0.702778 1 0.621875 0.733333 1 0.690625 0.738889 1 0.648438 0.741667 1 0.687500 0.863889 1 0.645312 0.866667 1 0.682813 0.986111 1 0.646875 0.980556 1
0 0.712867 0.292250 0.009609 0.030222 0.000000 0.000000 0 0.000000 0.000000 0 0.000000 0.000000 0 0.000000 0.000000 0 0.000000 0.000000 0 0.000000 0.000000 0 0.000000 0.000000 0 0.000000 0.000000 0 0.000000 0.000000 0 0.000000 0.000000 0 0.000000 0.000000 0 0.000000 0.000000 0 0.000000 0.000000 0 0.000000 0.000000 0 0.000000 0.000000 0 0.000000 0.000000 0 0.000000 0.000000 0
0 0.671414 0.317639 0.005734 0.050944 0.000000 0.000000 0 0.000000 0.000000 0 0.000000 0.000000 0 0.000000 0.000000 0 0.000000 0.000000 0 0.000000 0.000000 0 0.000000 0.000000 0 0.000000 0.000000 0 0.000000 0.000000 0 0.000000 0.000000 0 0.000000 0.000000 0 0.000000 0.000000 0 0.000000 0.000000 0 0.000000 0.000000 0 0.000000 0.000000 0 0.000000 0.000000 0 0.000000 0.000000 0
0 0.225000 0.578653 0.048031 0.316861 0.235937 0.458333 1 0.000000 0.000000 0 0.235937 0.452778 1 0.000000 0.000000 0 0.228125 0.438889 1 0.229687 0.463889 1 0.212500 0.469444 1 0.231250 0.513889 1 0.214062 0.533333 1 0.240625 0.497222 1 0.226562 0.563889 1 0.232813 0.561111 1 0.220312 0.566667 1 0.231250 0.630556 1 0.218750 0.636111 1 0.228125 0.694444 1 0.217188 0.702778 1
0 0.149727 0.495611 0.034797 0.164111 0.000000 0.000000 0 0.000000 0.000000 0 0.000000 0.000000 0 0.000000 0.000000 0 0.000000 0.000000 0 0.000000 0.000000 0 0.000000 0.000000 0 0.000000 0.000000 0 0.000000 0.000000 0 0.000000 0.000000 0 0.000000 0.000000 0 0.000000 0.000000 0 0.000000 0.000000 0 0.000000 0.000000 0 0.000000 0.000000 0 0.000000 0.000000 0 0.000000 0.000000 0
0 0.131047 0.492917 0.033406 0.163833 0.000000 0.000000 0 0.000000 0.000000 0 0.000000 0.000000 0 0.000000 0.000000 0 0.000000 0.000000 0 0.000000 0.000000 0 0.000000 0.000000 0 0.000000 0.000000 0 0.000000 0.000000 0 0.000000 0.000000 0 0.000000 0.000000 0 0.000000 0.000000 0 0.000000 0.000000 0 0.000000 0.000000 0 0.000000 0.000000 0 0.000000 0.000000 0 0.000000 0.000000 0
0 0.077687 0.472250 0.026406 0.107000 0.000000 0.000000 0 0.000000 0.000000 0 0.000000 0.000000 0 0.000000 0.000000 0 0.000000 0.000000 0 0.000000 0.000000 0 0.000000 0.000000 0 0.000000 0.000000 0 0.000000 0.000000 0 0.000000 0.000000 0 0.000000 0.000000 0 0.000000 0.000000 0 0.000000 0.000000 0 0.000000 0.000000 0 0.000000 0.000000 0 0.000000 0.000000 0 0.000000 0.000000 0
0 0.804742 0.561347 0.042703 0.262417 0.000000 0.000000 0 0.000000 0.000000 0 0.000000 0.000000 0 0.000000 0.000000 0 0.803125 0.450000 1 0.787500 0.483333 1 0.809375 0.480556 1 0.790625 0.513889 1 0.818750 0.511111 1 0.000000 0.000000 0 0.000000 0.000000 0 0.793750 0.555556 1 0.810937 0.555556 1 0.796875 0.602778 1 0.814063 0.611111 1 0.796875 0.666667 1 0.814063 0.672222 1
0 0.754977 0.540167 0.054047 0.281611 0.000000 0.000000 0 0.000000 0.000000 0 0.000000 0.000000 0 0.000000 0.000000 0 0.762500 0.427778 1 0.740625 0.455556 1 0.762500 0.461111 1 0.732812 0.488889 1 0.775000 0.505556 1 0.000000 0.000000 0 0.000000 0.000000 0 0.743750 0.533333 1 0.759375 0.536111 1 0.746875 0.597222 1 0.764062 0.602778 1 0.742188 0.655556 1 0.762500 0.652778 1
0 0.970008 0.453944 0.037891 0.254556 0.000000 0.000000 0 0.000000 0.000000 0 0.000000 0.000000 0 0.957812 0.347222 1 0.000000 0.000000 0 0.956250 0.372222 1 0.976562 0.366667 1 0.957812 0.405556 1 0.000000 0.000000 0 0.956250 0.433333 1 0.000000 0.000000 0 0.964063 0.427778 1 0.976562 0.425000 1 0.960938 0.491667 1 0.976562 0.488889 1 0.964063 0.555556 1 0.979688 0.552778 1
0 0.398445 0.657403 0.076766 0.486639 0.409375 0.455556 1 0.414062 0.447222 1 0.404687 0.444444 1 0.000000 0.000000 0 0.392188 0.447222 1 0.418750 0.488889 1 0.375000 0.494444 1 0.421875 0.566667 1 0.368750 0.563889 1 0.426563 0.627778 1 0.371875 0.644444 1 0.409375 0.613889 1 0.381250 0.613889 1 0.415625 0.736111 1 0.381250 0.744444 1 0.412500 0.861111 1 0.368750 0.841667 1
0 0.175453 0.488875 0.016406 0.168972 0.000000 0.000000 0 0.000000 0.000000 0 0.000000 0.000000 0 0.000000 0.000000 0 0.000000 0.000000 0 0.000000 0.000000 0 0.000000 0.000000 0 0.000000 0.000000 0 0.000000 0.000000 0 0.000000 0.000000 0 0.000000 0.000000 0 0.000000 0.000000 0 0.000000 0.000000 0 0.000000 0.000000 0 0.000000 0.000000 0 0.000000 0.000000 0 0.000000 0.000000 0