0 0.201555 0.525722 0.334859 0.948556 0.189062 0.183807 1 0.000000 0.000000 0 0.170313 0.164114 1 0.000000 0.000000 0 0.112500 0.175055 1 0.159375 0.301969 1 0.075000 0.339168 1 0.000000 0.000000 0 0.148438 0.536105 1 0.000000 0.000000 0 0.278125 0.566740 1 0.193750 0.673961 1 0.139063 0.702407 1 0.000000 0.000000 0 0.000000 0.000000 0 0.000000 0.000000 0 0.000000 0.000000 0
0 0.522680 0.524212 0.453516 0.951575 0.556250 0.199125 1 0.567187 0.175055 1 0.000000 0.000000 0 0.615625 0.203501 1 0.000000 0.000000 0 0.679688 0.404814 1 0.564063 0.339168 1 0.665625 0.684902 1 0.517188 0.503282 1 0.593750 0.949672 1 0.385937 0.575492 1 0.609375 0.905908 1 0.531250 0.846827 1 0.000000 0.000000 0 0.000000 0.000000 0 0.000000 0.000000 0 0.000000 0.000000 0
0 0.805531 0.598873 0.160469 0.725842 0.775000 0.306346 1 0.789062 0.291028 1 0.771875 0.288840 1 0.818750 0.301969 1 0.000000 0.000000 0 0.842187 0.391685 1 0.732812 0.385120 1 0.854688 0.503282 1 0.000000 0.000000 0 0.851562 0.623632 1 0.000000 0.000000 0 0.812500 0.628009 1 0.748437 0.617068 1 0.809375 0.743982 1 0.762500 0.748359 1 0.821875 0.903720 1 0.775000 0.897155 1
0 0.840547 0.343260 0.097094 0.253348 0.000000 0.000000 0 0.829688 0.273523 1 0.000000 0.000000 0 0.848437 0.273523 1 0.000000 0.000000 0 0.868750 0.358862 1 0.000000 0.000000 0 0.884375 0.442013 1 0.000000 0.000000 0 0.000000 0.000000 0 0.000000 0.000000 0 0.000000 0.000000 0 0.000000 0.000000 0 0.000000 0.000000 0 0.000000 0.000000 0 0.000000 0.000000 0 0.000000 0.000000 0
0 0.734969 0.298862 0.045031 0.130635 0.751563 0.271335 1 0.000000 0.000000 0 0.746875 0.264770 1 0.000000 0.000000 0 0.731250 0.266958 1 0.734375 0.293217 1 0.723437 0.304158 1 0.000000 0.000000 0 0.000000 0.000000 0 0.000000 0.000000 0 0.000000 0.000000 0 0.739062 0.387309 1 0.732812 0.396061 1 0.000000 0.000000 0 0.000000 0.000000 0 0.000000 0.000000 0 0.000000 0.000000 0
0 0.693820 0.298829 0.053453 0.119672 0.000000 0.000000 0 0.000000 0.000000 0 0.000000 0.000000 0 0.000000 0.000000 0 0.000000 0.000000 0 0.000000 0.000000 0 0.000000 0.000000 0 0.000000 0.000000 0 0.000000 0.000000 0 0.000000 0.000000 0 0.000000 0.000000 0 0.000000 0.000000 0 0.000000 0.000000 0 0.000000 0.000000 0 0.000000 0.000000 0 0.000000 0.000000 0 0.000000 0.000000 0
0 0.978953 0.368807 0.041906 0.271926 0.996875 0.260394 1 0.000000 0.000000 0 0.996875 0.251641 1 0.000000 0.000000 0 0.000000 0.000000 0 0.000000 0.000000 0 0.979688 0.295405 1 0.000000 0.000000 0 0.973437 0.350109 1 0.000000 0.000000 0 0.979688 0.409190 1 0.000000 0.000000 0 0.000000 0.000000 0 0.000000 0.000000 0 0.000000 0.000000 0 0.000000 0.000000 0 0.000000 0.000000 0
0 0.901844 0.441729 0.083375 0.488403 0.887500 0.245077 1 0.892188 0.236324 1 0.000000 0.000000 0 0.000000 0.000000 0 0.000000 0.000000 0 0.921875 0.301969 1 0.853125 0.297593 1 0.934375 0.378556 1 0.000000 0.000000 0 0.926562 0.442013 1 0.000000 0.000000 0 0.900000 0.452954 1 0.856250 0.452954 1 0.898438 0.549234 1 0.857812 0.549234 1 0.893750 0.658643 1 0.856250 0.649891 1
0 0.704875 0.289792 0.026250 0.087374 0.000000 0.000000 0 0.000000 0.000000 0 0.000000 0.000000 0 0.000000 0.000000 0 0.000000 0.000000 0 0.000000 0.000000 0 0.000000 0.000000 0 0.000000 0.000000 0 0.000000 0.000000 0 0.000000 0.000000 0 0.000000 0.000000 0 0.000000 0.000000 0 0.000000 0.000000 0 0.000000 0.000000 0 0.000000 0.000000 0 0.000000 0.000000 0 0.000000 0.000000 0
0 0.869984 0.332670 0.065656 0.244551 0.857812 0.266958 1 0.860938 0.260394 1 0.853125 0.260394 1 0.875000 0.262582 1 0.000000 0.000000 0 0.890625 0.330416 1 0.000000 0.000000 0 0.000000 0.000000 0 0.000000 0.000000 0 0.000000 0.000000 0 0.000000 0.000000 0 0.000000 0.000000 0 0.000000 0.000000 0 0.000000 0.000000 0 0.000000 0.000000 0 0.000000 0.000000 0 0.000000 0.000000 0
0 0.952797 0.383348 0.081750 0.357856 0.950000 0.238512 1 0.954688 0.234136 1 0.946875 0.234136 1 0.967187 0.240700 1 0.000000 0.000000 0 0.981250 0.284464 1 0.923438 0.277899 1 0.987500 0.339168 1 0.912500 0.332604 1 0.000000 0.000000 0 0.000000 0.000000 0 0.957812 0.393873 1 0.926562 0.389497 1 0.951562 0.468271 1 0.921875 0.457330 1 0.948438 0.538293 1 0.918750 0.531729 1