0 0.645305 0.597531 0.282300 0.657719 0.633803 0.440625 1 0.000000 0.000000 0 0.000000 0.000000 0 0.669014 0.475000 1 0.000000 0.000000 0 0.652582 0.556250 1 0.654930 0.420312 1 0.619718 0.612500 1 0.643192 0.359375 1 0.565728 0.604688 1 0.711268 0.292187 1 0.669014 0.635938 1 0.734742 0.609375 1 0.671362 0.740625 1 0.732394 0.710938 1 0.687793 0.878125 1 0.741784 0.843750 1
0 0.128322 0.365523 0.212089 0.279359 0.072770 0.282813 1 0.077465 0.275000 1 0.061033 0.281250 1 0.098592 0.270313 1 0.000000 0.000000 0 0.131455 0.301563 1 0.051643 0.303125 1 0.204225 0.293750 1 0.000000 0.000000 0 0.164319 0.318750 1 0.042254 0.245312 1 0.126761 0.384375 1 0.075117 0.382812 1 0.190141 0.403125 1 0.070423 0.403125 1 0.164319 0.487500 1 0.072770 0.484375 1
0 0.534871 0.406469 0.158991 0.165844 0.544601 0.368750 1 0.556338 0.362500 1 0.539906 0.362500 1 0.000000 0.000000 0 0.518779 0.354687 1 0.577465 0.396875 1 0.490610 0.395313 1 0.600939 0.453125 1 0.471831 0.440625 1 0.575117 0.429688 1 0.530516 0.431250 1 0.579812 0.495312 1 0.516432 0.500000 1 0.000000 0.000000 0 0.000000 0.000000 0 0.000000 0.000000 0 0.000000 0.000000 0
0 0.267664 0.393031 0.143498 0.188438 0.272300 0.339062 1 0.279343 0.334375 1 0.265258 0.332813 1 0.300469 0.331250 1 0.000000 0.000000 0 0.319249 0.357812 1 0.230047 0.365625 1 0.000000 0.000000 0 0.199531 0.425000 1 0.000000 0.000000 0 0.223005 0.423438 1 0.302817 0.473438 1 0.230047 0.479687 1 0.000000 0.000000 0 0.000000 0.000000 0 0.000000 0.000000 0 0.000000 0.000000 0
0 0.375164 0.407633 0.178075 0.141672 0.000000 0.000000 0 0.000000 0.000000 0 0.000000 0.000000 0 0.000000 0.000000 0 0.000000 0.000000 0 0.429577 0.403125 1 0.321596 0.400000 1 0.448357 0.429688 1 0.307512 0.440625 1 0.406103 0.381250 1 0.347418 0.401562 1 0.413146 0.490625 1 0.352113 0.492188 1 0.000000 0.000000 0 0.000000 0.000000 0 0.000000 0.000000 0 0.000000 0.000000 0
0 0.740528 0.382789 0.127113 0.139516 0.000000 0.000000 0 0.000000 0.000000 0 0.000000 0.000000 0 0.000000 0.000000 0 0.000000 0.000000 0 0.744131 0.356250 1 0.657277 0.354687 1 0.772300 0.412500 1 0.633803 0.398438 1 0.730047 0.460938 1 0.000000 0.000000 0 0.000000 0.000000 0 0.000000 0.000000 0 0.000000 0.000000 0 0.000000 0.000000 0 0.000000 0.000000 0 0.000000 0.000000 0
0 0.833345 0.398039 0.134343 0.146984 0.823944 0.356250 1 0.840376 0.353125 1 0.821596 0.350000 1 0.861502 0.357812 1 0.000000 0.000000 0 0.887324 0.396875 1 0.793427 0.390625 1 0.880282 0.446875 1 0.788732 0.440625 1 0.840376 0.443750 1 0.769953 0.479687 1 0.852113 0.495312 1 0.791080 0.490625 1 0.000000 0.000000 0 0.000000 0.000000 0 0.000000 0.000000 0 0.000000 0.000000 0
0 0.930845 0.400047 0.138310 0.124656 0.941315 0.367188 1 0.950704 0.362500 1 0.931925 0.360938 1 0.971831 0.368750 1 0.920188 0.365625 1 0.981221 0.396875 1 0.903756 0.398438 1 0.000000 0.000000 0 0.877934 0.443750 1 0.955399 0.437500 1 0.000000 0.000000 0 0.960094 0.471875 1 0.917840 0.471875 1 0.000000 0.000000 0 0.000000 0.000000 0 0.000000 0.000000 0 0.000000 0.000000 0
0 0.439847 0.413289 0.088474 0.151172 0.420188 0.365625 1 0.429577 0.360938 1 0.413146 0.360938 1 0.443662 0.364063 1 0.000000 0.000000 0 0.469484 0.392188 1 0.000000 0.000000 0 0.469484 0.450000 1 0.000000 0.000000 0 0.436620 0.476562 1 0.000000 0.000000 0 0.000000 0.000000 0 0.000000 0.000000 0 0.000000 0.000000 0 0.000000 0.000000 0 0.000000 0.000000 0 0.000000 0.000000 0
0 0.051526 0.436680 0.103052 0.137797 0.021127 0.409375 1 0.030516 0.401562 1 0.007042 0.401562 1 0.049296 0.404687 1 0.000000 0.000000 0 0.068075 0.446875 1 0.000000 0.000000 0 0.086854 0.507812 1 0.000000 0.000000 0 0.000000 0.000000 0 0.000000 0.000000 0 0.000000 0.000000 0 0.000000 0.000000 0 0.000000 0.000000 0 0.000000 0.000000 0 0.000000 0.000000 0 0.000000 0.000000 0
0 0.354214 0.325031 0.078991 0.059063 0.000000 0.000000 0 0.000000 0.000000 0 0.000000 0.000000 0 0.000000 0.000000 0 0.000000 0.000000 0 0.000000 0.000000 0 0.000000 0.000000 0 0.000000 0.000000 0 0.000000 0.000000 0 0.000000 0.000000 0 0.000000 0.000000 0 0.000000 0.000000 0 0.000000 0.000000 0 0.000000 0.000000 0 0.000000 0.000000 0 0.000000 0.000000 0 0.000000 0.000000 0
0 0.018169 0.315078 0.036338 0.115781 0.000000 0.000000 0 0.000000 0.000000 0 0.000000 0.000000 0 0.000000 0.000000 0 0.000000 0.000000 0 0.000000 0.000000 0 0.000000 0.000000 0 0.000000 0.000000 0 0.000000 0.000000 0 0.000000 0.000000 0 0.000000 0.000000 0 0.000000 0.000000 0 0.000000 0.000000 0 0.000000 0.000000 0 0.000000 0.000000 0 0.000000 0.000000 0 0.000000 0.000000 0
0 0.598545 0.366180 0.053427 0.073047 0.000000 0.000000 0 0.000000 0.000000 0 0.000000 0.000000 0 0.000000 0.000000 0 0.000000 0.000000 0 0.000000 0.000000 0 0.000000 0.000000 0 0.000000 0.000000 0 0.000000 0.000000 0 0.000000 0.000000 0 0.000000 0.000000 0 0.000000 0.000000 0 0.000000 0.000000 0 0.000000 0.000000 0 0.000000 0.000000 0 0.000000 0.000000 0 0.000000 0.000000 0