0 0.537883 0.253709 0.109672 0.247465 0.520312 0.169014 1 0.523438 0.159624 1 0.514062 0.159624 1 0.534375 0.164319 1 0.504687 0.169014 1 0.553125 0.208920 1 0.496875 0.220657 1 0.571875 0.255869 1 0.487500 0.274648 1 0.584375 0.305164 1 0.487500 0.328638 1 0.551562 0.349765 1 0.512500 0.352113 1 0.000000 0.000000 0 0.000000 0.000000 0 0.000000 0.000000 0 0.000000 0.000000 0
0 0.272359 0.669495 0.145000 0.333404 0.251563 0.553991 1 0.257812 0.542254 1 0.239063 0.544601 1 0.000000 0.000000 0 0.223438 0.556338 1 0.279687 0.598592 1 0.214062 0.624413 1 0.307812 0.661972 1 0.229687 0.713615 1 0.296875 0.701878 1 0.257812 0.706573 1 0.282813 0.732394 1 0.239063 0.737089 1 0.325000 0.739437 1 0.276562 0.744131 1 0.331250 0.823944 1 0.296875 0.830986 1
0 0.430039 0.403322 0.070453 0.309554 0.428125 0.272300 1 0.432812 0.267606 1 0.423438 0.267606 1 0.440625 0.279343 1 0.000000 0.000000 0 0.450000 0.316901 1 0.409375 0.316901 1 0.459375 0.363850 1 0.403125 0.361502 1 0.460938 0.399061 1 0.398438 0.415493 1 0.446875 0.401408 1 0.418750 0.403756 1 0.448437 0.457746 1 0.412500 0.455399 1 0.453125 0.523474 1 0.409375 0.521127 1
0 0.683320 0.355962 0.061391 0.273615 0.679688 0.248826 1 0.684375 0.244131 1 0.675000 0.244131 1 0.692187 0.246479 1 0.668750 0.248826 1 0.698438 0.281690 1 0.667188 0.286385 1 0.707812 0.333333 1 0.664062 0.338028 1 0.712500 0.370892 1 0.660937 0.382629 1 0.698438 0.370892 1 0.675000 0.373239 1 0.696875 0.431925 1 0.678125 0.431925 1 0.700000 0.490610 1 0.681250 0.488263 1
0 0.819430 0.233134 0.068047 0.119272 0.818750 0.204225 1 0.821875 0.199531 1 0.812500 0.199531 1 0.826562 0.201878 1 0.807813 0.204225 1 0.834375 0.230047 1 0.795312 0.232394 1 0.000000 0.000000 0 0.000000 0.000000 0 0.000000 0.000000 0 0.000000 0.000000 0 0.000000 0.000000 0 0.000000 0.000000 0 0.000000 0.000000 0 0.000000 0.000000 0 0.000000 0.000000 0 0.000000 0.000000 0
0 0.611250 0.339085 0.050500 0.244460 0.609375 0.246479 1 0.614062 0.241784 1 0.603125 0.241784 1 0.618750 0.241784 1 0.598437 0.241784 1 0.626563 0.279343 1 0.595313 0.274648 1 0.000000 0.000000 0 0.000000 0.000000 0 0.000000 0.000000 0 0.000000 0.000000 0 0.620313 0.359155 1 0.595313 0.359155 1 0.000000 0.000000 0 0.596875 0.424883 1 0.000000 0.000000 0 0.000000 0.000000 0
0 0.263687 0.350587 0.042625 0.258732 0.268750 0.246479 1 0.273438 0.241784 1 0.264062 0.239437 1 0.000000 0.000000 0 0.000000 0.000000 0 0.285938 0.286385 1 0.253125 0.279343 1 0.000000 0.000000 0 0.248438 0.314554 1 0.000000 0.000000 0 0.246875 0.342723 1 0.275000 0.366197 1 0.254688 0.366197 1 0.000000 0.000000 0 0.260937 0.422535 1 0.000000 0.000000 0 0.000000 0.000000 0
0 0.762750 0.228286 0.047406 0.106291 0.000000 0.000000 0 0.000000 0.000000 0 0.000000 0.000000 0 0.000000 0.000000 0 0.000000 0.000000 0 0.000000 0.000000 0 0.000000 0.000000 0 0.000000 0.000000 0 0.000000 0.000000 0 0.000000 0.000000 0 0.000000 0.000000 0 0.000000 0.000000 0 0.000000 0.000000 0 0.000000 0.000000 0 0.000000 0.000000 0 0.000000 0.000000 0 0.000000 0.000000 0
0 0.285156 0.353873 0.045281 0.239859 0.289062 0.272300 1 0.292187 0.265258 1 0.284375 0.265258 1 0.296875 0.260563 1 0.279687 0.260563 1 0.304688 0.288732 1 0.275000 0.291080 1 0.000000 0.000000 0 0.270313 0.335681 1 0.000000 0.000000 0 0.265625 0.380282 1 0.296875 0.370892 1 0.278125 0.373239 1 0.293750 0.441315 1 0.282813 0.446009 1 0.000000 0.000000 0 0.000000 0.000000 0
0 0.745188 0.346596 0.092156 0.247606 0.729688 0.246479 1 0.732812 0.244131 1 0.723437 0.244131 1 0.737500 0.241784 1 0.717187 0.244131 1 0.751563 0.281690 1 0.709375 0.286385 1 0.757812 0.326291 1 0.000000 0.000000 0 0.768750 0.366197 1 0.000000 0.000000 0 0.745313 0.354460 1 0.720313 0.359155 1 0.751563 0.424883 1 0.726562 0.422535 1 0.759375 0.471831 1 0.734375 0.485915 1
0 0.318328 0.396890 0.067000 0.311291 0.315625 0.276995 1 0.320312 0.269953 1 0.314063 0.269953 1 0.329688 0.272300 1 0.307812 0.272300 1 0.339062 0.319249 1 0.300000 0.319249 1 0.342187 0.359155 1 0.296875 0.361502 1 0.329688 0.408451 1 0.289062 0.401408 1 0.328125 0.401408 1 0.304688 0.401408 1 0.328125 0.464789 1 0.301563 0.460094 1 0.326562 0.528169 1 0.298438 0.525822 1
0 0.639195 0.390728 0.049297 0.172300 0.632812 0.342723 1 0.635938 0.335681 1 0.628125 0.335681 1 0.643750 0.338028 1 0.623437 0.342723 1 0.650000 0.363850 1 0.617188 0.366197 1 0.000000 0.000000 0 0.000000 0.000000 0 0.000000 0.000000 0 0.000000 0.000000 0 0.645312 0.422535 1 0.625000 0.422535 1 0.643750 0.476526 1 0.625000 0.474178 1 0.000000 0.000000 0 0.000000 0.000000 0