0 0.339805 0.230855 0.082297 0.454965 0.326562 0.018476 1 0.332813 0.016166 1 0.320312 0.009238 1 0.000000 0.000000 0 0.300000 0.020785 1 0.000000 0.000000 0 0.303125 0.055427 1 0.000000 0.000000 0 0.328125 0.138568 1 0.000000 0.000000 0 0.371875 0.163972 1 0.339062 0.242494 1 0.320312 0.228637 1 0.335938 0.353349 1 0.320312 0.348730 1 0.312500 0.473441 1 0.300000 0.473441 1
0 0.463930 0.352702 0.026859 0.159723 0.000000 0.000000 0 0.000000 0.000000 0 0.000000 0.000000 0 0.000000 0.000000 0 0.000000 0.000000 0 0.000000 0.000000 0 0.000000 0.000000 0 0.000000 0.000000 0 0.000000 0.000000 0 0.000000 0.000000 0 0.000000 0.000000 0 0.000000 0.000000 0 0.000000 0.000000 0 0.000000 0.000000 0 0.000000 0.000000 0 0.000000 0.000000 0 0.000000 0.000000 0
0 0.491008 0.351259 0.039797 0.170462 0.000000 0.000000 0 0.000000 0.000000 0 0.000000 0.000000 0 0.485938 0.279446 1 0.495312 0.277136 1 0.481250 0.304850 1 0.500000 0.302540 1 0.476562 0.337182 1 0.506250 0.332564 1 0.000000 0.000000 0 0.000000 0.000000 0 0.481250 0.346420 1 0.496875 0.351039 1 0.485938 0.390300 1 0.498437 0.387991 1 0.490625 0.420323 1 0.493750 0.415704 1
0 0.449820 0.361732 0.023578 0.143926 0.000000 0.000000 0 0.000000 0.000000 0 0.000000 0.000000 0 0.000000 0.000000 0 0.000000 0.000000 0 0.000000 0.000000 0 0.000000 0.000000 0 0.000000 0.000000 0 0.000000 0.000000 0 0.000000 0.000000 0 0.000000 0.000000 0 0.000000 0.000000 0 0.000000 0.000000 0 0.000000 0.000000 0 0.000000 0.000000 0 0.000000 0.000000 0 0.000000 0.000000 0
0 0.573180 0.265173 0.127703 0.521339 0.554688 0.046189 1 0.559375 0.036952 1 0.545312 0.036952 1 0.567187 0.041570 1 0.535937 0.043880 1 0.584375 0.110855 1 0.529687 0.108545 1 0.593750 0.198614 1 0.523438 0.173210 1 0.596875 0.254042 1 0.557813 0.117783 1 0.581250 0.254042 1 0.542188 0.247113 1 0.587500 0.353349 1 0.537500 0.353349 1 0.596875 0.471132 1 0.531250 0.473441 1
0 0.423586 0.341963 0.043328 0.197598 0.421875 0.263279 1 0.423438 0.258661 1 0.418750 0.258661 1 0.428125 0.258661 1 0.415625 0.260970 1 0.435937 0.284065 1 0.410938 0.288684 1 0.440625 0.309469 1 0.406250 0.309469 1 0.442188 0.332564 1 0.403125 0.337182 1 0.431250 0.330254 1 0.415625 0.330254 1 0.434375 0.374134 1 0.418750 0.376443 1 0.434375 0.418014 1 0.421875 0.429561 1
0 0.883344 0.315346 0.095625 0.331432 0.900000 0.177829 1 0.000000 0.000000 0 0.898438 0.170901 1 0.000000 0.000000 0 0.884375 0.173210 1 0.889062 0.214781 1 0.873437 0.214781 1 0.909375 0.235566 1 0.903125 0.251732 1 0.923438 0.247113 1 0.920312 0.251732 1 0.901563 0.327945 1 0.887500 0.325635 1 0.903125 0.390300 1 0.878125 0.387991 1 0.901563 0.457275 1 0.860938 0.445727 1
0 0.848687 0.372263 0.032375 0.119908 0.000000 0.000000 0 0.000000 0.000000 0 0.000000 0.000000 0 0.000000 0.000000 0 0.000000 0.000000 0 0.000000 0.000000 0 0.000000 0.000000 0 0.000000 0.000000 0 0.000000 0.000000 0 0.000000 0.000000 0 0.000000 0.000000 0 0.000000 0.000000 0 0.000000 0.000000 0 0.000000 0.000000 0 0.000000 0.000000 0 0.000000 0.000000 0 0.000000 0.000000 0
0 0.629359 0.355450 0.038531 0.166328 0.000000 0.000000 0 0.000000 0.000000 0 0.000000 0.000000 0 0.000000 0.000000 0 0.000000 0.000000 0 0.000000 0.000000 0 0.000000 0.000000 0 0.000000 0.000000 0 0.000000 0.000000 0 0.000000 0.000000 0 0.000000 0.000000 0 0.000000 0.000000 0 0.000000 0.000000 0 0.000000 0.000000 0 0.000000 0.000000 0 0.000000 0.000000 0 0.000000 0.000000 0
0 0.723117 0.291986 0.035828 0.201155 0.000000 0.000000 0 0.000000 0.000000 0 0.000000 0.000000 0 0.725000 0.214781 1 0.000000 0.000000 0 0.721875 0.247113 1 0.000000 0.000000 0 0.714063 0.281755 1 0.000000 0.000000 0 0.729688 0.330254 1 0.000000 0.000000 0 0.725000 0.332564 1 0.000000 0.000000 0 0.000000 0.000000 0 0.000000 0.000000 0 0.000000 0.000000 0 0.000000 0.000000 0
0 0.957766 0.364261 0.014438 0.141871 0.000000 0.000000 0 0.000000 0.000000 0 0.000000 0.000000 0 0.000000 0.000000 0 0.000000 0.000000 0 0.000000 0.000000 0 0.000000 0.000000 0 0.000000 0.000000 0 0.000000 0.000000 0 0.000000 0.000000 0 0.000000 0.000000 0 0.000000 0.000000 0 0.000000 0.000000 0 0.000000 0.000000 0 0.000000 0.000000 0 0.000000 0.000000 0 0.000000 0.000000 0
0 0.827117 0.381062 0.023984 0.105219 0.000000 0.000000 0 0.000000 0.000000 0 0.000000 0.000000 0 0.000000 0.000000 0 0.000000 0.000000 0 0.000000 0.000000 0 0.000000 0.000000 0 0.000000 0.000000 0 0.000000 0.000000 0 0.000000 0.000000 0 0.000000 0.000000 0 0.000000 0.000000 0 0.000000 0.000000 0 0.000000 0.000000 0 0.000000 0.000000 0 0.000000 0.000000 0 0.000000 0.000000 0