0 0.634445 0.218097 0.063891 0.147139 0.657813 0.177778 1 0.000000 0.000000 0 0.657813 0.166667 1 0.000000 0.000000 0 0.651563 0.161111 1 0.637500 0.177778 1 0.645312 0.177778 1 0.000000 0.000000 0 0.640625 0.219444 1 0.000000 0.000000 0 0.645312 0.247222 1 0.607812 0.208333 1 0.615625 0.208333 1 0.628125 0.244444 1 0.637500 0.241667 1 0.615625 0.272222 1 0.628125 0.272222 1
0 0.861852 0.223667 0.100141 0.222056 0.000000 0.000000 0 0.000000 0.000000 0 0.000000 0.000000 0 0.000000 0.000000 0 0.000000 0.000000 0 0.876563 0.119444 1 0.907813 0.116667 1 0.843750 0.122222 1 0.906250 0.122222 1 0.821875 0.133333 1 0.903125 0.136111 1 0.859375 0.166667 1 0.878125 0.172222 1 0.875000 0.258333 1 0.893750 0.244444 1 0.862500 0.313889 1 0.884375 0.305556 1
0 0.769234 0.749431 0.104531 0.165306 0.726562 0.708333 1 0.725000 0.700000 1 0.000000 0.000000 0 0.725000 0.688889 1 0.000000 0.000000 0 0.746875 0.686111 1 0.750000 0.697222 1 0.743750 0.738889 1 0.751563 0.744444 1 0.723437 0.769444 1 0.737500 0.775000 1 0.779687 0.727778 1 0.768750 0.730556 1 0.773438 0.788889 1 0.753125 0.755556 1 0.810937 0.808333 1 0.770312 0.811111 1
0 0.949234 0.762319 0.101531 0.180250 0.915625 0.736111 1 0.914062 0.730556 1 0.000000 0.000000 0 0.917188 0.719444 1 0.000000 0.000000 0 0.931250 0.702778 1 0.926562 0.741667 1 0.943750 0.694444 1 0.932813 0.777778 1 0.956250 0.694444 1 0.928125 0.813889 1 0.975000 0.733333 1 0.957812 0.750000 1 0.968750 0.788889 1 0.934375 0.758333 1 0.990625 0.816667 1 0.950000 0.822222 1
0 0.361914 0.244347 0.059297 0.141306 0.000000 0.000000 0 0.000000 0.000000 0 0.000000 0.000000 0 0.000000 0.000000 0 0.000000 0.000000 0 0.000000 0.000000 0 0.000000 0.000000 0 0.000000 0.000000 0 0.000000 0.000000 0 0.000000 0.000000 0 0.000000 0.000000 0 0.000000 0.000000 0 0.000000 0.000000 0 0.000000 0.000000 0 0.000000 0.000000 0 0.000000 0.000000 0 0.000000 0.000000 0
0 0.084648 0.699014 0.092672 0.312694 0.000000 0.000000 0 0.000000 0.000000 0 0.000000 0.000000 0 0.000000 0.000000 0 0.000000 0.000000 0 0.051562 0.658333 1 0.075000 0.663889 1 0.046875 0.605556 1 0.095312 0.650000 1 0.046875 0.572222 1 0.117188 0.636111 1 0.050000 0.697222 1 0.073438 0.694444 1 0.054688 0.755556 1 0.087500 0.713889 1 0.043750 0.822222 1 0.085938 0.755556 1
0 0.133086 0.790986 0.048422 0.108417 0.000000 0.000000 0 0.000000 0.000000 0 0.000000 0.000000 0 0.000000 0.000000 0 0.000000 0.000000 0 0.000000 0.000000 0 0.000000 0.000000 0 0.000000 0.000000 0 0.000000 0.000000 0 0.000000 0.000000 0 0.000000 0.000000 0 0.000000 0.000000 0 0.000000 0.000000 0 0.000000 0.000000 0 0.000000 0.000000 0 0.000000 0.000000 0 0.000000 0.000000 0
0 0.027555 0.223028 0.055109 0.190056 0.048438 0.163889 1 0.000000 0.000000 0 0.045312 0.155556 1 0.000000 0.000000 0 0.040625 0.152778 1 0.035937 0.172222 1 0.029687 0.172222 1 0.031250 0.197222 1 0.025000 0.208333 1 0.000000 0.000000 0 0.032813 0.241667 1 0.014063 0.208333 1 0.004687 0.213889 1 0.031250 0.255556 1 0.026562 0.255556 1 0.025000 0.294444 1 0.015625 0.300000 1
0 0.592305 0.774556 0.102172 0.228611 0.554688 0.700000 1 0.550000 0.697222 1 0.000000 0.000000 0 0.548438 0.680556 1 0.000000 0.000000 0 0.556250 0.672222 1 0.579688 0.683333 1 0.571875 0.683333 1 0.603125 0.683333 1 0.571875 0.741667 1 0.620313 0.716667 1 0.595313 0.758333 1 0.585938 0.758333 1 0.596875 0.825000 1 0.579688 0.808333 1 0.631250 0.858333 1 0.590625 0.858333 1
0 0.152766 0.204847 0.011375 0.064306 0.000000 0.000000 0 0.000000 0.000000 0 0.000000 0.000000 0 0.000000 0.000000 0 0.000000 0.000000 0 0.000000 0.000000 0 0.000000 0.000000 0 0.000000 0.000000 0 0.000000 0.000000 0 0.000000 0.000000 0 0.000000 0.000000 0 0.000000 0.000000 0 0.000000 0.000000 0 0.000000 0.000000 0 0.000000 0.000000 0 0.000000 0.000000 0 0.000000 0.000000 0
0 0.597750 0.206444 0.007562 0.029722 0.000000 0.000000 0 0.000000 0.000000 0 0.000000 0.000000 0 0.000000 0.000000 0 0.000000 0.000000 0 0.000000 0.000000 0 0.000000 0.000000 0 0.000000 0.000000 0 0.000000 0.000000 0 0.000000 0.000000 0 0.000000 0.000000 0 0.000000 0.000000 0 0.000000 0.000000 0 0.000000 0.000000 0 0.000000 0.000000 0 0.000000 0.000000 0 0.000000 0.000000 0
0 0.351148 0.656361 0.081484 0.224500 0.000000 0.000000 0 0.000000 0.000000 0 0.000000 0.000000 0 0.000000 0.000000 0 0.000000 0.000000 0 0.318750 0.644444 1 0.348438 0.641667 1 0.314063 0.608333 1 0.370312 0.655556 1 0.320312 0.577778 1 0.382812 0.680556 1 0.343750 0.655556 1 0.364063 0.655556 1 0.326562 0.688889 1 0.353125 0.691667 1 0.343750 0.725000 1 0.368750 0.741667 1
0 0.668703 0.202042 0.011344 0.054639 0.000000 0.000000 0 0.000000 0.000000 0 0.000000 0.000000 0 0.000000 0.000000 0 0.000000 0.000000 0 0.000000 0.000000 0 0.000000 0.000000 0 0.000000 0.000000 0 0.000000 0.000000 0 0.000000 0.000000 0 0.000000 0.000000 0 0.000000 0.000000 0 0.000000 0.000000 0 0.000000 0.000000 0 0.000000 0.000000 0 0.000000 0.000000 0 0.000000 0.000000 0