0 0.037984 0.191235 0.075969 0.162612 0.035937 0.157647 1 0.043750 0.150588 1 0.029687 0.148235 1 0.051562 0.157647 1 0.000000 0.000000 0 0.065625 0.204706 1 0.010937 0.202353 1 0.068750 0.270588 1 0.000000 0.256471 1 0.000000 0.000000 0 0.000000 0.000000 0 0.000000 0.000000 0 0.000000 0.000000 0 0.000000 0.000000 0 0.000000 0.000000 0 0.000000 0.000000 0 0.000000 0.000000 0
0 0.201875 0.262706 0.084000 0.129694 0.200000 0.244706 1 0.207813 0.237647 1 0.193750 0.237647 1 0.000000 0.000000 0 0.000000 0.000000 0 0.232813 0.296471 1 0.175000 0.289412 1 0.000000 0.000000 0 0.000000 0.000000 0 0.000000 0.000000 0 0.000000 0.000000 0 0.000000 0.000000 0 0.000000 0.000000 0 0.000000 0.000000 0 0.000000 0.000000 0 0.000000 0.000000 0 0.000000 0.000000 0
0 0.280078 0.270176 0.070031 0.130565 0.275000 0.240000 1 0.282813 0.230588 1 0.267188 0.232941 1 0.289062 0.244706 1 0.264062 0.244706 1 0.300000 0.282353 1 0.257812 0.287059 1 0.304688 0.336471 1 0.250000 0.336471 1 0.000000 0.000000 0 0.000000 0.000000 0 0.000000 0.000000 0 0.000000 0.000000 0 0.000000 0.000000 0 0.000000 0.000000 0 0.000000 0.000000 0 0.000000 0.000000 0
0 0.456578 0.206847 0.092406 0.244329 0.454688 0.120000 1 0.460938 0.115294 1 0.450000 0.115294 1 0.000000 0.000000 0 0.000000 0.000000 0 0.482812 0.155294 1 0.434375 0.152941 1 0.492188 0.214118 1 0.425000 0.211765 1 0.468750 0.240000 1 0.451562 0.240000 1 0.478125 0.237647 1 0.437500 0.235294 1 0.481250 0.277647 1 0.428125 0.282353 1 0.482812 0.360000 1 0.432812 0.357647 1
0 0.695430 0.495235 0.348891 0.902000 0.703125 0.141176 1 0.718750 0.129412 1 0.707812 0.122353 1 0.759375 0.141176 1 0.000000 0.000000 0 0.821875 0.230588 1 0.700000 0.225882 1 0.804688 0.383529 1 0.693750 0.378824 1 0.765625 0.484706 1 0.717187 0.461176 1 0.828125 0.418824 1 0.746875 0.411765 1 0.768750 0.748235 1 0.651563 0.656471 1 0.717187 0.877647 1 0.576562 0.790588 1
0 0.145953 0.089776 0.089250 0.175271 0.129688 0.051765 1 0.135937 0.042353 1 0.126562 0.042353 1 0.146875 0.042353 1 0.121875 0.040000 1 0.000000 0.000000 0 0.000000 0.000000 0 0.000000 0.000000 0 0.000000 0.000000 0 0.000000 0.000000 0 0.000000 0.000000 0 0.000000 0.000000 0 0.000000 0.000000 0 0.000000 0.000000 0 0.000000 0.000000 0 0.000000 0.000000 0 0.000000 0.000000 0
0 0.305578 0.069165 0.085281 0.134235 0.290625 0.037647 1 0.295312 0.030588 1 0.284375 0.030588 1 0.304688 0.035294 1 0.276562 0.035294 1 0.315625 0.075294 1 0.267188 0.070588 1 0.317188 0.120000 1 0.264062 0.115294 1 0.000000 0.000000 0 0.000000 0.000000 0 0.000000 0.000000 0 0.000000 0.000000 0 0.000000 0.000000 0 0.000000 0.000000 0 0.000000 0.000000 0 0.000000 0.000000 0
0 0.458250 0.077376 0.071094 0.141388 0.459375 0.051765 1 0.465625 0.042353 1 0.454688 0.042353 1 0.473438 0.051765 1 0.448437 0.049412 1 0.485938 0.096471 1 0.431250 0.091765 1 0.484375 0.152941 1 0.431250 0.157647 1 0.000000 0.000000 0 0.000000 0.000000 0 0.000000 0.000000 0 0.000000 0.000000 0 0.000000 0.000000 0 0.000000 0.000000 0 0.000000 0.000000 0 0.000000 0.000000 0
0 0.609586 0.056071 0.062547 0.110776 0.000000 0.000000 0 0.000000 0.000000 0 0.000000 0.000000 0 0.000000 0.000000 0 0.000000 0.000000 0 0.000000 0.000000 0 0.000000 0.000000 0 0.000000 0.000000 0 0.000000 0.000000 0 0.000000 0.000000 0 0.000000 0.000000 0 0.000000 0.000000 0 0.000000 0.000000 0 0.000000 0.000000 0 0.000000 0.000000 0 0.000000 0.000000 0 0.000000 0.000000 0
0 0.540617 0.163247 0.076609 0.154965 0.537500 0.127059 1 0.543750 0.117647 1 0.531250 0.117647 1 0.553125 0.122353 1 0.525000 0.120000 1 0.562500 0.162353 1 0.517188 0.160000 1 0.567187 0.211765 1 0.512500 0.216471 1 0.000000 0.000000 0 0.000000 0.000000 0 0.000000 0.000000 0 0.000000 0.000000 0 0.000000 0.000000 0 0.000000 0.000000 0 0.000000 0.000000 0 0.000000 0.000000 0
0 0.379156 0.159871 0.075531 0.146706 0.375000 0.124706 1 0.381250 0.117647 1 0.368750 0.117647 1 0.389062 0.124706 1 0.367188 0.127059 1 0.406250 0.171765 1 0.351562 0.167059 1 0.406250 0.237647 1 0.351562 0.235294 1 0.000000 0.000000 0 0.000000 0.000000 0 0.393750 0.249412 1 0.364063 0.247059 1 0.000000 0.000000 0 0.000000 0.000000 0 0.000000 0.000000 0 0.000000 0.000000 0
0 0.373383 0.266918 0.093234 0.136847 0.371875 0.237647 1 0.376563 0.232941 1 0.367188 0.232941 1 0.000000 0.000000 0 0.000000 0.000000 0 0.398438 0.277647 1 0.348438 0.270588 1 0.406250 0.341176 1 0.335938 0.327059 1 0.000000 0.000000 0 0.000000 0.000000 0 0.000000 0.000000 0 0.000000 0.000000 0 0.000000 0.000000 0 0.000000 0.000000 0 0.000000 0.000000 0 0.000000 0.000000 0
0 0.296391 0.136988 0.089250 0.146212 0.287500 0.103529 1 0.292187 0.094118 1 0.282813 0.094118 1 0.306250 0.096471 1 0.000000 0.000000 0 0.328125 0.152941 1 0.264062 0.155294 1 0.331250 0.223529 1 0.262500 0.223529 1 0.000000 0.000000 0 0.000000 0.000000 0 0.000000 0.000000 0 0.000000 0.000000 0 0.000000 0.000000 0 0.000000 0.000000 0 0.000000 0.000000 0 0.000000 0.000000 0