0 0.345805 0.529965 0.494859 0.853944 0.000000 0.000000 0 0.000000 0.000000 0 0.000000 0.000000 0 0.000000 0.000000 0 0.000000 0.000000 0 0.385937 0.241299 1 0.521875 0.308585 1 0.301563 0.352668 1 0.579688 0.410673 1 0.206250 0.387471 1 0.534375 0.322506 1 0.390625 0.549884 1 0.392188 0.524362 1 0.279687 0.763341 1 0.501563 0.631090 1 0.126562 0.870070 1 0.401562 0.839907 1
0 0.736242 0.217981 0.140734 0.435963 0.734375 0.025522 1 0.737500 0.018561 1 0.729688 0.020882 1 0.000000 0.000000 0 0.714063 0.020882 1 0.756250 0.069606 1 0.690625 0.085847 1 0.775000 0.129930 1 0.682813 0.160093 1 0.778125 0.190255 1 0.690625 0.215777 1 0.757812 0.192575 1 0.712500 0.199536 1 0.770312 0.294664 1 0.720313 0.306265 1 0.782813 0.389791 1 0.728125 0.401392 1
0 0.406641 0.169907 0.046500 0.105197 0.000000 0.000000 0 0.000000 0.000000 0 0.000000 0.000000 0 0.000000 0.000000 0 0.000000 0.000000 0 0.000000 0.000000 0 0.000000 0.000000 0 0.000000 0.000000 0 0.000000 0.000000 0 0.000000 0.000000 0 0.000000 0.000000 0 0.000000 0.000000 0 0.000000 0.000000 0 0.000000 0.000000 0 0.000000 0.000000 0 0.000000 0.000000 0 0.000000 0.000000 0
0 0.371156 0.167761 0.082719 0.144942 0.000000 0.000000 0 0.000000 0.000000 0 0.000000 0.000000 0 0.382812 0.125290 1 0.367188 0.122970 1 0.387500 0.150812 1 0.357812 0.143852 1 0.392188 0.187935 1 0.362500 0.190255 1 0.385937 0.201856 1 0.384375 0.211137 1 0.371875 0.201856 1 0.348438 0.197216 1 0.392188 0.213457 1 0.367188 0.213457 1 0.392188 0.269142 1 0.367188 0.269142 1
0 0.274969 0.199977 0.088687 0.193318 0.271875 0.134571 1 0.271875 0.127610 1 0.268750 0.127610 1 0.000000 0.000000 0 0.264062 0.129930 1 0.275000 0.155452 1 0.248438 0.153132 1 0.000000 0.000000 0 0.237500 0.192575 1 0.000000 0.000000 0 0.259375 0.199536 1 0.279687 0.211137 1 0.259375 0.211137 1 0.309375 0.220418 1 0.278125 0.220418 1 0.309375 0.283063 1 0.293750 0.285383 1
0 0.223773 0.205255 0.082141 0.195522 0.000000 0.000000 0 0.000000 0.000000 0 0.000000 0.000000 0 0.000000 0.000000 0 0.209375 0.132251 1 0.204687 0.155452 1 0.196875 0.155452 1 0.212500 0.178654 1 0.198437 0.194896 1 0.221875 0.194896 1 0.217188 0.206497 1 0.210938 0.218097 1 0.200000 0.218097 1 0.257812 0.225058 1 0.239063 0.229698 1 0.237500 0.287703 1 0.221875 0.285383 1
0 0.547656 0.114200 0.031469 0.178654 0.000000 0.000000 0 0.000000 0.000000 0 0.000000 0.000000 0 0.000000 0.000000 0 0.000000 0.000000 0 0.000000 0.000000 0 0.000000 0.000000 0 0.000000 0.000000 0 0.000000 0.000000 0 0.000000 0.000000 0 0.000000 0.000000 0 0.000000 0.000000 0 0.000000 0.000000 0 0.000000 0.000000 0 0.000000 0.000000 0 0.000000 0.000000 0 0.000000 0.000000 0
0 0.041016 0.069733 0.082031 0.139466 0.000000 0.000000 0 0.000000 0.000000 0 0.000000 0.000000 0 0.000000 0.000000 0 0.000000 0.000000 0 0.000000 0.000000 0 0.000000 0.000000 0 0.000000 0.000000 0 0.000000 0.000000 0 0.000000 0.000000 0 0.000000 0.000000 0 0.000000 0.000000 0 0.000000 0.000000 0 0.000000 0.000000 0 0.000000 0.000000 0 0.000000 0.000000 0 0.000000 0.000000 0
0 0.049242 0.036125 0.038672 0.056009 0.000000 0.000000 0 0.000000 0.000000 0 0.000000 0.000000 0 0.000000 0.000000 0 0.000000 0.000000 0 0.000000 0.000000 0 0.000000 0.000000 0 0.000000 0.000000 0 0.000000 0.000000 0 0.000000 0.000000 0 0.000000 0.000000 0 0.000000 0.000000 0 0.000000 0.000000 0 0.000000 0.000000 0 0.000000 0.000000 0 0.000000 0.000000 0 0.000000 0.000000 0
0 0.468070 0.086183 0.042703 0.042529 0.000000 0.000000 0 0.000000 0.000000 0 0.000000 0.000000 0 0.000000 0.000000 0 0.000000 0.000000 0 0.000000 0.000000 0 0.000000 0.000000 0 0.000000 0.000000 0 0.000000 0.000000 0 0.000000 0.000000 0 0.000000 0.000000 0 0.000000 0.000000 0 0.000000 0.000000 0 0.000000 0.000000 0 0.000000 0.000000 0 0.000000 0.000000 0 0.000000 0.000000 0
0 0.318820 0.195336 0.074078 0.189884 0.293750 0.127610 1 0.296875 0.120650 1 0.290625 0.122970 1 0.301563 0.122970 1 0.000000 0.000000 0 0.306250 0.150812 1 0.282813 0.150812 1 0.312500 0.192575 1 0.000000 0.000000 0 0.328125 0.194896 1 0.000000 0.000000 0 0.000000 0.000000 0 0.000000 0.000000 0 0.342187 0.213457 1 0.321875 0.215777 1 0.348438 0.273782 1 0.320312 0.273782 1
0 0.584531 0.126531 0.042969 0.172413 0.000000 0.000000 0 0.000000 0.000000 0 0.000000 0.000000 0 0.000000 0.000000 0 0.000000 0.000000 0 0.592187 0.071926 1 0.575000 0.071926 1 0.595313 0.090487 1 0.576562 0.090487 1 0.000000 0.000000 0 0.000000 0.000000 0 0.590625 0.122970 1 0.579688 0.125290 1 0.000000 0.000000 0 0.000000 0.000000 0 0.000000 0.000000 0 0.000000 0.000000 0