0 0.580250 0.474747 0.226420 0.481547 0.000000 0.000000 0 0.000000 0.000000 0 0.000000 0.000000 0 0.506000 0.274667 1 0.000000 0.000000 0 0.540000 0.314667 1 0.546000 0.282667 1 0.556000 0.424000 1 0.000000 0.000000 0 0.536000 0.498667 1 0.000000 0.000000 0 0.628000 0.392000 1 0.642000 0.365333 1 0.594000 0.544000 1 0.000000 0.000000 0 0.604000 0.682667 1 0.000000 0.000000 0
0 0.822750 0.244320 0.089220 0.161333 0.822000 0.197333 1 0.826000 0.194667 1 0.820000 0.194667 1 0.832000 0.192000 1 0.812000 0.194667 1 0.846000 0.221333 1 0.798000 0.218667 1 0.858000 0.248000 1 0.788000 0.256000 1 0.844000 0.245333 1 0.808000 0.234667 1 0.840000 0.314667 1 0.802000 0.314667 1 0.000000 0.000000 0 0.000000 0.000000 0 0.000000 0.000000 0 0.000000 0.000000 0
0 0.057200 0.221053 0.114400 0.317573 0.054000 0.117333 1 0.058000 0.106667 1 0.046000 0.106667 1 0.000000 0.000000 0 0.028000 0.106667 1 0.082000 0.170667 1 0.012000 0.173333 1 0.100000 0.221333 1 0.032000 0.237333 1 0.060000 0.216000 1 0.074000 0.237333 1 0.080000 0.306667 1 0.038000 0.309333 1 0.000000 0.000000 0 0.000000 0.000000 0 0.000000 0.000000 0 0.000000 0.000000 0
0 0.553520 0.204107 0.067240 0.126187 0.570000 0.176000 1 0.572000 0.170667 1 0.564000 0.168000 1 0.000000 0.000000 0 0.554000 0.170667 1 0.576000 0.205333 1 0.536000 0.202667 1 0.000000 0.000000 0 0.000000 0.000000 0 0.000000 0.000000 0 0.000000 0.000000 0 0.000000 0.000000 0 0.000000 0.000000 0 0.000000 0.000000 0 0.000000 0.000000 0 0.000000 0.000000 0 0.000000 0.000000 0
0 0.533440 0.185080 0.028640 0.061520 0.000000 0.000000 0 0.000000 0.000000 0 0.000000 0.000000 0 0.000000 0.000000 0 0.000000 0.000000 0 0.000000 0.000000 0 0.000000 0.000000 0 0.000000 0.000000 0 0.000000 0.000000 0 0.000000 0.000000 0 0.000000 0.000000 0 0.000000 0.000000 0 0.000000 0.000000 0 0.000000 0.000000 0 0.000000 0.000000 0 0.000000 0.000000 0 0.000000 0.000000 0
0 0.401120 0.273040 0.087640 0.249440 0.390000 0.176000 1 0.396000 0.170667 1 0.384000 0.170667 1 0.408000 0.173333 1 0.000000 0.000000 0 0.418000 0.208000 1 0.370000 0.205333 1 0.438000 0.261333 1 0.386000 0.240000 1 0.402000 0.242667 1 0.420000 0.232000 1 0.416000 0.325333 1 0.384000 0.325333 1 0.000000 0.000000 0 0.000000 0.000000 0 0.000000 0.000000 0 0.000000 0.000000 0
0 0.247770 0.256667 0.106820 0.288480 0.254000 0.157333 1 0.260000 0.152000 1 0.246000 0.152000 1 0.000000 0.000000 0 0.232000 0.152000 1 0.270000 0.192000 1 0.216000 0.194667 1 0.292000 0.240000 1 0.228000 0.250667 1 0.250000 0.237333 1 0.272000 0.245333 1 0.272000 0.328000 1 0.232000 0.328000 1 0.268000 0.413333 1 0.228000 0.416000 1 0.000000 0.000000 0 0.000000 0.000000 0
0 0.486620 0.239387 0.080840 0.205227 0.490000 0.176000 1 0.494000 0.170667 1 0.486000 0.170667 1 0.504000 0.170667 1 0.478000 0.168000 1 0.508000 0.208000 1 0.462000 0.205333 1 0.000000 0.000000 0 0.452000 0.266667 1 0.000000 0.000000 0 0.478000 0.261333 1 0.506000 0.314667 1 0.470000 0.314667 1 0.000000 0.000000 0 0.000000 0.000000 0 0.000000 0.000000 0 0.000000 0.000000 0
0 0.884890 0.227573 0.090460 0.178133 0.866000 0.176000 1 0.868000 0.168000 1 0.862000 0.168000 1 0.882000 0.168000 1 0.000000 0.000000 0 0.900000 0.197333 1 0.862000 0.189333 1 0.920000 0.232000 1 0.830000 0.216000 1 0.900000 0.245333 1 0.852000 0.194667 1 0.886000 0.296000 1 0.856000 0.290667 1 0.000000 0.000000 0 0.000000 0.000000 0 0.000000 0.000000 0 0.000000 0.000000 0
0 0.936770 0.226533 0.057180 0.146613 0.920000 0.194667 1 0.922000 0.189333 1 0.000000 0.000000 0 0.936000 0.181333 1 0.000000 0.000000 0 0.958000 0.210667 1 0.932000 0.210667 1 0.944000 0.237333 1 0.000000 0.000000 0 0.928000 0.221333 1 0.934000 0.248000 1 0.946000 0.293333 1 0.940000 0.293333 1 0.000000 0.000000 0 0.000000 0.000000 0 0.000000 0.000000 0 0.000000 0.000000 0
0 0.170710 0.243253 0.044020 0.172160 0.000000 0.000000 0 0.000000 0.000000 0 0.000000 0.000000 0 0.000000 0.000000 0 0.000000 0.000000 0 0.000000 0.000000 0 0.000000 0.000000 0 0.000000 0.000000 0 0.000000 0.000000 0 0.000000 0.000000 0 0.000000 0.000000 0 0.000000 0.000000 0 0.000000 0.000000 0 0.000000 0.000000 0 0.000000 0.000000 0 0.000000 0.000000 0 0.000000 0.000000 0
0 0.761810 0.241747 0.044500 0.158533 0.000000 0.000000 0 0.000000 0.000000 0 0.000000 0.000000 0 0.000000 0.000000 0 0.000000 0.000000 0 0.000000 0.000000 0 0.000000 0.000000 0 0.000000 0.000000 0 0.000000 0.000000 0 0.000000 0.000000 0 0.000000 0.000000 0 0.000000 0.000000 0 0.000000 0.000000 0 0.000000 0.000000 0 0.000000 0.000000 0 0.000000 0.000000 0 0.000000 0.000000 0
0 0.593930 0.227520 0.022700 0.069387 0.000000 0.000000 0 0.000000 0.000000 0 0.000000 0.000000 0 0.000000 0.000000 0 0.000000 0.000000 0 0.000000 0.000000 0 0.000000 0.000000 0 0.000000 0.000000 0 0.000000 0.000000 0 0.000000 0.000000 0 0.000000 0.000000 0 0.000000 0.000000 0 0.000000 0.000000 0 0.000000 0.000000 0 0.000000 0.000000 0 0.000000 0.000000 0 0.000000 0.000000 0