0 0.436273 0.495941 0.044234 0.296118 0.440625 0.376471 1 0.445312 0.369412 1 0.437500 0.369412 1 0.000000 0.000000 0 0.429688 0.376471 1 0.448437 0.404706 1 0.425000 0.407059 1 0.000000 0.000000 0 0.420312 0.428235 1 0.000000 0.000000 0 0.440625 0.400000 1 0.448437 0.487059 1 0.428125 0.487059 1 0.443750 0.564706 1 0.426563 0.545882 1 0.443750 0.607059 1 0.426563 0.616471 1
0 0.669297 0.625565 0.151063 0.748871 0.639062 0.343529 1 0.646875 0.331765 1 0.629687 0.331765 1 0.667188 0.329412 1 0.000000 0.000000 0 0.698438 0.404706 1 0.628125 0.421176 1 0.725000 0.527059 1 0.617188 0.548235 1 0.729688 0.654118 1 0.000000 0.000000 0 0.690625 0.635294 1 0.637500 0.632941 1 0.670312 0.804706 1 0.623437 0.795294 1 0.671875 0.974118 1 0.610938 0.974118 1
0 0.256727 0.459635 0.031891 0.188259 0.000000 0.000000 0 0.000000 0.000000 0 0.000000 0.000000 0 0.000000 0.000000 0 0.000000 0.000000 0 0.000000 0.000000 0 0.000000 0.000000 0 0.000000 0.000000 0 0.000000 0.000000 0 0.000000 0.000000 0 0.000000 0.000000 0 0.000000 0.000000 0 0.000000 0.000000 0 0.000000 0.000000 0 0.000000 0.000000 0 0.000000 0.000000 0 0.000000 0.000000 0
0 0.158297 0.387518 0.031750 0.111647 0.000000 0.000000 0 0.000000 0.000000 0 0.000000 0.000000 0 0.000000 0.000000 0 0.000000 0.000000 0 0.000000 0.000000 0 0.000000 0.000000 0 0.000000 0.000000 0 0.000000 0.000000 0 0.000000 0.000000 0 0.000000 0.000000 0 0.000000 0.000000 0 0.000000 0.000000 0 0.000000 0.000000 0 0.000000 0.000000 0 0.000000 0.000000 0 0.000000 0.000000 0
0 0.219367 0.464047 0.068641 0.200000 0.000000 0.000000 0 0.000000 0.000000 0 0.000000 0.000000 0 0.000000 0.000000 0 0.000000 0.000000 0 0.228125 0.402353 1 0.242188 0.404706 1 0.228125 0.432941 1 0.245312 0.428235 1 0.229687 0.458824 1 0.235937 0.430588 1 0.229687 0.451765 1 0.235937 0.451765 1 0.217188 0.494118 1 0.239063 0.487059 1 0.204687 0.538824 1 0.242188 0.538824 1
0 0.402562 0.419682 0.019906 0.085859 0.000000 0.000000 0 0.000000 0.000000 0 0.000000 0.000000 0 0.000000 0.000000 0 0.000000 0.000000 0 0.000000 0.000000 0 0.000000 0.000000 0 0.000000 0.000000 0 0.000000 0.000000 0 0.000000 0.000000 0 0.000000 0.000000 0 0.000000 0.000000 0 0.000000 0.000000 0 0.000000 0.000000 0 0.000000 0.000000 0 0.000000 0.000000 0 0.000000 0.000000 0
0 0.559594 0.473447 0.053656 0.228635 0.000000 0.000000 0 0.000000 0.000000 0 0.000000 0.000000 0 0.000000 0.000000 0 0.564063 0.381176 1 0.539062 0.404706 1 0.570312 0.407059 1 0.535937 0.440000 1 0.573438 0.437647 1 0.000000 0.000000 0 0.000000 0.000000 0 0.546875 0.463529 1 0.564063 0.465882 1 0.548438 0.517647 1 0.564063 0.517647 1 0.551562 0.574118 1 0.560937 0.574118 1
0 0.603586 0.415247 0.043766 0.160612 0.600000 0.360000 1 0.603125 0.355294 1 0.596875 0.355294 1 0.609375 0.355294 1 0.000000 0.000000 0 0.615625 0.383529 1 0.595313 0.383529 1 0.617188 0.432941 1 0.593750 0.428235 1 0.610938 0.470588 1 0.587500 0.468235 1 0.604688 0.468235 1 0.595313 0.468235 1 0.000000 0.000000 0 0.000000 0.000000 0 0.000000 0.000000 0 0.000000 0.000000 0
0 0.576063 0.424153 0.028375 0.153859 0.000000 0.000000 0 0.000000 0.000000 0 0.000000 0.000000 0 0.000000 0.000000 0 0.000000 0.000000 0 0.000000 0.000000 0 0.000000 0.000000 0 0.000000 0.000000 0 0.000000 0.000000 0 0.000000 0.000000 0 0.000000 0.000000 0 0.000000 0.000000 0 0.000000 0.000000 0 0.000000 0.000000 0 0.000000 0.000000 0 0.000000 0.000000 0 0.000000 0.000000 0
0 0.184281 0.371082 0.025906 0.083859 0.000000 0.000000 0 0.000000 0.000000 0 0.000000 0.000000 0 0.000000 0.000000 0 0.000000 0.000000 0 0.000000 0.000000 0 0.000000 0.000000 0 0.000000 0.000000 0 0.000000 0.000000 0 0.000000 0.000000 0 0.000000 0.000000 0 0.000000 0.000000 0 0.000000 0.000000 0 0.000000 0.000000 0 0.000000 0.000000 0 0.000000 0.000000 0 0.000000 0.000000 0
0 0.120695 0.411929 0.024203 0.051341 0.000000 0.000000 0 0.000000 0.000000 0 0.000000 0.000000 0 0.000000 0.000000 0 0.000000 0.000000 0 0.000000 0.000000 0 0.000000 0.000000 0 0.000000 0.000000 0 0.000000 0.000000 0 0.000000 0.000000 0 0.000000 0.000000 0 0.000000 0.000000 0 0.000000 0.000000 0 0.000000 0.000000 0 0.000000 0.000000 0 0.000000 0.000000 0 0.000000 0.000000 0
0 0.877219 0.491694 0.067563 0.304518 0.000000 0.000000 0 0.000000 0.000000 0 0.000000 0.000000 0 0.000000 0.000000 0 0.000000 0.000000 0 0.884375 0.404706 1 0.862500 0.397647 1 0.878125 0.390588 1 0.845313 0.395294 1 0.884375 0.360000 1 0.856250 0.369412 1 0.870313 0.480000 1 0.862500 0.484706 1 0.865625 0.557647 1 0.857812 0.562353 1 0.860938 0.630588 1 0.900000 0.600000 1
0 0.963797 0.533647 0.072406 0.325271 0.975000 0.418824 1 0.978125 0.411765 1 0.973437 0.414118 1 0.990625 0.407059 1 0.000000 0.000000 0 0.992188 0.440000 1 0.000000 0.000000 0 0.987500 0.465882 1 0.000000 0.000000 0 0.981250 0.505882 1 0.000000 0.000000 0 0.989062 0.527059 1 0.000000 0.000000 0 0.959375 0.602353 1 0.995313 0.618824 1 0.940625 0.670588 1 0.990625 0.684706 1