0 0.497753 0.550556 0.330343 0.391013 0.000000 0.000000 0 0.000000 0.000000 0 0.000000 0.000000 0 0.426471 0.442810 1 0.000000 0.000000 0 0.393791 0.560458 1 0.614379 0.545752 1 0.361111 0.769608 1 0.640523 0.732026 1 0.000000 0.000000 0 0.000000 0.000000 0 0.462418 0.908497 1 0.594771 0.872549 1 0.000000 0.000000 0 0.000000 0.000000 0 0.000000 0.000000 0 0.000000 0.000000 0
0 0.800074 0.506234 0.284297 0.365016 0.000000 0.000000 0 0.000000 0.000000 0 0.000000 0.000000 0 0.767974 0.421569 1 0.856209 0.416667 1 0.707516 0.529412 1 0.898693 0.504902 1 0.699346 0.687908 1 0.000000 0.000000 0 0.000000 0.000000 0 0.000000 0.000000 0 0.800654 0.841503 1 0.890523 0.834967 1 0.000000 0.000000 0 0.000000 0.000000 0 0.000000 0.000000 0 0.000000 0.000000 0
0 0.228946 0.170801 0.037042 0.043431 0.000000 0.000000 0 0.000000 0.000000 0 0.000000 0.000000 0 0.000000 0.000000 0 0.000000 0.000000 0 0.000000 0.000000 0 0.000000 0.000000 0 0.000000 0.000000 0 0.000000 0.000000 0 0.000000 0.000000 0 0.000000 0.000000 0 0.000000 0.000000 0 0.000000 0.000000 0 0.000000 0.000000 0 0.000000 0.000000 0 0.000000 0.000000 0 0.000000 0.000000 0
0 0.374191 0.139387 0.015343 0.038709 0.000000 0.000000 0 0.000000 0.000000 0 0.000000 0.000000 0 0.000000 0.000000 0 0.000000 0.000000 0 0.000000 0.000000 0 0.000000 0.000000 0 0.000000 0.000000 0 0.000000 0.000000 0 0.000000 0.000000 0 0.000000 0.000000 0 0.000000 0.000000 0 0.000000 0.000000 0 0.000000 0.000000 0 0.000000 0.000000 0 0.000000 0.000000 0 0.000000 0.000000 0
0 0.228391 0.270376 0.130866 0.239510 0.181373 0.176471 1 0.189542 0.169935 1 0.179739 0.169935 1 0.204248 0.171569 1 0.000000 0.000000 0 0.192810 0.187908 1 0.225490 0.186275 1 0.192810 0.227124 1 0.251634 0.218954 1 0.173203 0.261438 1 0.264706 0.258170 1 0.222222 0.256536 1 0.248366 0.254902 1 0.200980 0.316993 1 0.233660 0.318627 1 0.233660 0.372549 1 0.271242 0.369281 1
0 0.501830 0.256422 0.137582 0.250425 0.475490 0.160131 1 0.482026 0.153595 1 0.000000 0.000000 0 0.504902 0.155229 1 0.000000 0.000000 0 0.514706 0.186275 1 0.483660 0.191176 1 0.547386 0.223856 1 0.485294 0.232026 1 0.516340 0.256536 1 0.459150 0.235294 1 0.522876 0.276144 1 0.491830 0.267974 1 0.496732 0.330065 1 0.490196 0.333333 1 0.563725 0.307190 1 0.522876 0.379085 1
0 0.893284 0.328064 0.147157 0.379592 0.825163 0.191176 1 0.831699 0.181373 1 0.000000 0.000000 0 0.856209 0.187908 1 0.000000 0.000000 0 0.869281 0.235294 1 0.901961 0.202614 1 0.895425 0.323529 1 0.942810 0.318627 1 0.921569 0.390523 1 0.962418 0.387255 1 0.890523 0.401961 1 0.918301 0.398693 1 0.869281 0.486928 1 0.915033 0.490196 1 0.875817 0.594771 1 0.928105 0.604575 1
0 0.129624 0.605425 0.195065 0.377778 0.000000 0.000000 0 0.000000 0.000000 0 0.000000 0.000000 0 0.000000 0.000000 0 0.000000 0.000000 0 0.000000 0.000000 0 0.174837 0.643791 1 0.000000 0.000000 0 0.000000 0.000000 0 0.000000 0.000000 0 0.000000 0.000000 0 0.000000 0.000000 0 0.000000 0.000000 0 0.000000 0.000000 0 0.000000 0.000000 0 0.000000 0.000000 0 0.000000 0.000000 0
0 0.095294 0.199649 0.085000 0.122892 0.065359 0.166667 1 0.000000 0.000000 0 0.000000 0.000000 0 0.073529 0.158497 1 0.000000 0.000000 0 0.076797 0.179739 1 0.101307 0.171569 1 0.000000 0.000000 0 0.000000 0.000000 0 0.000000 0.000000 0 0.000000 0.000000 0 0.098039 0.225490 1 0.107843 0.220588 1 0.093137 0.251634 1 0.104575 0.256536 1 0.132353 0.253268 1 0.117647 0.287582 1
0 0.590760 0.217230 0.037500 0.115441 0.000000 0.000000 0 0.000000 0.000000 0 0.000000 0.000000 0 0.000000 0.000000 0 0.000000 0.000000 0 0.596405 0.184641 1 0.581699 0.184641 1 0.606209 0.199346 1 0.583333 0.202614 1 0.604575 0.215686 1 0.578431 0.212418 1 0.594771 0.218954 1 0.584967 0.220588 1 0.594771 0.243464 1 0.589869 0.245098 1 0.602941 0.261438 1 0.596405 0.263072 1
0 0.935817 0.220907 0.028268 0.097075 0.000000 0.000000 0 0.000000 0.000000 0 0.000000 0.000000 0 0.000000 0.000000 0 0.000000 0.000000 0 0.000000 0.000000 0 0.000000 0.000000 0 0.000000 0.000000 0 0.000000 0.000000 0 0.000000 0.000000 0 0.000000 0.000000 0 0.000000 0.000000 0 0.000000 0.000000 0 0.000000 0.000000 0 0.000000 0.000000 0 0.000000 0.000000 0 0.000000 0.000000 0
0 0.565392 0.203292 0.028007 0.076781 0.000000 0.000000 0 0.000000 0.000000 0 0.000000 0.000000 0 0.000000 0.000000 0 0.000000 0.000000 0 0.000000 0.000000 0 0.000000 0.000000 0 0.000000 0.000000 0 0.000000 0.000000 0 0.000000 0.000000 0 0.000000 0.000000 0 0.000000 0.000000 0 0.000000 0.000000 0 0.000000 0.000000 0 0.000000 0.000000 0 0.000000 0.000000 0 0.000000 0.000000 0