0 0.624086 0.505201 0.202297 0.574653 0.596875 0.299776 1 0.598437 0.288591 1 0.000000 0.000000 0 0.625000 0.279642 1 0.000000 0.000000 0 0.675000 0.335570 1 0.589063 0.335570 1 0.704688 0.391499 1 0.585938 0.407159 1 0.714063 0.483221 1 0.620313 0.427293 1 0.642188 0.498881 1 0.609375 0.498881 1 0.592187 0.615213 1 0.581250 0.626398 1 0.575000 0.760626 1 0.631250 0.742729 1
0 0.428687 0.533043 0.110031 0.359374 0.431250 0.404922 1 0.435937 0.395973 1 0.425000 0.395973 1 0.000000 0.000000 0 0.412500 0.393736 1 0.448437 0.431767 1 0.404687 0.436242 1 0.470313 0.469799 1 0.390625 0.485459 1 0.464062 0.494407 1 0.384375 0.530201 1 0.453125 0.536913 1 0.420312 0.536913 1 0.467187 0.612975 1 0.423438 0.619687 1 0.471875 0.673378 1 0.426563 0.686801 1
0 0.466320 0.437953 0.046141 0.257025 0.459375 0.340045 1 0.464062 0.335570 1 0.456250 0.333333 1 0.470313 0.335570 1 0.000000 0.000000 0 0.471875 0.360179 1 0.446875 0.362416 1 0.478125 0.402685 1 0.000000 0.000000 0 0.475000 0.436242 1 0.000000 0.000000 0 0.459375 0.422819 1 0.446875 0.418345 1 0.000000 0.000000 0 0.000000 0.000000 0 0.000000 0.000000 0 0.000000 0.000000 0
0 0.287500 0.579642 0.165625 0.487696 0.282813 0.395973 1 0.000000 0.000000 0 0.279687 0.384787 1 0.000000 0.000000 0 0.259375 0.384787 1 0.251563 0.436242 1 0.243750 0.442953 1 0.251563 0.510067 1 0.212500 0.494407 1 0.290625 0.541387 1 0.262500 0.541387 1 0.257812 0.563758 1 0.246875 0.565996 1 0.285938 0.644295 1 0.307812 0.666667 1 0.226562 0.727069 1 0.326562 0.800895 1
0 0.076906 0.535951 0.128688 0.411230 0.084375 0.384787 1 0.085938 0.378076 1 0.076563 0.375839 1 0.000000 0.000000 0 0.057813 0.373602 1 0.076563 0.420582 1 0.046875 0.416107 1 0.068750 0.465324 1 0.035937 0.476510 1 0.103125 0.465324 1 0.075000 0.505593 1 0.078125 0.541387 1 0.050000 0.541387 1 0.093750 0.612975 1 0.043750 0.619687 1 0.112500 0.713647 1 0.031250 0.659955 1
0 0.036172 0.445403 0.072344 0.324228 0.085938 0.387025 1 0.089063 0.380313 1 0.079687 0.378076 1 0.000000 0.000000 0 0.056250 0.375839 1 0.075000 0.422819 1 0.039062 0.420582 1 0.079687 0.463087 1 0.035937 0.476510 1 0.101562 0.465324 1 0.075000 0.505593 1 0.079687 0.554810 1 0.048438 0.559284 1 0.095312 0.624161 1 0.042188 0.628635 1 0.109375 0.715884 1 0.031250 0.662192 1
0 0.937109 0.507864 0.125781 0.633714 0.932813 0.272931 1 0.937500 0.261745 1 0.925000 0.259508 1 0.967187 0.255034 1 0.000000 0.000000 0 0.990625 0.317673 1 0.920312 0.317673 1 0.000000 0.000000 0 0.901563 0.407159 1 0.995313 0.510067 1 0.893750 0.485459 1 0.971875 0.474273 1 0.932813 0.469799 1 0.950000 0.637584 1 0.935937 0.606264 1 0.904687 0.731544 1 0.934375 0.756152 1
0 0.076078 0.291040 0.012344 0.034251 0.000000 0.000000 0 0.000000 0.000000 0 0.000000 0.000000 0 0.000000 0.000000 0 0.000000 0.000000 0 0.000000 0.000000 0 0.000000 0.000000 0 0.000000 0.000000 0 0.000000 0.000000 0 0.000000 0.000000 0 0.000000 0.000000 0 0.000000 0.000000 0 0.000000 0.000000 0 0.000000 0.000000 0 0.000000 0.000000 0 0.000000 0.000000 0 0.000000 0.000000 0
0 0.384344 0.309452 0.033250 0.109866 0.000000 0.000000 0 0.000000 0.000000 0 0.000000 0.000000 0 0.000000 0.000000 0 0.000000 0.000000 0 0.000000 0.000000 0 0.000000 0.000000 0 0.000000 0.000000 0 0.000000 0.000000 0 0.000000 0.000000 0 0.000000 0.000000 0 0.000000 0.000000 0 0.000000 0.000000 0 0.000000 0.000000 0 0.000000 0.000000 0 0.000000 0.000000 0 0.000000 0.000000 0
0 0.417281 0.308826 0.024563 0.106823 0.000000 0.000000 0 0.000000 0.000000 0 0.000000 0.000000 0 0.000000 0.000000 0 0.000000 0.000000 0 0.000000 0.000000 0 0.000000 0.000000 0 0.000000 0.000000 0 0.000000 0.000000 0 0.000000 0.000000 0 0.000000 0.000000 0 0.000000 0.000000 0 0.000000 0.000000 0 0.000000 0.000000 0 0.000000 0.000000 0 0.000000 0.000000 0 0.000000 0.000000 0
0 0.762312 0.431174 0.079906 0.346823 0.759375 0.295302 1 0.765625 0.290828 1 0.756250 0.290828 1 0.775000 0.295302 1 0.000000 0.000000 0 0.784375 0.337808 1 0.740625 0.328859 1 0.793750 0.389262 1 0.734375 0.378076 1 0.789062 0.442953 1 0.731250 0.429530 1 0.771875 0.434004 1 0.745313 0.431767 1 0.770312 0.525727 1 0.739062 0.525727 1 0.768750 0.595078 1 0.732812 0.586130 1