0 0.395995 0.825602 0.091382 0.167672 0.405152 0.756250 1 0.412178 0.754687 1 0.400468 0.754687 1 0.416862 0.756250 1 0.393443 0.756250 1 0.430913 0.775000 1 0.388759 0.775000 1 0.437939 0.800000 1 0.000000 0.000000 0 0.402810 0.798438 1 0.000000 0.000000 0 0.419204 0.820312 1 0.391101 0.820312 1 0.419204 0.859375 1 0.377049 0.860938 1 0.414520 0.900000 1 0.370023 0.900000 1
0 0.730644 0.734711 0.024192 0.030859 0.000000 0.000000 0 0.000000 0.000000 0 0.000000 0.000000 0 0.000000 0.000000 0 0.000000 0.000000 0 0.000000 0.000000 0 0.000000 0.000000 0 0.000000 0.000000 0 0.000000 0.000000 0 0.000000 0.000000 0 0.000000 0.000000 0 0.000000 0.000000 0 0.000000 0.000000 0 0.000000 0.000000 0 0.000000 0.000000 0 0.000000 0.000000 0 0.000000 0.000000 0
0 0.477881 0.827469 0.044005 0.150625 0.000000 0.000000 0 0.000000 0.000000 0 0.000000 0.000000 0 0.000000 0.000000 0 0.475410 0.778125 1 0.461358 0.792188 1 0.475410 0.790625 1 0.000000 0.000000 0 0.491803 0.771875 1 0.000000 0.000000 0 0.491803 0.757812 1 0.463700 0.831250 1 0.480094 0.832812 1 0.470726 0.862500 1 0.484778 0.860938 1 0.466042 0.889062 1 0.482436 0.890625 1
0 0.378583 0.753695 0.045363 0.071516 0.000000 0.000000 0 0.000000 0.000000 0 0.000000 0.000000 0 0.000000 0.000000 0 0.000000 0.000000 0 0.000000 0.000000 0 0.000000 0.000000 0 0.000000 0.000000 0 0.000000 0.000000 0 0.000000 0.000000 0 0.000000 0.000000 0 0.000000 0.000000 0 0.000000 0.000000 0 0.000000 0.000000 0 0.000000 0.000000 0 0.000000 0.000000 0 0.000000 0.000000 0
0 0.551405 0.860508 0.111522 0.206734 0.000000 0.000000 0 0.000000 0.000000 0 0.000000 0.000000 0 0.552693 0.781250 1 0.000000 0.000000 0 0.540984 0.800000 1 0.583138 0.795312 1 0.529274 0.829688 1 0.599532 0.829688 1 0.508197 0.846875 1 0.000000 0.000000 0 0.540984 0.864062 1 0.580796 0.865625 1 0.531616 0.903125 1 0.583138 0.903125 1 0.531616 0.942187 1 0.583138 0.940625 1
0 0.519941 0.738672 0.010328 0.034969 0.000000 0.000000 0 0.000000 0.000000 0 0.000000 0.000000 0 0.000000 0.000000 0 0.000000 0.000000 0 0.000000 0.000000 0 0.000000 0.000000 0 0.000000 0.000000 0 0.000000 0.000000 0 0.000000 0.000000 0 0.000000 0.000000 0 0.000000 0.000000 0 0.000000 0.000000 0 0.000000 0.000000 0 0.000000 0.000000 0 0.000000 0.000000 0 0.000000 0.000000 0
0 0.691019 0.733852 0.040773 0.039797 0.000000 0.000000 0 0.000000 0.000000 0 0.000000 0.000000 0 0.000000 0.000000 0 0.000000 0.000000 0 0.000000 0.000000 0 0.000000 0.000000 0 0.000000 0.000000 0 0.000000 0.000000 0 0.000000 0.000000 0 0.000000 0.000000 0 0.000000 0.000000 0 0.000000 0.000000 0 0.000000 0.000000 0 0.000000 0.000000 0 0.000000 0.000000 0 0.000000 0.000000 0
0 0.693841 0.869664 0.101030 0.229203 0.721311 0.781250 1 0.000000 0.000000 0 0.714286 0.776563 1 0.000000 0.000000 0 0.693208 0.782813 1 0.716628 0.796875 1 0.674473 0.814063 1 0.730679 0.760938 1 0.672131 0.846875 1 0.740047 0.720313 1 0.735363 0.842187 1 0.730679 0.873437 1 0.700234 0.876563 1 0.733021 0.935937 1 0.686183 0.937500 1 0.721311 0.990625 1 0.648712 0.985938 1
0 0.880246 0.826617 0.127143 0.226203 0.000000 0.000000 0 0.000000 0.000000 0 0.000000 0.000000 0 0.000000 0.000000 0 0.859485 0.743750 1 0.845433 0.764062 1 0.847775 0.764062 1 0.866511 0.773438 1 0.873536 0.792188 1 0.896956 0.767188 1 0.918033 0.806250 1 0.861827 0.826562 1 0.857143 0.826562 1 0.880562 0.871875 1 0.850117 0.870313 1 0.892272 0.920312 1 0.840749 0.921875 1
0 0.251756 0.754680 0.045714 0.094859 0.000000 0.000000 0 0.000000 0.000000 0 0.000000 0.000000 0 0.000000 0.000000 0 0.000000 0.000000 0 0.000000 0.000000 0 0.000000 0.000000 0 0.000000 0.000000 0 0.000000 0.000000 0 0.000000 0.000000 0 0.000000 0.000000 0 0.000000 0.000000 0 0.000000 0.000000 0 0.000000 0.000000 0 0.000000 0.000000 0 0.000000 0.000000 0 0.000000 0.000000 0
0 0.288372 0.754758 0.029672 0.083703 0.000000 0.000000 0 0.000000 0.000000 0 0.000000 0.000000 0 0.000000 0.000000 0 0.000000 0.000000 0 0.000000 0.000000 0 0.000000 0.000000 0 0.000000 0.000000 0 0.000000 0.000000 0 0.000000 0.000000 0 0.000000 0.000000 0 0.000000 0.000000 0 0.000000 0.000000 0 0.000000 0.000000 0 0.000000 0.000000 0 0.000000 0.000000 0 0.000000 0.000000 0
0 0.789778 0.806766 0.072670 0.099219 0.000000 0.000000 0 0.000000 0.000000 0 0.000000 0.000000 0 0.000000 0.000000 0 0.000000 0.000000 0 0.805621 0.782813 1 0.765808 0.782813 1 0.819672 0.796875 1 0.758782 0.798438 1 0.000000 0.000000 0 0.768150 0.787500 1 0.803279 0.809375 1 0.775176 0.807813 1 0.807963 0.820312 1 0.786885 0.815625 1 0.810304 0.845313 1 0.807963 0.840625 1