0 0.478492 0.560471 0.499328 0.296424 0.565625 0.461176 1 0.567187 0.447059 1 0.554688 0.451765 1 0.000000 0.000000 0 0.528125 0.475294 1 0.575000 0.515294 1 0.517188 0.536471 1 0.640625 0.611765 1 0.573438 0.637647 1 0.693750 0.644706 1 0.635938 0.665882 1 0.453125 0.628235 1 0.425000 0.640000 1 0.360938 0.602353 1 0.326562 0.672941 1 0.309375 0.482353 1 0.256250 0.585882 1
0 0.532813 0.380659 0.038969 0.084565 0.000000 0.000000 0 0.000000 0.000000 0 0.000000 0.000000 0 0.000000 0.000000 0 0.000000 0.000000 0 0.000000 0.000000 0 0.000000 0.000000 0 0.000000 0.000000 0 0.000000 0.000000 0 0.000000 0.000000 0 0.000000 0.000000 0 0.000000 0.000000 0 0.000000 0.000000 0 0.000000 0.000000 0 0.000000 0.000000 0 0.000000 0.000000 0 0.000000 0.000000 0
0 0.187570 0.450847 0.102359 0.176518 0.226562 0.383529 1 0.231250 0.383529 1 0.225000 0.378824 1 0.000000 0.000000 0 0.217188 0.376471 1 0.215625 0.416471 1 0.201563 0.392941 1 0.000000 0.000000 0 0.176563 0.404706 1 0.000000 0.000000 0 0.171875 0.440000 1 0.184375 0.456471 1 0.162500 0.449412 1 0.000000 0.000000 0 0.156250 0.517647 1 0.000000 0.000000 0 0.000000 0.000000 0
0 0.339477 0.396388 0.051953 0.146565 0.337500 0.345882 1 0.340625 0.343529 1 0.334375 0.343529 1 0.345313 0.345882 1 0.329688 0.348235 1 0.356250 0.376471 1 0.320312 0.383529 1 0.356250 0.416471 1 0.318750 0.418824 1 0.357812 0.454118 1 0.315625 0.440000 1 0.342187 0.454118 1 0.326562 0.454118 1 0.000000 0.000000 0 0.000000 0.000000 0 0.000000 0.000000 0 0.000000 0.000000 0
0 0.583695 0.383118 0.062078 0.157765 0.579688 0.329412 1 0.584375 0.327059 1 0.576562 0.324706 1 0.589063 0.329412 1 0.571875 0.329412 1 0.598437 0.360000 1 0.559375 0.357647 1 0.607812 0.392941 1 0.553125 0.404706 1 0.598437 0.423529 1 0.000000 0.000000 0 0.584375 0.437647 1 0.570312 0.435294 1 0.000000 0.000000 0 0.000000 0.000000 0 0.000000 0.000000 0 0.000000 0.000000 0
0 0.662141 0.474859 0.052844 0.150094 0.000000 0.000000 0 0.000000 0.000000 0 0.000000 0.000000 0 0.000000 0.000000 0 0.000000 0.000000 0 0.000000 0.000000 0 0.000000 0.000000 0 0.000000 0.000000 0 0.000000 0.000000 0 0.000000 0.000000 0 0.000000 0.000000 0 0.000000 0.000000 0 0.000000 0.000000 0 0.000000 0.000000 0 0.000000 0.000000 0 0.000000 0.000000 0 0.000000 0.000000 0
0 0.642039 0.526118 0.049328 0.107435 0.000000 0.000000 0 0.000000 0.000000 0 0.000000 0.000000 0 0.000000 0.000000 0 0.000000 0.000000 0 0.000000 0.000000 0 0.000000 0.000000 0 0.000000 0.000000 0 0.000000 0.000000 0 0.000000 0.000000 0 0.000000 0.000000 0 0.000000 0.000000 0 0.000000 0.000000 0 0.000000 0.000000 0 0.000000 0.000000 0 0.000000 0.000000 0 0.000000 0.000000 0
0 0.743328 0.395906 0.072156 0.128282 0.735938 0.355294 1 0.737500 0.350588 1 0.734375 0.350588 1 0.743750 0.355294 1 0.728125 0.355294 1 0.746875 0.374118 1 0.718750 0.378824 1 0.765625 0.397647 1 0.714063 0.414118 1 0.773438 0.430588 1 0.717187 0.444706 1 0.746875 0.437647 1 0.723437 0.440000 1 0.000000 0.000000 0 0.000000 0.000000 0 0.000000 0.000000 0 0.000000 0.000000 0
0 0.869422 0.495482 0.069187 0.176424 0.881250 0.440000 1 0.882812 0.432941 1 0.876563 0.432941 1 0.885938 0.437647 1 0.873437 0.435294 1 0.893750 0.461176 1 0.857812 0.456471 1 0.000000 0.000000 0 0.845313 0.489412 1 0.000000 0.000000 0 0.862500 0.461176 1 0.879687 0.510588 1 0.862500 0.510588 1 0.895312 0.515294 1 0.840625 0.503529 1 0.889062 0.569412 1 0.848437 0.564706 1
0 0.024398 0.413847 0.045547 0.170235 0.015625 0.355294 1 0.018750 0.348235 1 0.012500 0.348235 1 0.026562 0.348235 1 0.000000 0.000000 0 0.040625 0.378824 1 0.004687 0.376471 1 0.034375 0.416471 1 0.003125 0.411765 1 0.025000 0.376471 1 0.007812 0.388235 1 0.029687 0.444706 1 0.007812 0.444706 1 0.000000 0.000000 0 0.000000 0.000000 0 0.000000 0.000000 0 0.000000 0.000000 0
0 0.038141 0.522647 0.076031 0.127365 0.037500 0.487059 1 0.040625 0.482353 1 0.034375 0.480000 1 0.046875 0.487059 1 0.029687 0.482353 1 0.050000 0.517647 1 0.015625 0.505882 1 0.039062 0.560000 1 0.015625 0.557647 1 0.025000 0.576471 1 0.035937 0.578824 1 0.035937 0.560000 1 0.018750 0.557647 1 0.070312 0.557647 1 0.003125 0.560000 1 0.018750 0.581176 1 0.042188 0.581176 1
0 0.309070 0.381188 0.033547 0.124824 0.000000 0.000000 0 0.000000 0.000000 0 0.000000 0.000000 0 0.000000 0.000000 0 0.000000 0.000000 0 0.000000 0.000000 0 0.000000 0.000000 0 0.000000 0.000000 0 0.000000 0.000000 0 0.000000 0.000000 0 0.000000 0.000000 0 0.000000 0.000000 0 0.000000 0.000000 0 0.000000 0.000000 0 0.000000 0.000000 0 0.000000 0.000000 0 0.000000 0.000000 0
0 0.142070 0.404071 0.044578 0.185741 0.134375 0.334118 1 0.139063 0.329412 1 0.131250 0.329412 1 0.000000 0.000000 0 0.000000 0.000000 0 0.143750 0.364706 1 0.000000 0.000000 0 0.160938 0.402353 1 0.000000 0.000000 0 0.156250 0.430588 1 0.000000 0.000000 0 0.135937 0.432941 1 0.125000 0.430588 1 0.145313 0.487059 1 0.126562 0.491765 1 0.162500 0.536471 1 0.128125 0.550588 1