0 0.520430 0.626713 0.055734 0.233706 0.503125 0.533800 1 0.506250 0.531469 1 0.000000 0.000000 0 0.514062 0.531469 1 0.000000 0.000000 0 0.518750 0.552448 1 0.523438 0.554779 1 0.506250 0.587413 1 0.000000 0.000000 0 0.496875 0.566434 1 0.000000 0.000000 0 0.512500 0.610723 1 0.517188 0.610723 1 0.506250 0.675991 1 0.515625 0.668998 1 0.539062 0.708625 1 0.510938 0.727273 1
0 0.452437 0.587179 0.050594 0.242145 0.440625 0.482517 1 0.442188 0.477855 1 0.000000 0.000000 0 0.451562 0.480186 1 0.000000 0.000000 0 0.453125 0.503497 1 0.443750 0.512821 1 0.450000 0.550117 1 0.434375 0.536131 1 0.443750 0.582751 1 0.435937 0.508159 1 0.450000 0.582751 1 0.439063 0.582751 1 0.437500 0.627040 1 0.446875 0.629371 1 0.465625 0.668998 1 0.451562 0.682984 1
0 0.629305 0.616469 0.069391 0.272937 0.603125 0.498834 1 0.606250 0.494172 1 0.000000 0.000000 0 0.615625 0.501166 1 0.000000 0.000000 0 0.618750 0.529138 1 0.628125 0.529138 1 0.618750 0.580420 1 0.000000 0.000000 0 0.607812 0.613054 1 0.000000 0.000000 0 0.615625 0.610723 1 0.628125 0.613054 1 0.604688 0.673660 1 0.626563 0.664336 1 0.606250 0.729604 1 0.651563 0.708625 1
0 0.131523 0.606935 0.067516 0.236853 0.139063 0.505828 1 0.139063 0.501166 1 0.134375 0.501166 1 0.000000 0.000000 0 0.126562 0.503497 1 0.131250 0.529138 1 0.117188 0.531469 1 0.000000 0.000000 0 0.120313 0.564103 1 0.000000 0.000000 0 0.135937 0.592075 1 0.126562 0.580420 1 0.118750 0.582751 1 0.139063 0.643357 1 0.114062 0.645688 1 0.156250 0.696970 1 0.104688 0.699301 1
0 0.655961 0.599744 0.060797 0.233986 0.682813 0.508159 1 0.000000 0.000000 0 0.679688 0.503497 1 0.000000 0.000000 0 0.673438 0.501166 1 0.668750 0.526807 1 0.657813 0.526807 1 0.000000 0.000000 0 0.646875 0.564103 1 0.000000 0.000000 0 0.640625 0.596737 1 0.668750 0.594406 1 0.656250 0.596737 1 0.000000 0.000000 0 0.664062 0.650350 1 0.000000 0.000000 0 0.637500 0.682984 1
0 0.649180 0.520408 0.022766 0.052005 0.000000 0.000000 0 0.000000 0.000000 0 0.000000 0.000000 0 0.000000 0.000000 0 0.000000 0.000000 0 0.000000 0.000000 0 0.000000 0.000000 0 0.000000 0.000000 0 0.000000 0.000000 0 0.000000 0.000000 0 0.000000 0.000000 0 0.000000 0.000000 0 0.000000 0.000000 0 0.000000 0.000000 0 0.000000 0.000000 0 0.000000 0.000000 0 0.000000 0.000000 0
0 0.980266 0.595396 0.039469 0.242681 0.971875 0.491841 1 0.976562 0.489510 1 0.000000 0.000000 0 0.982812 0.494172 1 0.000000 0.000000 0 0.985938 0.524476 1 0.000000 0.000000 0 0.987500 0.566434 1 0.000000 0.000000 0 0.985938 0.596737 1 0.000000 0.000000 0 0.981250 0.599068 1 0.979688 0.599068 1 0.968750 0.641026 1 0.987500 0.645688 1 0.985938 0.694639 1 0.993750 0.682984 1
0 0.382031 0.589895 0.061313 0.201702 0.362500 0.517483 1 0.362500 0.512821 1 0.000000 0.000000 0 0.368750 0.508159 1 0.000000 0.000000 0 0.375000 0.526807 1 0.382812 0.522145 1 0.379688 0.557110 1 0.000000 0.000000 0 0.360938 0.566434 1 0.000000 0.000000 0 0.373437 0.585082 1 0.384375 0.585082 1 0.360938 0.631702 1 0.389062 0.634033 1 0.356250 0.678322 1 0.404687 0.666667 1
0 0.337742 0.600909 0.045422 0.209837 0.000000 0.000000 0 0.000000 0.000000 0 0.000000 0.000000 0 0.000000 0.000000 0 0.000000 0.000000 0 0.000000 0.000000 0 0.000000 0.000000 0 0.000000 0.000000 0 0.000000 0.000000 0 0.000000 0.000000 0 0.000000 0.000000 0 0.000000 0.000000 0 0.000000 0.000000 0 0.000000 0.000000 0 0.000000 0.000000 0 0.000000 0.000000 0 0.000000 0.000000 0
0 0.015242 0.615513 0.030484 0.246503 0.021875 0.517483 1 0.000000 0.000000 0 0.018750 0.515152 1 0.000000 0.000000 0 0.006250 0.517483 1 0.015625 0.540793 1 0.003125 0.536131 1 0.000000 0.000000 0 0.001563 0.585082 1 0.000000 0.000000 0 0.010937 0.615385 1 0.017188 0.613054 1 0.004687 0.615385 1 0.023438 0.657343 1 0.003125 0.664336 1 0.004687 0.715618 1 0.000000 0.000000 0
0 0.769688 0.610746 0.051656 0.233753 0.792188 0.519814 1 0.000000 0.000000 0 0.793750 0.515152 1 0.000000 0.000000 0 0.784375 0.512821 1 0.781250 0.536131 1 0.770312 0.536131 1 0.782813 0.587413 1 0.768750 0.566434 1 0.787500 0.606061 1 0.778125 0.601399 1 0.781250 0.603730 1 0.768750 0.606061 1 0.782813 0.655012 1 0.778125 0.655012 1 0.781250 0.713287 1 0.753125 0.689977 1
0 0.854055 0.597622 0.077797 0.214359 0.835938 0.515152 1 0.839063 0.510490 1 0.835938 0.510490 1 0.848437 0.512821 1 0.000000 0.000000 0 0.848437 0.538462 1 0.000000 0.000000 0 0.842187 0.571096 1 0.000000 0.000000 0 0.826562 0.587413 1 0.000000 0.000000 0 0.857812 0.589744 1 0.851562 0.589744 1 0.843750 0.634033 1 0.865625 0.641026 1 0.837500 0.685315 1 0.884375 0.687646 1
0 0.962914 0.581002 0.033078 0.211795 0.000000 0.000000 0 0.000000 0.000000 0 0.000000 0.000000 0 0.000000 0.000000 0 0.000000 0.000000 0 0.000000 0.000000 0 0.000000 0.000000 0 0.000000 0.000000 0 0.000000 0.000000 0 0.000000 0.000000 0 0.000000 0.000000 0 0.000000 0.000000 0 0.000000 0.000000 0 0.000000 0.000000 0 0.000000 0.000000 0 0.000000 0.000000 0 0.000000 0.000000 0