0 0.742850 0.774200 0.332260 0.451600 0.758000 0.618667 1 0.000000 0.000000 0 0.752000 0.610667 1 0.000000 0.000000 0 0.726000 0.613333 1 0.644000 0.650667 1 0.734000 0.685333 1 0.588000 0.712000 1 0.762000 0.797333 1 0.596000 0.789333 1 0.852000 0.786667 1 0.628000 0.864000 1 0.692000 0.882667 1 0.000000 0.000000 0 0.000000 0.000000 0 0.000000 0.000000 0 0.000000 0.000000 0
0 0.883510 0.718293 0.132060 0.356053 0.872000 0.610667 1 0.882000 0.597333 1 0.864000 0.597333 1 0.898000 0.581333 1 0.848000 0.576000 1 0.912000 0.642667 1 0.834000 0.616000 1 0.930000 0.749333 1 0.000000 0.000000 0 0.874000 0.765333 1 0.000000 0.000000 0 0.890000 0.824000 1 0.842000 0.805333 1 0.894000 0.957333 1 0.836000 0.917333 1 0.000000 0.000000 0 0.000000 0.000000 0
0 0.179490 0.749067 0.156740 0.267413 0.168000 0.664000 1 0.174000 0.656000 1 0.170000 0.650667 1 0.196000 0.658667 1 0.000000 0.000000 0 0.218000 0.712000 1 0.172000 0.674667 1 0.240000 0.773333 1 0.158000 0.688000 1 0.190000 0.789333 1 0.124000 0.696000 1 0.220000 0.834667 1 0.192000 0.826667 1 0.000000 0.000000 0 0.000000 0.000000 0 0.000000 0.000000 0 0.000000 0.000000 0
0 0.129090 0.677467 0.089620 0.251733 0.000000 0.000000 0 0.094000 0.597333 1 0.000000 0.000000 0 0.112000 0.586667 1 0.000000 0.000000 0 0.134000 0.624000 1 0.000000 0.000000 0 0.118000 0.682667 1 0.000000 0.000000 0 0.102000 0.720000 1 0.000000 0.000000 0 0.148000 0.714667 1 0.000000 0.000000 0 0.154000 0.805333 1 0.000000 0.000000 0 0.000000 0.000000 0 0.000000 0.000000 0
0 0.325260 0.814147 0.173840 0.371707 0.272000 0.712000 1 0.272000 0.698667 1 0.000000 0.000000 0 0.290000 0.688000 1 0.000000 0.000000 0 0.324000 0.744000 1 0.312000 0.770667 1 0.380000 0.853333 1 0.310000 0.853333 1 0.388000 0.965333 1 0.264000 0.888000 1 0.374000 0.970667 1 0.344000 0.970667 1 0.000000 0.000000 0 0.000000 0.000000 0 0.000000 0.000000 0 0.000000 0.000000 0
0 0.623630 0.516053 0.046460 0.108427 0.000000 0.000000 0 0.000000 0.000000 0 0.000000 0.000000 0 0.000000 0.000000 0 0.000000 0.000000 0 0.000000 0.000000 0 0.000000 0.000000 0 0.000000 0.000000 0 0.000000 0.000000 0 0.000000 0.000000 0 0.000000 0.000000 0 0.000000 0.000000 0 0.000000 0.000000 0 0.000000 0.000000 0 0.000000 0.000000 0 0.000000 0.000000 0 0.000000 0.000000 0
0 0.529540 0.600013 0.084280 0.196827 0.518000 0.536000 1 0.522000 0.530667 1 0.512000 0.530667 1 0.000000 0.000000 0 0.500000 0.536000 1 0.536000 0.565333 1 0.492000 0.568000 1 0.550000 0.613333 1 0.486000 0.624000 1 0.000000 0.000000 0 0.500000 0.584000 1 0.530000 0.642667 1 0.500000 0.645333 1 0.000000 0.000000 0 0.000000 0.000000 0 0.000000 0.000000 0 0.000000 0.000000 0
0 0.600000 0.632107 0.152520 0.172213 0.596000 0.602667 1 0.596000 0.594667 1 0.000000 0.000000 0 0.616000 0.592000 1 0.000000 0.000000 0 0.654000 0.605333 1 0.600000 0.640000 1 0.678000 0.656000 1 0.580000 0.680000 1 0.000000 0.000000 0 0.546000 0.704000 1 0.000000 0.000000 0 0.000000 0.000000 0 0.000000 0.000000 0 0.000000 0.000000 0 0.000000 0.000000 0 0.000000 0.000000 0
0 0.479330 0.792333 0.118500 0.413787 0.000000 0.000000 0 0.000000 0.000000 0 0.000000 0.000000 0 0.000000 0.000000 0 0.516000 0.634667 1 0.464000 0.645333 1 0.504000 0.666667 1 0.436000 0.672000 1 0.516000 0.733333 1 0.000000 0.000000 0 0.534000 0.770667 1 0.424000 0.776000 1 0.454000 0.781333 1 0.448000 0.901333 1 0.466000 0.898667 1 0.000000 0.000000 0 0.000000 0.000000 0
0 0.270380 0.654360 0.058040 0.307547 0.286000 0.528000 1 0.000000 0.000000 0 0.280000 0.514667 1 0.000000 0.000000 0 0.264000 0.525333 1 0.252000 0.560000 1 0.262000 0.560000 1 0.000000 0.000000 0 0.278000 0.608000 1 0.000000 0.000000 0 0.296000 0.656000 1 0.260000 0.661333 1 0.274000 0.658667 1 0.262000 0.733333 1 0.272000 0.733333 1 0.262000 0.784000 1 0.272000 0.794667 1
0 0.479150 0.560227 0.047900 0.144453 0.000000 0.000000 0 0.000000 0.000000 0 0.000000 0.000000 0 0.000000 0.000000 0 0.000000 0.000000 0 0.000000 0.000000 0 0.000000 0.000000 0 0.000000 0.000000 0 0.000000 0.000000 0 0.000000 0.000000 0 0.000000 0.000000 0 0.000000 0.000000 0 0.000000 0.000000 0 0.000000 0.000000 0 0.000000 0.000000 0 0.000000 0.000000 0 0.000000 0.000000 0
0 0.677810 0.517147 0.040100 0.090453 0.000000 0.000000 0 0.000000 0.000000 0 0.000000 0.000000 0 0.000000 0.000000 0 0.000000 0.000000 0 0.000000 0.000000 0 0.000000 0.000000 0 0.000000 0.000000 0 0.000000 0.000000 0 0.000000 0.000000 0 0.000000 0.000000 0 0.000000 0.000000 0 0.000000 0.000000 0 0.000000 0.000000 0 0.000000 0.000000 0 0.000000 0.000000 0 0.000000 0.000000 0
0 0.360680 0.642387 0.072920 0.258907 0.380000 0.541333 1 0.378000 0.536000 1 0.372000 0.536000 1 0.000000 0.000000 0 0.354000 0.538667 1 0.368000 0.570667 1 0.344000 0.586667 1 0.000000 0.000000 0 0.360000 0.637333 1 0.000000 0.000000 0 0.382000 0.602667 1 0.366000 0.701333 1 0.364000 0.709333 1 0.000000 0.000000 0 0.000000 0.000000 0 0.000000 0.000000 0 0.000000 0.000000 0