0 0.534414 0.793271 0.064266 0.307477 0.000000 0.000000 0 0.000000 0.000000 0 0.000000 0.000000 0 0.534375 0.672897 1 0.000000 0.000000 0 0.531250 0.698598 1 0.553125 0.703271 1 0.515625 0.738318 1 0.000000 0.000000 0 0.509375 0.717290 1 0.000000 0.000000 0 0.532813 0.787383 1 0.554688 0.787383 1 0.531250 0.845794 1 0.545312 0.848131 1 0.534375 0.913551 1 0.553125 0.920561 1
0 0.344891 0.784626 0.057781 0.257430 0.339062 0.682243 1 0.340625 0.675234 1 0.000000 0.000000 0 0.348438 0.677570 1 0.000000 0.000000 0 0.346875 0.707944 1 0.360938 0.710280 1 0.339062 0.752336 1 0.000000 0.000000 0 0.321875 0.773364 1 0.000000 0.000000 0 0.350000 0.794393 1 0.362500 0.794393 1 0.350000 0.852804 1 0.360938 0.852804 1 0.353125 0.913551 1 0.364063 0.913551 1
0 0.210625 0.776881 0.074312 0.343949 0.200000 0.649533 1 0.200000 0.642523 1 0.000000 0.000000 0 0.214062 0.635514 1 0.000000 0.000000 0 0.214062 0.672897 1 0.237500 0.668224 1 0.207813 0.726636 1 0.000000 0.000000 0 0.184375 0.733645 1 0.000000 0.000000 0 0.217188 0.771028 1 0.235937 0.768692 1 0.215625 0.855140 1 0.234375 0.850467 1 0.220312 0.927570 1 0.237500 0.927570 1
0 0.394758 0.784988 0.052828 0.225724 0.000000 0.000000 0 0.000000 0.000000 0 0.000000 0.000000 0 0.390625 0.686916 1 0.000000 0.000000 0 0.382812 0.714953 1 0.410938 0.710280 1 0.382812 0.752336 1 0.000000 0.000000 0 0.378125 0.789720 1 0.000000 0.000000 0 0.392188 0.782710 1 0.406250 0.782710 1 0.378125 0.827103 1 0.404687 0.829439 1 0.375000 0.866822 1 0.400000 0.880841 1
0 0.775773 0.788143 0.040203 0.219136 0.767188 0.698598 1 0.768750 0.693925 1 0.000000 0.000000 0 0.775000 0.696262 1 0.000000 0.000000 0 0.773438 0.721963 1 0.787500 0.719626 1 0.770312 0.752336 1 0.000000 0.000000 0 0.756250 0.752336 1 0.000000 0.000000 0 0.773438 0.766355 1 0.784375 0.764019 1 0.768750 0.829439 1 0.782813 0.834112 1 0.765625 0.880841 1 0.785937 0.885514 1
0 0.673406 0.784182 0.040188 0.183879 0.000000 0.000000 0 0.000000 0.000000 0 0.000000 0.000000 0 0.676562 0.710280 1 0.689063 0.707944 1 0.676562 0.728972 1 0.689063 0.728972 1 0.660937 0.742991 1 0.665625 0.740654 1 0.659375 0.728972 1 0.653125 0.735981 1 0.671875 0.778037 1 0.682813 0.778037 1 0.671875 0.822430 1 0.678125 0.824766 1 0.673438 0.862150 1 0.682813 0.857477 1
0 0.929758 0.783633 0.025297 0.146612 0.000000 0.000000 0 0.000000 0.000000 0 0.000000 0.000000 0 0.000000 0.000000 0 0.000000 0.000000 0 0.000000 0.000000 0 0.000000 0.000000 0 0.000000 0.000000 0 0.000000 0.000000 0 0.000000 0.000000 0 0.000000 0.000000 0 0.000000 0.000000 0 0.000000 0.000000 0 0.000000 0.000000 0 0.000000 0.000000 0 0.000000 0.000000 0 0.000000 0.000000 0
0 0.015031 0.726963 0.021031 0.042710 0.000000 0.000000 0 0.000000 0.000000 0 0.000000 0.000000 0 0.000000 0.000000 0 0.000000 0.000000 0 0.000000 0.000000 0 0.000000 0.000000 0 0.000000 0.000000 0 0.000000 0.000000 0 0.000000 0.000000 0 0.000000 0.000000 0 0.000000 0.000000 0 0.000000 0.000000 0 0.000000 0.000000 0 0.000000 0.000000 0 0.000000 0.000000 0 0.000000 0.000000 0
0 0.845891 0.772033 0.040500 0.186402 0.834375 0.698598 1 0.835938 0.693925 1 0.832812 0.693925 1 0.843750 0.693925 1 0.000000 0.000000 0 0.846875 0.712617 1 0.837500 0.714953 1 0.843750 0.738318 1 0.000000 0.000000 0 0.000000 0.000000 0 0.000000 0.000000 0 0.850000 0.768692 1 0.842187 0.768692 1 0.851562 0.813084 1 0.843750 0.813084 1 0.853125 0.850467 1 0.843750 0.850467 1
0 0.716781 0.780362 0.052469 0.196098 0.000000 0.000000 0 0.000000 0.000000 0 0.000000 0.000000 0 0.721875 0.698598 1 0.000000 0.000000 0 0.726562 0.717290 1 0.720313 0.724299 1 0.717187 0.747664 1 0.714063 0.742991 1 0.707812 0.771028 1 0.700000 0.761682 1 0.731250 0.775701 1 0.723437 0.778037 1 0.732812 0.815421 1 0.728125 0.815421 1 0.734375 0.857477 1 0.731250 0.852804 1
0 0.866102 0.710689 0.009734 0.018107 0.000000 0.000000 0 0.000000 0.000000 0 0.000000 0.000000 0 0.000000 0.000000 0 0.000000 0.000000 0 0.000000 0.000000 0 0.000000 0.000000 0 0.000000 0.000000 0 0.000000 0.000000 0 0.000000 0.000000 0 0.000000 0.000000 0 0.000000 0.000000 0 0.000000 0.000000 0 0.000000 0.000000 0 0.000000 0.000000 0 0.000000 0.000000 0 0.000000 0.000000 0
0 0.909211 0.723633 0.022484 0.030210 0.000000 0.000000 0 0.000000 0.000000 0 0.000000 0.000000 0 0.000000 0.000000 0 0.000000 0.000000 0 0.000000 0.000000 0 0.000000 0.000000 0 0.000000 0.000000 0 0.000000 0.000000 0 0.000000 0.000000 0 0.000000 0.000000 0 0.000000 0.000000 0 0.000000 0.000000 0 0.000000 0.000000 0 0.000000 0.000000 0 0.000000 0.000000 0 0.000000 0.000000 0
0 0.298336 0.756682 0.026109 0.129439 0.000000 0.000000 0 0.000000 0.000000 0 0.000000 0.000000 0 0.000000 0.000000 0 0.000000 0.000000 0 0.000000 0.000000 0 0.000000 0.000000 0 0.000000 0.000000 0 0.000000 0.000000 0 0.000000 0.000000 0 0.000000 0.000000 0 0.000000 0.000000 0 0.000000 0.000000 0 0.000000 0.000000 0 0.000000 0.000000 0 0.000000 0.000000 0 0.000000 0.000000 0