0 0.374500 0.541960 0.078160 0.274587 0.372000 0.426667 1 0.376000 0.418667 1 0.370000 0.421333 1 0.000000 0.000000 0 0.000000 0.000000 0 0.396000 0.458667 1 0.356000 0.456000 1 0.404000 0.485333 1 0.344000 0.501333 1 0.406000 0.512000 1 0.344000 0.528000 1 0.386000 0.530667 1 0.364000 0.536000 1 0.382000 0.589333 1 0.356000 0.594667 1 0.374000 0.650667 1 0.370000 0.576000 1
0 0.692080 0.710453 0.075560 0.329440 0.000000 0.000000 0 0.000000 0.000000 0 0.000000 0.000000 0 0.694000 0.562667 1 0.712000 0.578667 1 0.670000 0.600000 1 0.704000 0.602667 1 0.656000 0.645333 1 0.716000 0.669333 1 0.660000 0.682667 1 0.720000 0.712000 1 0.672000 0.690667 1 0.698000 0.693333 1 0.680000 0.757333 1 0.700000 0.773333 1 0.668000 0.816000 1 0.698000 0.856000 1
0 0.477200 0.673427 0.153720 0.231973 0.000000 0.000000 0 0.000000 0.000000 0 0.000000 0.000000 0 0.472000 0.584000 1 0.488000 0.581333 1 0.458000 0.605333 1 0.500000 0.605333 1 0.440000 0.653333 1 0.528000 0.605333 1 0.000000 0.000000 0 0.536000 0.629333 1 0.460000 0.672000 1 0.492000 0.672000 1 0.432000 0.706667 1 0.512000 0.704000 1 0.412000 0.762667 1 0.524000 0.762667 1
0 0.278720 0.427920 0.087840 0.256747 0.282000 0.333333 1 0.000000 0.000000 0 0.278000 0.328000 1 0.000000 0.000000 0 0.274000 0.330667 1 0.298000 0.357333 1 0.260000 0.360000 1 0.310000 0.381333 1 0.248000 0.389333 1 0.314000 0.408000 1 0.246000 0.421333 1 0.292000 0.416000 1 0.276000 0.416000 1 0.298000 0.461333 1 0.270000 0.474667 1 0.296000 0.509333 1 0.276000 0.520000 1
0 0.445720 0.332040 0.057440 0.224720 0.452000 0.240000 1 0.452000 0.234667 1 0.446000 0.237333 1 0.000000 0.000000 0 0.000000 0.000000 0 0.466000 0.261333 1 0.436000 0.261333 1 0.466000 0.293333 1 0.428000 0.290667 1 0.452000 0.301333 1 0.436000 0.282667 1 0.458000 0.312000 1 0.442000 0.317333 1 0.460000 0.368000 1 0.446000 0.373333 1 0.464000 0.413333 1 0.452000 0.421333 1
0 0.354480 0.168573 0.047440 0.069680 0.000000 0.000000 0 0.000000 0.000000 0 0.000000 0.000000 0 0.000000 0.000000 0 0.000000 0.000000 0 0.000000 0.000000 0 0.000000 0.000000 0 0.000000 0.000000 0 0.000000 0.000000 0 0.000000 0.000000 0 0.000000 0.000000 0 0.000000 0.000000 0 0.000000 0.000000 0 0.000000 0.000000 0 0.000000 0.000000 0 0.000000 0.000000 0 0.000000 0.000000 0
0 0.442720 0.198200 0.051800 0.120560 0.000000 0.000000 0 0.000000 0.000000 0 0.000000 0.000000 0 0.000000 0.000000 0 0.000000 0.000000 0 0.000000 0.000000 0 0.000000 0.000000 0 0.000000 0.000000 0 0.000000 0.000000 0 0.000000 0.000000 0 0.000000 0.000000 0 0.000000 0.000000 0 0.000000 0.000000 0 0.000000 0.000000 0 0.000000 0.000000 0 0.000000 0.000000 0 0.000000 0.000000 0
0 0.360930 0.284253 0.043420 0.061307 0.000000 0.000000 0 0.000000 0.000000 0 0.000000 0.000000 0 0.000000 0.000000 0 0.000000 0.000000 0 0.000000 0.000000 0 0.000000 0.000000 0 0.000000 0.000000 0 0.000000 0.000000 0 0.000000 0.000000 0 0.000000 0.000000 0 0.000000 0.000000 0 0.000000 0.000000 0 0.000000 0.000000 0 0.000000 0.000000 0 0.000000 0.000000 0 0.000000 0.000000 0
0 0.815830 0.256040 0.032300 0.066267 0.000000 0.000000 0 0.000000 0.000000 0 0.000000 0.000000 0 0.000000 0.000000 0 0.000000 0.000000 0 0.000000 0.000000 0 0.000000 0.000000 0 0.000000 0.000000 0 0.000000 0.000000 0 0.000000 0.000000 0 0.000000 0.000000 0 0.000000 0.000000 0 0.000000 0.000000 0 0.000000 0.000000 0 0.000000 0.000000 0 0.000000 0.000000 0 0.000000 0.000000 0
0 0.404300 0.341693 0.056080 0.153627 0.000000 0.000000 0 0.000000 0.000000 0 0.000000 0.000000 0 0.000000 0.000000 0 0.000000 0.000000 0 0.000000 0.000000 0 0.000000 0.000000 0 0.000000 0.000000 0 0.000000 0.000000 0 0.000000 0.000000 0 0.000000 0.000000 0 0.000000 0.000000 0 0.000000 0.000000 0 0.000000 0.000000 0 0.000000 0.000000 0 0.000000 0.000000 0 0.000000 0.000000 0
0 0.315400 0.092307 0.050360 0.077147 0.000000 0.000000 0 0.000000 0.000000 0 0.000000 0.000000 0 0.000000 0.000000 0 0.000000 0.000000 0 0.000000 0.000000 0 0.000000 0.000000 0 0.000000 0.000000 0 0.000000 0.000000 0 0.000000 0.000000 0 0.000000 0.000000 0 0.000000 0.000000 0 0.000000 0.000000 0 0.000000 0.000000 0 0.000000 0.000000 0 0.000000 0.000000 0 0.000000 0.000000 0
0 0.064860 0.136400 0.058640 0.120373 0.000000 0.000000 0 0.000000 0.000000 0 0.000000 0.000000 0 0.000000 0.000000 0 0.000000 0.000000 0 0.000000 0.000000 0 0.000000 0.000000 0 0.000000 0.000000 0 0.000000 0.000000 0 0.000000 0.000000 0 0.000000 0.000000 0 0.000000 0.000000 0 0.000000 0.000000 0 0.000000 0.000000 0 0.000000 0.000000 0 0.000000 0.000000 0 0.000000 0.000000 0
0 0.390330 0.148480 0.044220 0.067627 0.000000 0.000000 0 0.000000 0.000000 0 0.000000 0.000000 0 0.000000 0.000000 0 0.000000 0.000000 0 0.000000 0.000000 0 0.000000 0.000000 0 0.000000 0.000000 0 0.000000 0.000000 0 0.000000 0.000000 0 0.000000 0.000000 0 0.000000 0.000000 0 0.000000 0.000000 0 0.000000 0.000000 0 0.000000 0.000000 0 0.000000 0.000000 0 0.000000 0.000000 0