0 0.184258 0.658867 0.266141 0.680164 0.189062 0.425234 1 0.000000 0.000000 0 0.182812 0.413551 1 0.000000 0.000000 0 0.143750 0.432243 1 0.064062 0.535047 1 0.142187 0.553738 1 0.000000 0.000000 0 0.221875 0.707944 1 0.215625 0.598131 1 0.232813 0.616822 1 0.145313 0.766355 1 0.210938 0.810748 1 0.326562 0.719626 1 0.339062 0.787383 1 0.000000 0.000000 0 0.000000 0.000000 0
0 0.240445 0.438201 0.108203 0.301121 0.257812 0.343458 1 0.265625 0.334112 1 0.248438 0.334112 1 0.000000 0.000000 0 0.231250 0.341121 1 0.253125 0.406542 1 0.207813 0.420561 1 0.259375 0.488318 1 0.215625 0.502336 1 0.275000 0.457944 1 0.276562 0.483645 1 0.251563 0.563084 1 0.212500 0.591121 1 0.000000 0.000000 0 0.000000 0.000000 0 0.000000 0.000000 0 0.000000 0.000000 0
0 0.380984 0.313516 0.135844 0.360257 0.414062 0.217290 1 0.421875 0.203271 1 0.407813 0.203271 1 0.000000 0.000000 0 0.382812 0.186916 1 0.431250 0.247664 1 0.346875 0.250000 1 0.435937 0.327103 1 0.323437 0.343458 1 0.428125 0.371495 1 0.381250 0.385514 1 0.410938 0.425234 1 0.364063 0.429907 1 0.000000 0.000000 0 0.000000 0.000000 0 0.000000 0.000000 0 0.000000 0.000000 0
0 0.694352 0.613738 0.240984 0.560794 0.675000 0.448598 1 0.681250 0.427570 1 0.000000 0.000000 0 0.718750 0.429907 1 0.000000 0.000000 0 0.704688 0.553738 1 0.793750 0.549065 1 0.656250 0.724299 1 0.000000 0.000000 0 0.000000 0.000000 0 0.000000 0.000000 0 0.700000 0.838785 1 0.760938 0.824766 1 0.582812 0.759346 1 0.000000 0.000000 0 0.000000 0.000000 0 0.000000 0.000000 0
0 0.846258 0.551822 0.099297 0.459252 0.804688 0.397196 1 0.817187 0.383178 1 0.809375 0.383178 1 0.857812 0.397196 1 0.000000 0.000000 0 0.845313 0.500000 1 0.837500 0.474299 1 0.810937 0.644860 1 0.000000 0.000000 0 0.000000 0.000000 0 0.000000 0.000000 0 0.809375 0.728972 1 0.000000 0.000000 0 0.000000 0.000000 0 0.000000 0.000000 0 0.000000 0.000000 0 0.000000 0.000000 0
0 0.548914 0.370783 0.088266 0.230397 0.532813 0.308411 1 0.542188 0.301402 1 0.525000 0.301402 1 0.556250 0.310748 1 0.520312 0.308411 1 0.576562 0.378505 1 0.501563 0.376168 1 0.579688 0.471963 1 0.000000 0.000000 0 0.000000 0.000000 0 0.000000 0.000000 0 0.000000 0.000000 0 0.000000 0.000000 0 0.000000 0.000000 0 0.000000 0.000000 0 0.000000 0.000000 0 0.000000 0.000000 0
0 0.653094 0.332442 0.038844 0.094883 0.000000 0.000000 0 0.000000 0.000000 0 0.000000 0.000000 0 0.000000 0.000000 0 0.000000 0.000000 0 0.000000 0.000000 0 0.000000 0.000000 0 0.000000 0.000000 0 0.000000 0.000000 0 0.000000 0.000000 0 0.000000 0.000000 0 0.000000 0.000000 0 0.000000 0.000000 0 0.000000 0.000000 0 0.000000 0.000000 0 0.000000 0.000000 0 0.000000 0.000000 0
0 0.465219 0.659124 0.251000 0.606238 0.000000 0.000000 0 0.450000 0.422897 1 0.000000 0.000000 0 0.471875 0.429907 1 0.000000 0.000000 0 0.406250 0.492991 1 0.554688 0.542056 1 0.350000 0.656542 1 0.553125 0.740654 1 0.000000 0.000000 0 0.000000 0.000000 0 0.384375 0.871495 1 0.490625 0.885514 1 0.000000 0.000000 0 0.000000 0.000000 0 0.000000 0.000000 0 0.000000 0.000000 0
0 0.128805 0.301857 0.161703 0.530397 0.168750 0.151869 1 0.000000 0.000000 0 0.160938 0.133178 1 0.000000 0.000000 0 0.115625 0.116822 1 0.000000 0.000000 0 0.079687 0.228972 1 0.000000 0.000000 0 0.129688 0.350467 1 0.000000 0.000000 0 0.178125 0.266355 1 0.000000 0.000000 0 0.078125 0.514019 1 0.000000 0.000000 0 0.000000 0.000000 0 0.000000 0.000000 0 0.000000 0.000000 0
0 0.585336 0.317079 0.049734 0.113598 0.000000 0.000000 0 0.000000 0.000000 0 0.000000 0.000000 0 0.000000 0.000000 0 0.000000 0.000000 0 0.000000 0.000000 0 0.000000 0.000000 0 0.000000 0.000000 0 0.000000 0.000000 0 0.000000 0.000000 0 0.000000 0.000000 0 0.000000 0.000000 0 0.000000 0.000000 0 0.000000 0.000000 0 0.000000 0.000000 0 0.000000 0.000000 0 0.000000 0.000000 0
0 0.912953 0.383143 0.079656 0.195491 0.920312 0.322430 1 0.928125 0.322430 1 0.917188 0.315421 1 0.935937 0.334112 1 0.000000 0.000000 0 0.931250 0.364486 1 0.901563 0.348131 1 0.917188 0.425234 1 0.000000 0.000000 0 0.882812 0.443925 1 0.000000 0.000000 0 0.000000 0.000000 0 0.000000 0.000000 0 0.000000 0.000000 0 0.000000 0.000000 0 0.000000 0.000000 0 0.000000 0.000000 0
0 0.620820 0.347687 0.047547 0.158411 0.628125 0.303738 1 0.632812 0.296729 1 0.621875 0.299065 1 0.000000 0.000000 0 0.612500 0.303738 1 0.000000 0.000000 0 0.610938 0.348131 1 0.000000 0.000000 0 0.615625 0.413551 1 0.000000 0.000000 0 0.000000 0.000000 0 0.000000 0.000000 0 0.000000 0.000000 0 0.000000 0.000000 0 0.000000 0.000000 0 0.000000 0.000000 0 0.000000 0.000000 0
0 0.701883 0.296320 0.038766 0.056939 0.000000 0.000000 0 0.000000 0.000000 0 0.000000 0.000000 0 0.000000 0.000000 0 0.000000 0.000000 0 0.000000 0.000000 0 0.000000 0.000000 0 0.000000 0.000000 0 0.000000 0.000000 0 0.000000 0.000000 0 0.000000 0.000000 0 0.000000 0.000000 0 0.000000 0.000000 0 0.000000 0.000000 0 0.000000 0.000000 0 0.000000 0.000000 0 0.000000 0.000000 0