0 0.844750 0.764266 0.202750 0.218375 0.000000 0.000000 0 0.000000 0.000000 0 0.000000 0.000000 0 0.000000 0.000000 0 0.000000 0.000000 0 0.847917 0.690625 1 0.879167 0.696875 1 0.000000 0.000000 0 0.920833 0.710938 1 0.000000 0.000000 0 0.931250 0.690625 1 0.816667 0.760938 1 0.845833 0.764062 1 0.804167 0.796875 1 0.897917 0.810937 1 0.758333 0.846875 1 0.893750 0.867188 1
0 0.082906 0.394305 0.165813 0.128578 0.068750 0.345313 1 0.070833 0.342187 1 0.062500 0.342187 1 0.079167 0.343750 1 0.058333 0.345313 1 0.091667 0.354687 1 0.045833 0.354687 1 0.106250 0.370312 1 0.025000 0.364063 1 0.110417 0.385937 1 0.012500 0.371875 1 0.089583 0.390625 1 0.062500 0.392188 1 0.116667 0.417187 1 0.050000 0.415625 1 0.147917 0.445312 1 0.056250 0.446875 1
0 0.377229 0.416383 0.091833 0.121641 0.362500 0.370312 1 0.362500 0.367188 1 0.358333 0.367188 1 0.368750 0.368750 1 0.352083 0.368750 1 0.375000 0.382812 1 0.347917 0.375000 1 0.389583 0.407813 1 0.347917 0.390625 1 0.362500 0.412500 1 0.345833 0.401562 1 0.385417 0.412500 1 0.368750 0.412500 1 0.375000 0.434375 1 0.375000 0.442188 1 0.397917 0.465625 1 0.414583 0.443750 1
0 0.508385 0.375766 0.126146 0.119062 0.508333 0.339062 1 0.512500 0.335938 1 0.504167 0.335938 1 0.516667 0.335938 1 0.500000 0.335938 1 0.527083 0.345313 1 0.487500 0.343750 1 0.535417 0.367188 1 0.479167 0.365625 1 0.537500 0.384375 1 0.477083 0.381250 1 0.520833 0.371875 1 0.493750 0.371875 1 0.539583 0.395313 1 0.472917 0.395313 1 0.547917 0.426563 1 0.462500 0.423438 1
0 0.950979 0.400219 0.056208 0.144687 0.947917 0.340625 1 0.950000 0.340625 1 0.943750 0.340625 1 0.960417 0.340625 1 0.000000 0.000000 0 0.962500 0.356250 1 0.941667 0.356250 1 0.966667 0.378125 1 0.937500 0.378125 1 0.958333 0.396875 1 0.929167 0.396875 1 0.960417 0.392188 1 0.943750 0.395313 1 0.958333 0.426563 1 0.950000 0.429688 1 0.958333 0.459375 1 0.954167 0.454688 1
0 0.510521 0.165867 0.052500 0.063891 0.000000 0.000000 0 0.000000 0.000000 0 0.000000 0.000000 0 0.000000 0.000000 0 0.000000 0.000000 0 0.000000 0.000000 0 0.000000 0.000000 0 0.000000 0.000000 0 0.000000 0.000000 0 0.000000 0.000000 0 0.000000 0.000000 0 0.000000 0.000000 0 0.000000 0.000000 0 0.000000 0.000000 0 0.000000 0.000000 0 0.000000 0.000000 0 0.000000 0.000000 0
0 0.795948 0.181039 0.054354 0.064859 0.000000 0.000000 0 0.000000 0.000000 0 0.000000 0.000000 0 0.000000 0.000000 0 0.000000 0.000000 0 0.000000 0.000000 0 0.000000 0.000000 0 0.000000 0.000000 0 0.000000 0.000000 0 0.000000 0.000000 0 0.000000 0.000000 0 0.000000 0.000000 0 0.000000 0.000000 0 0.000000 0.000000 0 0.000000 0.000000 0 0.000000 0.000000 0 0.000000 0.000000 0
0 0.902198 0.181672 0.058438 0.071188 0.000000 0.000000 0 0.000000 0.000000 0 0.000000 0.000000 0 0.000000 0.000000 0 0.000000 0.000000 0 0.000000 0.000000 0 0.000000 0.000000 0 0.000000 0.000000 0 0.000000 0.000000 0 0.000000 0.000000 0 0.000000 0.000000 0 0.000000 0.000000 0 0.000000 0.000000 0 0.000000 0.000000 0 0.000000 0.000000 0 0.000000 0.000000 0 0.000000 0.000000 0
0 0.956375 0.190602 0.060208 0.065172 0.000000 0.000000 0 0.000000 0.000000 0 0.000000 0.000000 0 0.000000 0.000000 0 0.000000 0.000000 0 0.000000 0.000000 0 0.000000 0.000000 0 0.000000 0.000000 0 0.000000 0.000000 0 0.000000 0.000000 0 0.000000 0.000000 0 0.000000 0.000000 0 0.000000 0.000000 0 0.000000 0.000000 0 0.000000 0.000000 0 0.000000 0.000000 0 0.000000 0.000000 0
0 0.864906 0.178125 0.063812 0.069500 0.000000 0.000000 0 0.000000 0.000000 0 0.000000 0.000000 0 0.000000 0.000000 0 0.000000 0.000000 0 0.000000 0.000000 0 0.000000 0.000000 0 0.000000 0.000000 0 0.000000 0.000000 0 0.000000 0.000000 0 0.000000 0.000000 0 0.000000 0.000000 0 0.000000 0.000000 0 0.000000 0.000000 0 0.000000 0.000000 0 0.000000 0.000000 0 0.000000 0.000000 0
0 0.839667 0.125047 0.033542 0.029344 0.000000 0.000000 0 0.000000 0.000000 0 0.000000 0.000000 0 0.000000 0.000000 0 0.000000 0.000000 0 0.000000 0.000000 0 0.000000 0.000000 0 0.000000 0.000000 0 0.000000 0.000000 0 0.000000 0.000000 0 0.000000 0.000000 0 0.000000 0.000000 0 0.000000 0.000000 0 0.000000 0.000000 0 0.000000 0.000000 0 0.000000 0.000000 0 0.000000 0.000000 0
0 0.041531 0.942758 0.082479 0.114484 0.000000 0.000000 0 0.000000 0.000000 0 0.000000 0.000000 0 0.000000 0.000000 0 0.000000 0.000000 0 0.000000 0.000000 0 0.000000 0.000000 0 0.000000 0.000000 0 0.000000 0.000000 0 0.000000 0.000000 0 0.000000 0.000000 0 0.000000 0.000000 0 0.000000 0.000000 0 0.000000 0.000000 0 0.000000 0.000000 0 0.000000 0.000000 0 0.000000 0.000000 0
0 0.893771 0.108109 0.025542 0.030375 0.000000 0.000000 0 0.000000 0.000000 0 0.000000 0.000000 0 0.000000 0.000000 0 0.000000 0.000000 0 0.000000 0.000000 0 0.000000 0.000000 0 0.000000 0.000000 0 0.000000 0.000000 0 0.000000 0.000000 0 0.000000 0.000000 0 0.000000 0.000000 0 0.000000 0.000000 0 0.000000 0.000000 0 0.000000 0.000000 0 0.000000 0.000000 0 0.000000 0.000000 0