0 0.473594 0.538948 0.182031 0.422479 0.000000 0.000000 0 0.000000 0.000000 0 0.000000 0.000000 0 0.000000 0.000000 0 0.000000 0.000000 0 0.390625 0.366667 1 0.460938 0.347917 1 0.415625 0.443750 1 0.000000 0.000000 0 0.434375 0.520833 1 0.000000 0.000000 0 0.485938 0.416667 1 0.550000 0.412500 1 0.453125 0.560417 1 0.504687 0.564583 1 0.437500 0.712500 1 0.523438 0.716667 1
0 0.347805 0.370458 0.079141 0.200667 0.000000 0.000000 0 0.000000 0.000000 0 0.376563 0.297917 1 0.000000 0.000000 0 0.370312 0.306250 1 0.332813 0.327083 1 0.360938 0.339583 1 0.000000 0.000000 0 0.390625 0.368750 1 0.000000 0.000000 0 0.000000 0.000000 0 0.318750 0.435417 1 0.346875 0.445833 1 0.000000 0.000000 0 0.401562 0.433333 1 0.000000 0.000000 0 0.406250 0.533333 1
0 0.151945 0.365010 0.092016 0.407729 0.117188 0.197917 1 0.120313 0.193750 1 0.000000 0.000000 0 0.126562 0.200000 1 0.000000 0.000000 0 0.151562 0.241667 1 0.134375 0.247917 1 0.150000 0.312500 1 0.000000 0.000000 0 0.143750 0.370833 1 0.000000 0.000000 0 0.157812 0.352083 1 0.135937 0.352083 1 0.167187 0.452083 1 0.134375 0.454167 1 0.187500 0.541667 1 0.153125 0.543750 1
0 0.522625 0.215302 0.053000 0.142521 0.000000 0.000000 0 0.000000 0.000000 0 0.000000 0.000000 0 0.000000 0.000000 0 0.000000 0.000000 0 0.537500 0.202083 1 0.514062 0.204167 1 0.518750 0.237500 1 0.500000 0.247917 1 0.501563 0.233333 1 0.515625 0.245833 1 0.000000 0.000000 0 0.000000 0.000000 0 0.000000 0.000000 0 0.000000 0.000000 0 0.000000 0.000000 0 0.000000 0.000000 0
0 0.553969 0.462917 0.113500 0.402000 0.525000 0.343750 1 0.531250 0.337500 1 0.520312 0.337500 1 0.554688 0.320833 1 0.000000 0.000000 0 0.571875 0.362500 1 0.525000 0.358333 1 0.598437 0.420833 1 0.000000 0.000000 0 0.596875 0.479167 1 0.000000 0.000000 0 0.575000 0.475000 1 0.529687 0.464583 1 0.585938 0.581250 1 0.518750 0.560417 1 0.590625 0.652083 1 0.529687 0.635417 1
0 0.591664 0.382510 0.099172 0.396729 0.582812 0.206250 1 0.589063 0.197917 1 0.576562 0.200000 1 0.596875 0.206250 1 0.565625 0.212500 1 0.614062 0.241667 1 0.556250 0.254167 1 0.629687 0.277083 1 0.548438 0.295833 1 0.606250 0.245833 1 0.571875 0.262500 1 0.617188 0.375000 1 0.576562 0.385417 1 0.620313 0.466667 1 0.585938 0.472917 1 0.625000 0.539583 1 0.595313 0.539583 1
0 0.032867 0.369667 0.062359 0.375292 0.000000 0.000000 0 0.000000 0.206250 1 0.000000 0.000000 0 0.010937 0.206250 1 0.000000 0.000000 0 0.026562 0.250000 1 0.000000 0.000000 0 0.046875 0.302083 1 0.000000 0.000000 0 0.048438 0.356250 1 0.000000 0.000000 0 0.017188 0.352083 1 0.000000 0.000000 0 0.031250 0.445833 1 0.012500 0.445833 1 0.042188 0.531250 1 0.029687 0.522917 1
0 0.918055 0.160417 0.063641 0.153583 0.909375 0.104167 1 0.914062 0.100000 1 0.000000 0.000000 0 0.923438 0.102083 1 0.000000 0.000000 0 0.939063 0.133333 1 0.896875 0.137500 1 0.923438 0.164583 1 0.889062 0.172917 1 0.910937 0.141667 1 0.921875 0.175000 1 0.929688 0.216667 1 0.900000 0.214583 1 0.000000 0.000000 0 0.000000 0.000000 0 0.000000 0.000000 0 0.000000 0.000000 0
0 0.730484 0.187552 0.037219 0.176437 0.000000 0.000000 0 0.000000 0.000000 0 0.000000 0.000000 0 0.000000 0.000000 0 0.000000 0.000000 0 0.000000 0.000000 0 0.000000 0.000000 0 0.000000 0.000000 0 0.000000 0.000000 0 0.000000 0.000000 0 0.000000 0.000000 0 0.000000 0.000000 0 0.000000 0.000000 0 0.000000 0.000000 0 0.000000 0.000000 0 0.000000 0.000000 0 0.000000 0.000000 0
0 0.712633 0.222021 0.043578 0.195125 0.000000 0.000000 0 0.000000 0.000000 0 0.000000 0.000000 0 0.701562 0.145833 1 0.000000 0.000000 0 0.701562 0.170833 1 0.726562 0.168750 1 0.701562 0.202083 1 0.734375 0.195833 1 0.696875 0.233333 1 0.720313 0.189583 1 0.712500 0.222917 1 0.718750 0.222917 1 0.714063 0.270833 1 0.707812 0.277083 1 0.739062 0.312500 1 0.709375 0.314583 1
0 0.472570 0.293917 0.060047 0.093417 0.493750 0.281250 1 0.000000 0.000000 0 0.490625 0.277083 1 0.000000 0.000000 0 0.482812 0.283333 1 0.451562 0.325000 1 0.490625 0.329167 1 0.000000 0.000000 0 0.000000 0.000000 0 0.000000 0.000000 0 0.000000 0.000000 0 0.000000 0.000000 0 0.000000 0.000000 0 0.000000 0.000000 0 0.000000 0.000000 0 0.000000 0.000000 0 0.000000 0.000000 0
0 0.825336 0.509021 0.225984 0.815708 0.839063 0.229167 1 0.848437 0.210417 1 0.821875 0.218750 1 0.860938 0.179167 1 0.800000 0.202083 1 0.900000 0.243750 1 0.767188 0.268750 1 0.909375 0.331250 1 0.725000 0.356250 1 0.928125 0.437500 1 0.000000 0.000000 0 0.864062 0.433333 1 0.781250 0.437500 1 0.871875 0.654167 1 0.831250 0.652083 1 0.778125 0.760417 1 0.850000 0.835417 1
0 0.678891 0.605719 0.138312 0.579229 0.709375 0.414583 1 0.000000 0.000000 0 0.700000 0.400000 1 0.000000 0.000000 0 0.662500 0.400000 1 0.656250 0.443750 1 0.675000 0.456250 1 0.000000 0.000000 0 0.671875 0.554167 1 0.000000 0.000000 0 0.693750 0.633333 1 0.651563 0.600000 1 0.678125 0.614583 1 0.650000 0.750000 1 0.693750 0.762500 1 0.623437 0.866667 1 0.701562 0.868750 1