0 0.535664 0.752219 0.192141 0.495563 0.000000 0.000000 0 0.000000 0.000000 0 0.000000 0.000000 0 0.000000 0.000000 0 0.539062 0.600000 1 0.457813 0.693750 1 0.567187 0.722917 1 0.000000 0.000000 0 0.612500 0.860417 1 0.000000 0.000000 0 0.000000 0.000000 0 0.462500 0.935417 1 0.551562 0.950000 1 0.000000 0.000000 0 0.000000 0.000000 0 0.000000 0.000000 0 0.000000 0.000000 0
0 0.361516 0.669667 0.119656 0.426958 0.309375 0.533333 1 0.318750 0.520833 1 0.000000 0.000000 0 0.353125 0.525000 1 0.000000 0.000000 0 0.392188 0.616667 1 0.326562 0.602083 1 0.000000 0.000000 0 0.000000 0.000000 0 0.000000 0.000000 0 0.000000 0.000000 0 0.000000 0.000000 0 0.000000 0.000000 0 0.000000 0.000000 0 0.000000 0.000000 0 0.000000 0.000000 0 0.000000 0.000000 0
0 0.416383 0.833333 0.268578 0.313083 0.000000 0.000000 0 0.000000 0.000000 0 0.000000 0.000000 0 0.000000 0.000000 0 0.000000 0.000000 0 0.304688 0.975000 1 0.528125 0.975000 1 0.000000 0.000000 0 0.000000 0.000000 0 0.000000 0.000000 0 0.000000 0.000000 0 0.000000 0.000000 0 0.000000 0.000000 0 0.000000 0.000000 0 0.000000 0.000000 0 0.000000 0.000000 0 0.000000 0.000000 0
0 0.054719 0.492146 0.038531 0.061542 0.000000 0.000000 0 0.000000 0.000000 0 0.000000 0.000000 0 0.000000 0.000000 0 0.000000 0.000000 0 0.000000 0.000000 0 0.000000 0.000000 0 0.000000 0.000000 0 0.000000 0.000000 0 0.000000 0.000000 0 0.000000 0.000000 0 0.000000 0.000000 0 0.000000 0.000000 0 0.000000 0.000000 0 0.000000 0.000000 0 0.000000 0.000000 0 0.000000 0.000000 0
0 0.924570 0.729177 0.139359 0.533896 0.882812 0.506250 1 0.893750 0.500000 1 0.000000 0.000000 0 0.917188 0.512500 1 0.000000 0.000000 0 0.948438 0.568750 1 0.881250 0.570833 1 0.979688 0.650000 1 0.865625 0.645833 1 0.925000 0.633333 1 0.867188 0.645833 1 0.917188 0.743750 1 0.871875 0.737500 1 0.912500 0.877083 1 0.000000 0.000000 0 0.000000 0.000000 0 0.000000 0.000000 0
0 0.634516 0.545500 0.068562 0.259375 0.623437 0.458333 1 0.626563 0.450000 1 0.620313 0.450000 1 0.642188 0.445833 1 0.000000 0.000000 0 0.668750 0.485417 1 0.610938 0.495833 1 0.000000 0.000000 0 0.603125 0.554167 1 0.000000 0.000000 0 0.635938 0.539583 1 0.664062 0.595833 1 0.621875 0.600000 1 0.000000 0.000000 0 0.623437 0.693750 1 0.000000 0.000000 0 0.634375 0.770833 1
0 0.817437 0.525250 0.105031 0.167958 0.796875 0.491667 1 0.807813 0.481250 1 0.796875 0.479167 1 0.825000 0.491667 1 0.000000 0.000000 0 0.850000 0.541667 1 0.770312 0.550000 1 0.860938 0.610417 1 0.000000 0.000000 0 0.837500 0.668750 1 0.000000 0.000000 0 0.831250 0.641667 1 0.790625 0.645833 1 0.000000 0.000000 0 0.000000 0.000000 0 0.000000 0.000000 0 0.000000 0.000000 0
0 0.662852 0.731219 0.210453 0.537562 0.662500 0.556250 1 0.668750 0.541667 1 0.657813 0.543750 1 0.700000 0.520833 1 0.000000 0.000000 0 0.729688 0.591667 1 0.679688 0.581250 1 0.726562 0.741667 1 0.657813 0.681250 1 0.645312 0.722917 1 0.595313 0.675000 1 0.706250 0.837500 1 0.676562 0.839583 1 0.000000 0.000000 0 0.000000 0.000000 0 0.000000 0.000000 0 0.000000 0.000000 0
0 0.112078 0.744948 0.224156 0.478646 0.000000 0.000000 0 0.000000 0.000000 0 0.000000 0.000000 0 0.025000 0.618750 1 0.112500 0.608333 1 0.000000 0.000000 0 0.192188 0.752083 1 0.000000 0.000000 0 0.195312 0.906250 1 0.000000 0.000000 0 0.000000 0.000000 0 0.000000 0.000000 0 0.000000 0.000000 0 0.000000 0.000000 0 0.000000 0.000000 0 0.000000 0.000000 0 0.000000 0.000000 0
0 0.579570 0.543240 0.060797 0.225146 0.585938 0.468750 1 0.584375 0.462500 1 0.579688 0.462500 1 0.000000 0.000000 0 0.564063 0.466667 1 0.579688 0.500000 1 0.556250 0.497917 1 0.000000 0.000000 0 0.564063 0.550000 1 0.000000 0.000000 0 0.596875 0.533333 1 0.596875 0.637500 1 0.576562 0.641667 1 0.000000 0.000000 0 0.000000 0.000000 0 0.000000 0.000000 0 0.000000 0.000000 0
0 0.783109 0.768260 0.251187 0.463479 0.723437 0.666667 1 0.746875 0.656250 1 0.739062 0.647917 1 0.812500 0.675000 1 0.000000 0.000000 0 0.837500 0.885417 1 0.773438 0.768750 1 0.000000 0.000000 0 0.000000 0.000000 0 0.000000 0.000000 0 0.706250 0.860417 1 0.000000 0.000000 0 0.000000 0.000000 0 0.000000 0.000000 0 0.000000 0.000000 0 0.000000 0.000000 0 0.000000 0.000000 0
0 0.404563 0.527292 0.064625 0.173292 0.412500 0.485417 1 0.418750 0.479167 1 0.406250 0.472917 1 0.000000 0.000000 0 0.393750 0.464583 1 0.426563 0.512500 1 0.364063 0.512500 1 0.000000 0.000000 0 0.000000 0.000000 0 0.000000 0.000000 0 0.000000 0.000000 0 0.421875 0.635417 1 0.375000 0.637500 1 0.000000 0.000000 0 0.000000 0.000000 0 0.000000 0.000000 0 0.000000 0.000000 0
0 0.724633 0.501812 0.063609 0.144333 0.000000 0.000000 0 0.000000 0.000000 0 0.000000 0.000000 0 0.707812 0.472917 1 0.000000 0.000000 0 0.710938 0.529167 1 0.739062 0.508333 1 0.000000 0.000000 0 0.000000 0.000000 0 0.000000 0.000000 0 0.000000 0.000000 0 0.000000 0.000000 0 0.000000 0.000000 0 0.000000 0.000000 0 0.000000 0.000000 0 0.000000 0.000000 0 0.000000 0.000000 0