0 0.277746 0.530211 0.371017 0.743453 0.311864 0.250000 1 0.318644 0.231250 1 0.294915 0.232813 1 0.000000 0.000000 0 0.244068 0.235937 1 0.335593 0.279687 1 0.215254 0.292187 1 0.383051 0.350000 1 0.247458 0.410938 1 0.430508 0.421875 1 0.359322 0.434375 1 0.284746 0.500000 1 0.201695 0.517188 1 0.330508 0.692187 1 0.211864 0.685937 1 0.364407 0.839063 1 0.133898 0.864062 1
0 0.710568 0.412359 0.124322 0.159563 0.700000 0.384375 1 0.708475 0.375000 1 0.691525 0.376563 1 0.722034 0.376563 1 0.683051 0.379688 1 0.738983 0.417187 1 0.674576 0.414062 1 0.766102 0.489063 1 0.647458 0.481250 1 0.738983 0.551562 1 0.671186 0.468750 1 0.725424 0.546875 1 0.679661 0.543750 1 0.000000 0.000000 0 0.000000 0.000000 0 0.000000 0.000000 0 0.000000 0.000000 0
0 0.123763 0.356070 0.096610 0.281922 0.122034 0.251563 1 0.132203 0.246875 1 0.115254 0.245312 1 0.145763 0.250000 1 0.000000 0.000000 0 0.155932 0.298438 1 0.103390 0.292187 1 0.150847 0.360938 1 0.000000 0.000000 0 0.127119 0.414062 1 0.000000 0.000000 0 0.118644 0.400000 1 0.081356 0.396875 1 0.108475 0.506250 1 0.083051 0.503125 1 0.000000 0.000000 0 0.000000 0.000000 0
0 0.052534 0.336547 0.100220 0.329156 0.055932 0.214062 1 0.064407 0.207813 1 0.045763 0.207813 1 0.081356 0.203125 1 0.035593 0.203125 1 0.101695 0.246875 1 0.018644 0.257812 1 0.000000 0.000000 0 0.008475 0.335938 1 0.000000 0.000000 0 0.000000 0.000000 0 0.100000 0.371875 1 0.040678 0.370312 1 0.089831 0.484375 1 0.042373 0.481250 1 0.000000 0.000000 0 0.000000 0.000000 0
0 0.176161 0.222625 0.079271 0.134188 0.169492 0.195312 1 0.176271 0.187500 1 0.159322 0.189062 1 0.000000 0.000000 0 0.138983 0.190625 1 0.208475 0.239063 1 0.000000 0.000000 0 0.215254 0.279687 1 0.000000 0.000000 0 0.125424 0.275000 1 0.000000 0.000000 0 0.000000 0.000000 0 0.000000 0.000000 0 0.000000 0.000000 0 0.000000 0.000000 0 0.000000 0.000000 0 0.000000 0.000000 0
0 0.022364 0.220891 0.044593 0.086156 0.000000 0.000000 0 0.000000 0.000000 0 0.000000 0.000000 0 0.000000 0.000000 0 0.000000 0.000000 0 0.000000 0.000000 0 0.000000 0.000000 0 0.000000 0.000000 0 0.000000 0.000000 0 0.000000 0.000000 0 0.000000 0.000000 0 0.000000 0.000000 0 0.000000 0.000000 0 0.000000 0.000000 0 0.000000 0.000000 0 0.000000 0.000000 0 0.000000 0.000000 0
0 0.546203 0.334117 0.188881 0.324703 0.533898 0.207813 1 0.544068 0.203125 1 0.525424 0.203125 1 0.561017 0.215625 1 0.000000 0.000000 0 0.583051 0.268750 1 0.491525 0.270313 1 0.616949 0.328125 1 0.449153 0.329688 1 0.574576 0.321875 1 0.496610 0.314063 1 0.572881 0.387500 1 0.503390 0.390625 1 0.572881 0.496875 1 0.501695 0.493750 1 0.000000 0.000000 0 0.000000 0.000000 0
0 0.832551 0.347977 0.117712 0.235453 0.835593 0.262500 1 0.847458 0.256250 1 0.827119 0.254688 1 0.855932 0.265625 1 0.813559 0.262500 1 0.867797 0.312500 1 0.801695 0.312500 1 0.862712 0.393750 1 0.808475 0.390625 1 0.867797 0.354687 1 0.811864 0.351562 1 0.852542 0.392188 1 0.808475 0.395313 1 0.874576 0.420312 1 0.844068 0.443750 1 0.881356 0.514062 1 0.828814 0.526563 1
0 0.438347 0.327500 0.096898 0.264063 0.389831 0.228125 1 0.394915 0.225000 1 0.000000 0.000000 0 0.422034 0.232813 1 0.000000 0.000000 0 0.457627 0.284375 1 0.386441 0.281250 1 0.430508 0.334375 1 0.000000 0.000000 0 0.437288 0.278125 1 0.000000 0.000000 0 0.449153 0.401562 1 0.398305 0.401562 1 0.000000 0.000000 0 0.000000 0.000000 0 0.000000 0.000000 0 0.000000 0.000000 0
0 0.936195 0.352211 0.127610 0.254641 0.938983 0.260937 1 0.947458 0.253125 1 0.928814 0.254688 1 0.964407 0.254688 1 0.911864 0.259375 1 0.989831 0.301563 1 0.891525 0.312500 1 0.991525 0.367188 1 0.883051 0.378125 1 0.935593 0.403125 1 0.933898 0.415625 1 0.977966 0.429688 1 0.911864 0.434375 1 0.972881 0.548438 1 0.915254 0.548438 1 0.000000 0.000000 0 0.000000 0.000000 0
0 0.632364 0.341313 0.083814 0.243562 0.625424 0.259375 1 0.635593 0.253125 1 0.613559 0.253125 1 0.647458 0.257812 1 0.601695 0.257812 1 0.652542 0.301563 1 0.594915 0.303125 1 0.661017 0.370312 1 0.000000 0.000000 0 0.600000 0.359375 1 0.635593 0.350000 1 0.635593 0.390625 1 0.596610 0.390625 1 0.644068 0.475000 1 0.594915 0.473438 1 0.000000 0.000000 0 0.000000 0.000000 0
0 0.469441 0.212141 0.058407 0.085969 0.000000 0.000000 0 0.000000 0.000000 0 0.000000 0.000000 0 0.000000 0.000000 0 0.000000 0.000000 0 0.000000 0.000000 0 0.000000 0.000000 0 0.000000 0.000000 0 0.000000 0.000000 0 0.000000 0.000000 0 0.000000 0.000000 0 0.000000 0.000000 0 0.000000 0.000000 0 0.000000 0.000000 0 0.000000 0.000000 0 0.000000 0.000000 0 0.000000 0.000000 0
0 0.747720 0.314859 0.098119 0.253250 0.000000 0.000000 0 0.000000 0.000000 0 0.000000 0.000000 0 0.757627 0.231250 1 0.000000 0.000000 0 0.738983 0.271875 1 0.000000 0.000000 0 0.710169 0.331250 1 0.000000 0.000000 0 0.711864 0.384375 1 0.000000 0.000000 0 0.742373 0.370312 1 0.777966 0.368750 1 0.000000 0.000000 0 0.000000 0.000000 0 0.000000 0.000000 0 0.000000 0.000000 0