0 0.727695 0.529214 0.462203 0.604484 0.834375 0.352113 1 0.845313 0.335681 1 0.000000 0.000000 0 0.887500 0.328638 1 0.000000 0.000000 0 0.917188 0.453052 1 0.840625 0.387324 1 0.884375 0.612676 1 0.803125 0.485915 1 0.804688 0.624413 1 0.771875 0.561033 1 0.821875 0.673709 1 0.778125 0.610329 1 0.709375 0.725352 1 0.679688 0.661972 1 0.598437 0.769953 1 0.570312 0.723005 1
0 0.616266 0.197746 0.098719 0.386526 0.000000 0.000000 0 0.000000 0.000000 0 0.000000 0.000000 0 0.000000 0.000000 0 0.000000 0.000000 0 0.000000 0.000000 0 0.000000 0.000000 0 0.000000 0.000000 0 0.000000 0.000000 0 0.000000 0.000000 0 0.000000 0.000000 0 0.635938 0.084507 1 0.604688 0.082160 1 0.632812 0.223005 1 0.607812 0.225352 1 0.640625 0.370892 1 0.612500 0.342723 1
0 0.255773 0.644953 0.317109 0.665164 0.200000 0.481221 1 0.200000 0.457746 1 0.000000 0.000000 0 0.234375 0.431925 1 0.000000 0.000000 0 0.312500 0.584507 1 0.304688 0.483568 1 0.359375 0.781690 1 0.310937 0.596244 1 0.254688 0.753521 1 0.248438 0.652582 1 0.376563 0.786385 1 0.371875 0.715962 1 0.157812 0.863850 1 0.179688 0.669014 1 0.000000 0.000000 0 0.189062 0.887324 1
0 0.389750 0.192019 0.269937 0.384038 0.000000 0.000000 0 0.000000 0.000000 0 0.000000 0.000000 0 0.000000 0.000000 0 0.000000 0.000000 0 0.498437 0.018779 1 0.000000 0.000000 0 0.445312 0.091549 1 0.431250 0.051643 1 0.440625 0.070423 1 0.425000 0.063380 1 0.487500 0.185446 1 0.454688 0.152582 1 0.376563 0.211268 1 0.365625 0.201878 1 0.287500 0.309859 1 0.298438 0.338028 1
0 0.344969 0.068251 0.103531 0.136502 0.000000 0.000000 0 0.000000 0.000000 0 0.000000 0.000000 0 0.000000 0.000000 0 0.000000 0.000000 0 0.000000 0.000000 0 0.000000 0.000000 0 0.376563 0.039906 1 0.323437 0.049296 1 0.342187 0.049296 1 0.323437 0.061033 1 0.375000 0.079812 1 0.342187 0.082160 1 0.357812 0.103286 1 0.304688 0.105634 1 0.364063 0.178404 1 0.325000 0.185446 1
0 0.221133 0.166291 0.141453 0.332582 0.000000 0.000000 0 0.000000 0.000000 0 0.000000 0.000000 0 0.000000 0.000000 0 0.000000 0.000000 0 0.267188 0.016432 1 0.228125 0.002347 1 0.250000 0.098592 1 0.220312 0.063380 1 0.212500 0.112676 1 0.204687 0.100939 1 0.256250 0.131455 1 0.225000 0.122066 1 0.207813 0.173709 1 0.165625 0.143192 1 0.185938 0.288732 1 0.156250 0.234742 1
0 0.145336 0.064777 0.056547 0.129554 0.120313 0.023474 1 0.125000 0.014085 1 0.000000 0.000000 0 0.143750 0.018779 1 0.000000 0.000000 0 0.142187 0.084507 1 0.156250 0.061033 1 0.000000 0.000000 0 0.000000 0.000000 0 0.000000 0.000000 0 0.000000 0.000000 0 0.000000 0.000000 0 0.000000 0.000000 0 0.000000 0.000000 0 0.000000 0.000000 0 0.000000 0.000000 0 0.000000 0.000000 0
0 0.355242 0.143826 0.204922 0.283146 0.000000 0.000000 0 0.000000 0.000000 0 0.000000 0.000000 0 0.000000 0.000000 0 0.000000 0.000000 0 0.464062 0.014085 1 0.000000 0.000000 0 0.403125 0.119718 1 0.000000 0.000000 0 0.373437 0.110329 1 0.000000 0.000000 0 0.403125 0.147887 1 0.403125 0.166667 1 0.315625 0.164319 1 0.314063 0.122066 1 0.303125 0.279343 1 0.285938 0.230047 1
0 0.644547 0.401080 0.349250 0.424319 0.715625 0.300469 1 0.720313 0.281690 1 0.000000 0.000000 0 0.746875 0.267606 1 0.000000 0.000000 0 0.792188 0.347418 1 0.753125 0.298122 1 0.778125 0.471831 1 0.723437 0.392019 1 0.717187 0.481221 1 0.687500 0.438967 1 0.751563 0.507042 1 0.717187 0.462441 1 0.639062 0.551643 1 0.628125 0.509390 1 0.562500 0.596244 1 0.535937 0.551643 1
0 0.025938 0.176667 0.048781 0.257606 0.000000 0.000000 0 0.000000 0.000000 0 0.000000 0.000000 0 0.000000 0.000000 0 0.000000 0.000000 0 0.000000 0.000000 0 0.000000 0.000000 0 0.000000 0.000000 0 0.000000 0.000000 0 0.000000 0.000000 0 0.000000 0.000000 0 0.007812 0.239437 1 0.000000 0.000000 0 0.000000 0.000000 0 0.000000 0.000000 0 0.000000 0.000000 0 0.000000 0.000000 0
0 0.083852 0.223380 0.160797 0.446761 0.045312 0.086854 1 0.051562 0.068075 1 0.000000 0.000000 0 0.085938 0.056338 1 0.000000 0.000000 0 0.104688 0.173709 1 0.101562 0.133803 1 0.118750 0.314554 1 0.067187 0.220657 1 0.034375 0.323944 1 0.026562 0.260563 1 0.070312 0.359155 1 0.065625 0.321596 1 0.000000 0.000000 0 0.000000 0.000000 0 0.000000 0.000000 0 0.000000 0.000000 0