0 0.850047 0.698426 0.215594 0.531380 0.000000 0.000000 0 0.000000 0.000000 0 0.000000 0.000000 0 0.762500 0.501211 1 0.000000 0.000000 0 0.818750 0.542373 1 0.787500 0.549637 1 0.859375 0.627119 1 0.818750 0.624697 1 0.882812 0.716707 1 0.826562 0.721550 1 0.921875 0.644068 1 0.876563 0.646489 1 0.898438 0.760291 1 0.831250 0.760291 1 0.921875 0.937046 1 0.818750 0.922518 1
0 0.717094 0.584274 0.114562 0.292131 0.673438 0.474576 1 0.678125 0.469734 1 0.000000 0.000000 0 0.693750 0.472155 1 0.000000 0.000000 0 0.712500 0.498789 1 0.679688 0.515738 1 0.750000 0.552058 1 0.701562 0.564165 1 0.740625 0.605327 1 0.679688 0.588378 1 0.748437 0.607748 1 0.717187 0.612591 1 0.714063 0.602906 1 0.667188 0.612591 1 0.746875 0.704600 1 0.689063 0.707022 1
0 0.575508 0.608959 0.155047 0.248959 0.575000 0.523002 1 0.581250 0.515738 1 0.000000 0.000000 0 0.598437 0.515738 1 0.000000 0.000000 0 0.610938 0.549637 1 0.590625 0.561743 1 0.562500 0.566586 1 0.589063 0.605327 1 0.534375 0.542373 1 0.568750 0.602906 1 0.631250 0.661017 1 0.614062 0.646489 1 0.585938 0.639225 1 0.553125 0.644068 1 0.635938 0.709443 1 0.573438 0.711864 1
0 0.586953 0.293281 0.062000 0.139201 0.598437 0.263923 1 0.601562 0.259080 1 0.593750 0.261501 1 0.000000 0.000000 0 0.584375 0.259080 1 0.607812 0.285714 1 0.564063 0.285714 1 0.607812 0.324455 1 0.560937 0.326877 1 0.598437 0.341404 1 0.573438 0.343826 1 0.596875 0.355932 1 0.578125 0.353511 1 0.000000 0.000000 0 0.000000 0.000000 0 0.000000 0.000000 0 0.000000 0.000000 0
0 0.070578 0.509540 0.069781 0.071138 0.000000 0.000000 0 0.000000 0.000000 0 0.000000 0.000000 0 0.000000 0.000000 0 0.000000 0.000000 0 0.000000 0.000000 0 0.000000 0.000000 0 0.000000 0.000000 0 0.000000 0.000000 0 0.000000 0.000000 0 0.000000 0.000000 0 0.000000 0.000000 0 0.000000 0.000000 0 0.000000 0.000000 0 0.000000 0.000000 0 0.000000 0.000000 0 0.000000 0.000000 0
0 0.126930 0.501574 0.064578 0.085569 0.000000 0.000000 0 0.000000 0.000000 0 0.000000 0.000000 0 0.000000 0.000000 0 0.000000 0.000000 0 0.000000 0.000000 0 0.000000 0.000000 0 0.000000 0.000000 0 0.000000 0.000000 0 0.000000 0.000000 0 0.000000 0.000000 0 0.000000 0.000000 0 0.000000 0.000000 0 0.000000 0.000000 0 0.000000 0.000000 0 0.000000 0.000000 0 0.000000 0.000000 0
0 0.694328 0.288717 0.048813 0.102276 0.000000 0.000000 0 0.000000 0.000000 0 0.000000 0.000000 0 0.000000 0.000000 0 0.000000 0.000000 0 0.000000 0.000000 0 0.000000 0.000000 0 0.000000 0.000000 0 0.000000 0.000000 0 0.000000 0.000000 0 0.000000 0.000000 0 0.000000 0.000000 0 0.000000 0.000000 0 0.000000 0.000000 0 0.000000 0.000000 0 0.000000 0.000000 0 0.000000 0.000000 0
0 0.203945 0.494770 0.051484 0.095061 0.000000 0.000000 0 0.000000 0.000000 0 0.000000 0.000000 0 0.000000 0.000000 0 0.000000 0.000000 0 0.000000 0.000000 0 0.000000 0.000000 0 0.000000 0.000000 0 0.000000 0.000000 0 0.000000 0.000000 0 0.000000 0.000000 0 0.000000 0.000000 0 0.000000 0.000000 0 0.000000 0.000000 0 0.000000 0.000000 0 0.000000 0.000000 0 0.000000 0.000000 0
0 0.276133 0.481308 0.037328 0.107506 0.000000 0.000000 0 0.000000 0.000000 0 0.000000 0.000000 0 0.000000 0.000000 0 0.000000 0.000000 0 0.000000 0.000000 0 0.000000 0.000000 0 0.000000 0.000000 0 0.000000 0.000000 0 0.000000 0.000000 0 0.000000 0.000000 0 0.000000 0.000000 0 0.000000 0.000000 0 0.000000 0.000000 0 0.000000 0.000000 0 0.000000 0.000000 0 0.000000 0.000000 0
0 0.447375 0.552809 0.175469 0.382034 0.425000 0.414044 1 0.431250 0.401937 1 0.425000 0.406780 1 0.445312 0.397094 1 0.000000 0.000000 0 0.462500 0.428571 1 0.432812 0.433414 1 0.485938 0.474576 1 0.429688 0.447942 1 0.470313 0.460048 1 0.456250 0.426150 1 0.465625 0.523002 1 0.437500 0.542373 1 0.426563 0.617433 1 0.453125 0.653753 1 0.407813 0.716707 1 0.506250 0.685230 1
0 0.077211 0.464213 0.064234 0.132300 0.081250 0.426150 1 0.084375 0.423729 1 0.078125 0.423729 1 0.093750 0.426150 1 0.071875 0.423729 1 0.103125 0.469734 1 0.059375 0.469734 1 0.000000 0.000000 0 0.051562 0.503632 1 0.000000 0.000000 0 0.000000 0.000000 0 0.000000 0.000000 0 0.000000 0.000000 0 0.000000 0.000000 0 0.000000 0.000000 0 0.000000 0.000000 0 0.000000 0.000000 0
0 0.658102 0.495956 0.056703 0.111719 0.000000 0.000000 0 0.000000 0.000000 0 0.000000 0.000000 0 0.000000 0.000000 0 0.000000 0.000000 0 0.000000 0.000000 0 0.000000 0.000000 0 0.000000 0.000000 0 0.000000 0.000000 0 0.000000 0.000000 0 0.000000 0.000000 0 0.000000 0.000000 0 0.000000 0.000000 0 0.000000 0.000000 0 0.000000 0.000000 0 0.000000 0.000000 0 0.000000 0.000000 0
0 0.091438 0.404346 0.071094 0.108015 0.000000 0.000000 0 0.000000 0.000000 0 0.000000 0.000000 0 0.000000 0.000000 0 0.000000 0.000000 0 0.000000 0.000000 0 0.000000 0.000000 0 0.000000 0.000000 0 0.000000 0.000000 0 0.000000 0.000000 0 0.000000 0.000000 0 0.000000 0.000000 0 0.000000 0.000000 0 0.000000 0.000000 0 0.000000 0.000000 0 0.000000 0.000000 0 0.000000 0.000000 0