0 0.829747 0.614630 0.337040 0.287900 0.888000 0.530000 1 0.901333 0.520000 1 0.882667 0.518000 1 0.938667 0.518000 1 0.000000 0.000000 0 0.968000 0.586000 1 0.864000 0.560000 1 0.968000 0.670000 1 0.816000 0.620000 1 0.880000 0.674000 1 0.810667 0.652000 1 0.866667 0.692000 1 0.810667 0.672000 1 0.872000 0.706000 1 0.677333 0.664000 1 0.717333 0.712000 1 0.784000 0.734000 1
0 0.636200 0.585140 0.274480 0.211680 0.672000 0.534000 1 0.680000 0.524000 1 0.666667 0.526000 1 0.706667 0.512000 1 0.000000 0.000000 0 0.752000 0.548000 1 0.674667 0.542000 1 0.736000 0.616000 1 0.658667 0.592000 1 0.666667 0.620000 1 0.640000 0.602000 1 0.677333 0.634000 1 0.629333 0.626000 1 0.605333 0.646000 1 0.530667 0.616000 1 0.552000 0.644000 1 0.560000 0.668000 1
0 0.495520 0.553110 0.338347 0.195100 0.560000 0.498000 1 0.568000 0.490000 1 0.560000 0.490000 1 0.000000 0.000000 0 0.594667 0.486000 1 0.634667 0.528000 1 0.552000 0.524000 1 0.000000 0.000000 0 0.000000 0.000000 0 0.000000 0.000000 0 0.000000 0.000000 0 0.594667 0.582000 1 0.554667 0.568000 1 0.493333 0.544000 1 0.458667 0.540000 1 0.426667 0.622000 1 0.384000 0.608000 1
0 0.387187 0.535720 0.295333 0.162720 0.440000 0.498000 1 0.442667 0.490000 1 0.000000 0.000000 0 0.466667 0.480000 1 0.000000 0.000000 0 0.514667 0.508000 1 0.453333 0.500000 1 0.517333 0.548000 1 0.448000 0.530000 1 0.000000 0.000000 0 0.432000 0.544000 1 0.000000 0.000000 0 0.000000 0.000000 0 0.389333 0.562000 1 0.384000 0.586000 1 0.285333 0.582000 1 0.296000 0.596000 1
0 0.284067 0.434970 0.150320 0.110380 0.000000 0.000000 0 0.000000 0.000000 0 0.000000 0.000000 0 0.000000 0.000000 0 0.000000 0.000000 0 0.000000 0.000000 0 0.000000 0.000000 0 0.000000 0.000000 0 0.000000 0.000000 0 0.000000 0.000000 0 0.000000 0.000000 0 0.000000 0.000000 0 0.000000 0.000000 0 0.000000 0.000000 0 0.000000 0.000000 0 0.000000 0.000000 0 0.000000 0.000000 0
0 0.122227 0.430600 0.114000 0.228800 0.000000 0.000000 0 0.000000 0.000000 0 0.000000 0.000000 0 0.106667 0.340000 1 0.141333 0.342000 1 0.088000 0.360000 1 0.152000 0.362000 1 0.066667 0.394000 1 0.168000 0.398000 1 0.000000 0.000000 0 0.162667 0.428000 1 0.104000 0.424000 1 0.138667 0.424000 1 0.098667 0.484000 1 0.136000 0.478000 1 0.101333 0.518000 1 0.130667 0.536000 1
0 0.259213 0.398740 0.052240 0.075680 0.000000 0.000000 0 0.000000 0.000000 0 0.000000 0.000000 0 0.000000 0.000000 0 0.000000 0.000000 0 0.000000 0.000000 0 0.000000 0.000000 0 0.000000 0.000000 0 0.000000 0.000000 0 0.000000 0.000000 0 0.000000 0.000000 0 0.000000 0.000000 0 0.000000 0.000000 0 0.000000 0.000000 0 0.000000 0.000000 0 0.000000 0.000000 0 0.000000 0.000000 0
0 0.213493 0.427820 0.066347 0.131360 0.000000 0.000000 0 0.000000 0.000000 0 0.000000 0.000000 0 0.000000 0.000000 0 0.000000 0.000000 0 0.000000 0.000000 0 0.000000 0.000000 0 0.000000 0.000000 0 0.000000 0.000000 0 0.000000 0.000000 0 0.000000 0.000000 0 0.000000 0.000000 0 0.000000 0.000000 0 0.000000 0.000000 0 0.000000 0.000000 0 0.000000 0.000000 0 0.000000 0.000000 0
0 0.275573 0.476860 0.191733 0.097040 0.000000 0.000000 0 0.000000 0.000000 0 0.000000 0.000000 0 0.000000 0.000000 0 0.000000 0.000000 0 0.322667 0.472000 1 0.344000 0.468000 1 0.000000 0.000000 0 0.317333 0.498000 1 0.000000 0.000000 0 0.290667 0.500000 1 0.000000 0.000000 0 0.000000 0.000000 0 0.000000 0.000000 0 0.000000 0.000000 0 0.000000 0.000000 0 0.000000 0.000000 0
0 0.034480 0.513460 0.068640 0.150240 0.000000 0.000000 0 0.000000 0.000000 0 0.000000 0.000000 0 0.000000 0.000000 0 0.000000 0.000000 0 0.013333 0.450000 1 0.000000 0.000000 0 0.048000 0.514000 1 0.000000 0.000000 0 0.005333 0.562000 1 0.000000 0.000000 0 0.000000 0.000000 0 0.000000 0.000000 0 0.000000 0.000000 0 0.000000 0.000000 0 0.000000 0.000000 0 0.000000 0.000000 0
0 0.026800 0.412130 0.049973 0.071100 0.000000 0.000000 0 0.000000 0.000000 0 0.000000 0.000000 0 0.000000 0.000000 0 0.000000 0.000000 0 0.000000 0.000000 0 0.000000 0.000000 0 0.000000 0.000000 0 0.000000 0.000000 0 0.000000 0.000000 0 0.000000 0.000000 0 0.000000 0.000000 0 0.000000 0.000000 0 0.000000 0.000000 0 0.000000 0.000000 0 0.000000 0.000000 0 0.000000 0.000000 0
0 0.306547 0.416570 0.042480 0.041420 0.000000 0.000000 0 0.000000 0.000000 0 0.000000 0.000000 0 0.000000 0.000000 0 0.000000 0.000000 0 0.000000 0.000000 0 0.000000 0.000000 0 0.000000 0.000000 0 0.000000 0.000000 0 0.000000 0.000000 0 0.000000 0.000000 0 0.000000 0.000000 0 0.000000 0.000000 0 0.000000 0.000000 0 0.000000 0.000000 0 0.000000 0.000000 0 0.000000 0.000000 0
0 0.060320 0.445110 0.063200 0.120500 0.000000 0.000000 0 0.000000 0.000000 0 0.000000 0.000000 0 0.000000 0.000000 0 0.000000 0.000000 0 0.000000 0.000000 0 0.000000 0.000000 0 0.000000 0.000000 0 0.000000 0.000000 0 0.000000 0.000000 0 0.000000 0.000000 0 0.000000 0.000000 0 0.000000 0.000000 0 0.000000 0.000000 0 0.000000 0.000000 0 0.000000 0.000000 0 0.000000 0.000000 0