0 0.638578 0.387394 0.051562 0.177005 0.000000 0.000000 0 0.632812 0.320755 1 0.625000 0.325472 1 0.639062 0.320755 1 0.000000 0.000000 0 0.648438 0.341981 1 0.625000 0.349057 1 0.640625 0.367925 1 0.000000 0.000000 0 0.623437 0.382075 1 0.000000 0.000000 0 0.643750 0.412736 1 0.629687 0.415094 1 0.646875 0.462264 1 0.628125 0.457547 1 0.000000 0.000000 0 0.000000 0.000000 0
0 0.650781 0.264151 0.091500 0.291038 0.637500 0.153302 1 0.642188 0.146226 1 0.632812 0.146226 1 0.650000 0.153302 1 0.628125 0.153302 1 0.667188 0.198113 1 0.623437 0.195755 1 0.684375 0.247642 1 0.609375 0.245283 1 0.642188 0.266509 1 0.621875 0.259434 1 0.660937 0.292453 1 0.625000 0.292453 1 0.657813 0.384434 1 0.629687 0.382075 1 0.000000 0.000000 0 0.000000 0.000000 0
0 0.289969 0.204965 0.037500 0.065825 0.000000 0.000000 0 0.000000 0.000000 0 0.000000 0.000000 0 0.000000 0.000000 0 0.000000 0.000000 0 0.000000 0.000000 0 0.000000 0.000000 0 0.000000 0.000000 0 0.000000 0.000000 0 0.000000 0.000000 0 0.000000 0.000000 0 0.000000 0.000000 0 0.000000 0.000000 0 0.000000 0.000000 0 0.000000 0.000000 0 0.000000 0.000000 0 0.000000 0.000000 0
0 0.573180 0.311993 0.089328 0.328090 0.568750 0.186321 1 0.573438 0.179245 1 0.564063 0.179245 1 0.585938 0.179245 1 0.000000 0.000000 0 0.590625 0.214623 1 0.553125 0.216981 1 0.576562 0.259434 1 0.535937 0.266509 1 0.554688 0.257075 1 0.565625 0.268868 1 0.578125 0.330189 1 0.553125 0.327830 1 0.576562 0.426887 1 0.553125 0.419811 1 0.000000 0.000000 0 0.000000 0.000000 0
0 0.080812 0.239953 0.087000 0.161085 0.087500 0.195755 1 0.093750 0.193396 1 0.084375 0.191038 1 0.098437 0.193396 1 0.073438 0.191038 1 0.107813 0.231132 1 0.060937 0.231132 1 0.115625 0.268868 1 0.045312 0.261792 1 0.084375 0.301887 1 0.065625 0.292453 1 0.098437 0.316038 1 0.067187 0.313679 1 0.000000 0.000000 0 0.000000 0.000000 0 0.000000 0.000000 0 0.000000 0.000000 0
0 0.673664 0.691002 0.382609 0.240448 0.689063 0.643868 1 0.704688 0.636792 1 0.689063 0.625000 1 0.720313 0.639151 1 0.681250 0.601415 1 0.707812 0.695755 1 0.643750 0.620283 1 0.767188 0.766509 1 0.581250 0.667453 1 0.823438 0.783019 1 0.517188 0.702830 1 0.628125 0.797170 1 0.585938 0.759434 1 0.000000 0.000000 0 0.000000 0.000000 0 0.000000 0.000000 0 0.000000 0.000000 0
0 0.234375 0.214788 0.042625 0.070189 0.000000 0.000000 0 0.000000 0.000000 0 0.000000 0.000000 0 0.000000 0.000000 0 0.000000 0.000000 0 0.000000 0.000000 0 0.000000 0.000000 0 0.000000 0.000000 0 0.000000 0.000000 0 0.000000 0.000000 0 0.000000 0.000000 0 0.000000 0.000000 0 0.000000 0.000000 0 0.000000 0.000000 0 0.000000 0.000000 0 0.000000 0.000000 0 0.000000 0.000000 0
0 0.197102 0.201498 0.049172 0.084882 0.000000 0.000000 0 0.000000 0.000000 0 0.000000 0.000000 0 0.000000 0.000000 0 0.000000 0.000000 0 0.000000 0.000000 0 0.000000 0.000000 0 0.000000 0.000000 0 0.000000 0.000000 0 0.000000 0.000000 0 0.000000 0.000000 0 0.000000 0.000000 0 0.000000 0.000000 0 0.000000 0.000000 0 0.000000 0.000000 0 0.000000 0.000000 0 0.000000 0.000000 0
0 0.153930 0.218042 0.044891 0.082500 0.000000 0.000000 0 0.000000 0.000000 0 0.000000 0.000000 0 0.000000 0.000000 0 0.000000 0.000000 0 0.000000 0.000000 0 0.000000 0.000000 0 0.000000 0.000000 0 0.000000 0.000000 0 0.000000 0.000000 0 0.000000 0.000000 0 0.000000 0.000000 0 0.000000 0.000000 0 0.000000 0.000000 0 0.000000 0.000000 0 0.000000 0.000000 0 0.000000 0.000000 0
0 0.047164 0.214752 0.040266 0.123750 0.000000 0.000000 0 0.000000 0.000000 0 0.000000 0.000000 0 0.000000 0.000000 0 0.000000 0.000000 0 0.000000 0.000000 0 0.000000 0.000000 0 0.000000 0.000000 0 0.000000 0.000000 0 0.000000 0.000000 0 0.000000 0.000000 0 0.000000 0.000000 0 0.000000 0.000000 0 0.000000 0.000000 0 0.000000 0.000000 0 0.000000 0.000000 0 0.000000 0.000000 0
0 0.028562 0.334033 0.055875 0.197594 0.025000 0.266509 1 0.029687 0.259434 1 0.018750 0.259434 1 0.000000 0.000000 0 0.000000 0.000000 0 0.040625 0.290094 1 0.006250 0.287736 1 0.000000 0.000000 0 0.000000 0.000000 0 0.000000 0.000000 0 0.000000 0.000000 0 0.031250 0.341981 1 0.009375 0.341981 1 0.028125 0.396226 1 0.010937 0.396226 1 0.000000 0.000000 0 0.000000 0.000000 0
0 0.882437 0.422936 0.068187 0.303561 0.881250 0.301887 1 0.885938 0.294811 1 0.875000 0.294811 1 0.893750 0.299528 1 0.000000 0.000000 0 0.896875 0.332547 1 0.868750 0.330189 1 0.893750 0.377358 1 0.854688 0.377358 1 0.882812 0.353774 1 0.873437 0.349057 1 0.890625 0.417453 1 0.870313 0.415094 1 0.890625 0.500000 1 0.862500 0.490566 1 0.906250 0.563679 1 0.882812 0.568396 1