0 0.161500 0.467906 0.152344 0.354354 0.000000 0.000000 0 0.000000 0.000000 0 0.000000 0.000000 0 0.170313 0.320833 1 0.000000 0.000000 0 0.157812 0.347917 1 0.189062 0.356250 1 0.000000 0.000000 0 0.209375 0.412500 1 0.223438 0.395833 1 0.226562 0.387500 1 0.134375 0.452083 1 0.156250 0.456250 1 0.126562 0.522917 1 0.189062 0.529167 1 0.101562 0.595833 1 0.192188 0.622917 1
0 0.056336 0.708896 0.112672 0.226458 0.000000 0.000000 0 0.000000 0.000000 0 0.000000 0.000000 0 0.051562 0.643750 1 0.079687 0.643750 1 0.035937 0.695833 1 0.092188 0.691667 1 0.028125 0.758333 1 0.000000 0.000000 0 0.000000 0.000000 0 0.000000 0.000000 0 0.056250 0.802083 1 0.093750 0.802083 1 0.015625 0.785417 1 0.000000 0.000000 0 0.000000 0.000000 0 0.000000 0.000000 0
0 0.213109 0.697740 0.117187 0.226312 0.000000 0.000000 0 0.000000 0.000000 0 0.000000 0.000000 0 0.220312 0.627083 1 0.254688 0.620833 1 0.215625 0.695833 1 0.276562 0.662500 1 0.214062 0.775000 1 0.000000 0.000000 0 0.000000 0.000000 0 0.000000 0.000000 0 0.253125 0.789583 1 0.290625 0.777083 1 0.170313 0.785417 1 0.000000 0.000000 0 0.000000 0.000000 0 0.000000 0.000000 0
0 0.285102 0.697406 0.151828 0.300438 0.000000 0.000000 0 0.000000 0.000000 0 0.000000 0.000000 0 0.000000 0.000000 0 0.000000 0.000000 0 0.290625 0.635417 1 0.345313 0.631250 1 0.265625 0.702083 1 0.000000 0.000000 0 0.232813 0.687500 1 0.000000 0.000000 0 0.290625 0.752083 1 0.337500 0.745833 1 0.245312 0.710417 1 0.279687 0.708333 1 0.265625 0.825000 1 0.290625 0.810417 1
0 0.396844 0.685531 0.072219 0.199229 0.000000 0.000000 0 0.000000 0.000000 0 0.000000 0.000000 0 0.389062 0.625000 1 0.000000 0.000000 0 0.387500 0.664583 1 0.434375 0.662500 1 0.351562 0.702083 1 0.000000 0.000000 0 0.367188 0.654167 1 0.000000 0.000000 0 0.389062 0.779167 1 0.431250 0.779167 1 0.000000 0.000000 0 0.000000 0.000000 0 0.000000 0.000000 0 0.000000 0.000000 0
0 0.871438 0.192344 0.093406 0.214979 0.876563 0.116667 1 0.879687 0.112500 1 0.875000 0.112500 1 0.892188 0.114583 1 0.000000 0.000000 0 0.903125 0.143750 1 0.875000 0.139583 1 0.896875 0.193750 1 0.868750 0.175000 1 0.871875 0.208333 1 0.859375 0.206250 1 0.904687 0.210417 1 0.878125 0.202083 1 0.875000 0.231250 1 0.831250 0.220833 1 0.870313 0.285417 1 0.856250 0.277083 1
0 0.943273 0.213292 0.113453 0.220083 0.953125 0.129167 1 0.957812 0.125000 1 0.951562 0.125000 1 0.968750 0.125000 1 0.000000 0.000000 0 0.982812 0.156250 1 0.951562 0.156250 1 0.995313 0.200000 1 0.940625 0.197917 1 0.982812 0.218750 1 0.950000 0.200000 1 0.968750 0.229167 1 0.946875 0.227083 1 0.942187 0.235417 1 0.907813 0.229167 1 0.946875 0.310417 1 0.917188 0.304167 1
0 0.257188 0.719646 0.034781 0.027208 0.000000 0.000000 0 0.000000 0.000000 0 0.000000 0.000000 0 0.000000 0.000000 0 0.000000 0.000000 0 0.000000 0.000000 0 0.000000 0.000000 0 0.000000 0.000000 0 0.000000 0.000000 0 0.000000 0.000000 0 0.000000 0.000000 0 0.000000 0.000000 0 0.000000 0.000000 0 0.000000 0.000000 0 0.000000 0.000000 0 0.000000 0.000000 0 0.000000 0.000000 0
0 0.516336 0.117885 0.123578 0.201979 0.537500 0.043750 1 0.542188 0.039583 1 0.534375 0.039583 1 0.550000 0.041667 1 0.000000 0.000000 0 0.556250 0.062500 1 0.528125 0.060417 1 0.543750 0.102083 1 0.514062 0.093750 1 0.512500 0.116667 1 0.498437 0.110417 1 0.548438 0.127083 1 0.525000 0.125000 1 0.506250 0.106250 1 0.506250 0.137500 1 0.479687 0.166667 1 0.512500 0.200000 1
0 0.230570 0.208333 0.082766 0.286042 0.243750 0.089583 1 0.248438 0.083333 1 0.240625 0.083333 1 0.256250 0.085417 1 0.234375 0.085417 1 0.265625 0.122917 1 0.228125 0.118750 1 0.253125 0.162500 1 0.220312 0.162500 1 0.225000 0.152083 1 0.246875 0.164583 1 0.246875 0.200000 1 0.226562 0.197917 1 0.245312 0.270833 1 0.210938 0.272917 1 0.240625 0.329167 1 0.204687 0.329167 1
0 0.486047 0.604740 0.049062 0.073062 0.000000 0.000000 0 0.000000 0.000000 0 0.000000 0.000000 0 0.000000 0.000000 0 0.000000 0.000000 0 0.000000 0.000000 0 0.000000 0.000000 0 0.000000 0.000000 0 0.000000 0.000000 0 0.000000 0.000000 0 0.000000 0.000000 0 0.000000 0.000000 0 0.000000 0.000000 0 0.000000 0.000000 0 0.000000 0.000000 0 0.000000 0.000000 0 0.000000 0.000000 0
0 0.647992 0.389896 0.083547 0.365292 0.628125 0.247917 1 0.635938 0.241667 1 0.000000 0.000000 0 0.650000 0.247917 1 0.000000 0.000000 0 0.670312 0.291667 1 0.651563 0.272917 1 0.668750 0.347917 1 0.626563 0.341667 1 0.656250 0.406250 1 0.615625 0.391667 1 0.648438 0.389583 1 0.629687 0.389583 1 0.642188 0.475000 1 0.634375 0.466667 1 0.642188 0.552083 1 0.648438 0.550000 1
0 0.778063 0.179240 0.123469 0.216562 0.789062 0.104167 1 0.793750 0.097917 1 0.787500 0.095833 1 0.804688 0.097917 1 0.000000 0.000000 0 0.817187 0.127083 1 0.778125 0.122917 1 0.831250 0.160417 1 0.764062 0.152083 1 0.815625 0.189583 1 0.765625 0.175000 1 0.809375 0.193750 1 0.779687 0.191667 1 0.796875 0.208333 1 0.745313 0.200000 1 0.798438 0.262500 1 0.737500 0.264583 1