0 0.199594 0.658056 0.114750 0.548571 0.210938 0.442623 1 0.217188 0.430913 1 0.203125 0.428571 1 0.000000 0.000000 0 0.185938 0.426230 1 0.201563 0.491803 1 0.179688 0.475410 1 0.214062 0.576112 1 0.165625 0.573770 1 0.242188 0.637002 1 0.212500 0.627635 1 0.203125 0.653396 1 0.182812 0.653396 1 0.192188 0.761124 1 0.223438 0.772834 1 0.167187 0.866511 1 0.192188 0.885246 1
0 0.329656 0.626920 0.058031 0.316557 0.000000 0.000000 0 0.000000 0.000000 0 0.000000 0.000000 0 0.000000 0.000000 0 0.000000 0.000000 0 0.315625 0.529274 1 0.339062 0.522248 1 0.312500 0.576112 1 0.000000 0.000000 0 0.306250 0.615925 1 0.000000 0.000000 0 0.328125 0.618267 1 0.348438 0.615925 1 0.335938 0.683841 1 0.332813 0.681499 1 0.346875 0.754098 1 0.334375 0.733021 1
0 0.396906 0.575468 0.044437 0.233138 0.000000 0.000000 0 0.381250 0.475410 1 0.378125 0.475410 1 0.000000 0.000000 0 0.000000 0.000000 0 0.401562 0.503513 1 0.378125 0.505855 1 0.000000 0.000000 0 0.000000 0.000000 0 0.000000 0.000000 0 0.000000 0.000000 0 0.396875 0.559719 1 0.381250 0.566745 1 0.396875 0.620609 1 0.385937 0.622951 1 0.407813 0.672131 1 0.389062 0.681499 1
0 0.455156 0.844274 0.131187 0.280913 0.000000 0.000000 0 0.000000 0.000000 0 0.000000 0.000000 0 0.395313 0.789227 1 0.456250 0.789227 1 0.420312 0.864169 1 0.459375 0.840749 1 0.431250 0.992974 1 0.412500 0.962529 1 0.000000 0.000000 0 0.000000 0.000000 0 0.000000 0.000000 0 0.521875 0.992974 1 0.000000 0.000000 0 0.000000 0.000000 0 0.000000 0.000000 0 0.000000 0.000000 0
0 0.691320 0.595422 0.084172 0.279742 0.675000 0.482436 1 0.679688 0.480094 1 0.671875 0.480094 1 0.687500 0.475410 1 0.000000 0.000000 0 0.700000 0.510539 1 0.671875 0.522248 1 0.717187 0.555035 1 0.664062 0.559719 1 0.723437 0.594848 1 0.656250 0.599532 1 0.706250 0.594848 1 0.682813 0.597190 1 0.706250 0.653396 1 0.000000 0.000000 0 0.723437 0.716628 1 0.000000 0.000000 0
0 0.688852 0.651546 0.058234 0.210773 0.682813 0.573770 1 0.685937 0.569087 1 0.679688 0.566745 1 0.695312 0.571429 1 0.000000 0.000000 0 0.693750 0.594848 1 0.673438 0.597190 1 0.703125 0.627635 1 0.662500 0.625293 1 0.690625 0.615925 1 0.679688 0.615925 1 0.693750 0.658080 1 0.675000 0.662763 1 0.701562 0.700234 1 0.676562 0.711944 1 0.712500 0.730679 1 0.675000 0.744731 1
0 0.579688 0.631628 0.035094 0.251499 0.567187 0.531616 1 0.570312 0.524590 1 0.000000 0.000000 0 0.578125 0.526932 1 0.000000 0.000000 0 0.582812 0.559719 1 0.575000 0.557377 1 0.582812 0.604215 1 0.000000 0.000000 0 0.573438 0.639344 1 0.000000 0.000000 0 0.584375 0.625293 1 0.000000 0.000000 0 0.582812 0.686183 1 0.000000 0.000000 0 0.589063 0.735363 1 0.000000 0.000000 0
0 0.300578 0.465749 0.015062 0.063724 0.000000 0.000000 0 0.000000 0.000000 0 0.000000 0.000000 0 0.000000 0.000000 0 0.000000 0.000000 0 0.000000 0.000000 0 0.000000 0.000000 0 0.000000 0.000000 0 0.000000 0.000000 0 0.000000 0.000000 0 0.000000 0.000000 0 0.000000 0.000000 0 0.000000 0.000000 0 0.000000 0.000000 0 0.000000 0.000000 0 0.000000 0.000000 0 0.000000 0.000000 0
0 0.075828 0.627693 0.051281 0.299977 0.060937 0.501171 1 0.065625 0.496487 1 0.057813 0.496487 1 0.073438 0.505855 1 0.000000 0.000000 0 0.079687 0.538642 1 0.000000 0.000000 0 0.081250 0.599532 1 0.000000 0.000000 0 0.081250 0.644028 1 0.000000 0.000000 0 0.064062 0.613583 1 0.000000 0.000000 0 0.065625 0.693208 1 0.000000 0.000000 0 0.082812 0.742389 1 0.000000 0.000000 0
0 0.080227 0.505176 0.031703 0.114005 0.000000 0.000000 0 0.000000 0.000000 0 0.000000 0.000000 0 0.000000 0.000000 0 0.000000 0.000000 0 0.000000 0.000000 0 0.000000 0.000000 0 0.000000 0.000000 0 0.000000 0.000000 0 0.000000 0.000000 0 0.000000 0.000000 0 0.000000 0.000000 0 0.000000 0.000000 0 0.000000 0.000000 0 0.000000 0.000000 0 0.000000 0.000000 0 0.000000 0.000000 0
0 0.045422 0.629239 0.082031 0.380492 0.000000 0.000000 0 0.000000 0.000000 0 0.000000 0.000000 0 0.000000 0.000000 0 0.057813 0.475410 1 0.032813 0.508197 1 0.043750 0.512881 1 0.000000 0.000000 0 0.043750 0.573770 1 0.000000 0.000000 0 0.056250 0.629977 1 0.020313 0.620609 1 0.034375 0.620609 1 0.040625 0.702576 1 0.051562 0.702576 1 0.035937 0.789227 1 0.050000 0.796253 1
0 0.927727 0.641710 0.084391 0.324824 0.928125 0.510539 1 0.932813 0.508197 1 0.923438 0.508197 1 0.943750 0.515222 1 0.920312 0.510539 1 0.948438 0.548009 1 0.917188 0.545667 1 0.960938 0.604215 1 0.912500 0.597190 1 0.962500 0.648712 1 0.906250 0.639344 1 0.939063 0.646370 1 0.918750 0.646370 1 0.939063 0.714286 1 0.912500 0.711944 1 0.957812 0.777518 1 0.907813 0.770492 1
0 0.881133 0.539297 0.032953 0.079391 0.000000 0.000000 0 0.000000 0.000000 0 0.000000 0.000000 0 0.000000 0.000000 0 0.000000 0.000000 0 0.000000 0.000000 0 0.000000 0.000000 0 0.000000 0.000000 0 0.000000 0.000000 0 0.000000 0.000000 0 0.000000 0.000000 0 0.000000 0.000000 0 0.000000 0.000000 0 0.000000 0.000000 0 0.000000 0.000000 0 0.000000 0.000000 0 0.000000 0.000000 0