0 0.533992 0.533709 0.116672 0.235962 0.531250 0.448357 1 0.532813 0.443662 1 0.000000 0.000000 0 0.539062 0.450704 1 0.000000 0.000000 0 0.550000 0.476526 1 0.545312 0.476526 1 0.551562 0.518779 1 0.000000 0.000000 0 0.534375 0.537559 1 0.531250 0.532864 1 0.551562 0.553991 1 0.546875 0.551643 1 0.515625 0.568075 1 0.510938 0.563380 1 0.501563 0.624413 1 0.498437 0.622066 1
0 0.766008 0.621878 0.118609 0.346808 0.756250 0.490610 1 0.753125 0.485915 1 0.757812 0.485915 1 0.765625 0.492958 1 0.768750 0.485915 1 0.798438 0.523474 1 0.768750 0.518779 1 0.784375 0.586854 1 0.773438 0.586854 1 0.756250 0.584507 1 0.751563 0.589202 1 0.798438 0.638498 1 0.775000 0.638498 1 0.753125 0.661972 1 0.726562 0.657277 1 0.751563 0.774648 1 0.732812 0.762911 1
0 0.034984 0.451772 0.051344 0.212934 0.000000 0.000000 0 0.000000 0.000000 0 0.000000 0.000000 0 0.031250 0.361502 1 0.045312 0.363850 1 0.028125 0.377934 1 0.046875 0.380282 1 0.014063 0.415493 1 0.057813 0.424883 1 0.012500 0.446009 1 0.048438 0.427230 1 0.026562 0.429577 1 0.045312 0.431925 1 0.028125 0.492958 1 0.045312 0.488263 1 0.032813 0.532864 1 0.043750 0.542254 1
0 0.180563 0.476913 0.061844 0.261620 0.000000 0.000000 0 0.000000 0.000000 0 0.000000 0.000000 0 0.167187 0.363850 1 0.185938 0.361502 1 0.165625 0.399061 1 0.190625 0.396714 1 0.000000 0.000000 0 0.000000 0.000000 0 0.000000 0.000000 0 0.000000 0.000000 0 0.171875 0.457746 1 0.189062 0.455399 1 0.173437 0.514085 1 0.184375 0.514085 1 0.185938 0.589202 1 0.190625 0.591549 1
0 0.684234 0.570681 0.153375 0.322160 0.723437 0.455399 1 0.728125 0.450704 1 0.000000 0.000000 0 0.743750 0.455399 1 0.000000 0.000000 0 0.746875 0.500000 1 0.000000 0.000000 0 0.728125 0.561033 1 0.000000 0.000000 0 0.693750 0.582160 1 0.707812 0.544601 1 0.718750 0.589202 1 0.701562 0.565728 1 0.656250 0.622066 1 0.668750 0.514085 1 0.639062 0.701878 1 0.651563 0.586854 1
0 0.109945 0.468075 0.040797 0.197465 0.000000 0.000000 0 0.000000 0.000000 0 0.000000 0.000000 0 0.000000 0.000000 0 0.000000 0.000000 0 0.115625 0.403756 1 0.098437 0.406103 1 0.117188 0.434272 1 0.000000 0.000000 0 0.107813 0.429577 1 0.000000 0.000000 0 0.115625 0.450704 1 0.103125 0.453052 1 0.115625 0.507042 1 0.106250 0.502347 1 0.123438 0.544601 1 0.110937 0.551643 1
0 0.142633 0.373944 0.017578 0.042300 0.000000 0.000000 0 0.000000 0.000000 0 0.000000 0.000000 0 0.000000 0.000000 0 0.000000 0.000000 0 0.000000 0.000000 0 0.000000 0.000000 0 0.000000 0.000000 0 0.000000 0.000000 0 0.000000 0.000000 0 0.000000 0.000000 0 0.000000 0.000000 0 0.000000 0.000000 0 0.000000 0.000000 0 0.000000 0.000000 0 0.000000 0.000000 0 0.000000 0.000000 0
0 0.120523 0.383474 0.013828 0.072864 0.000000 0.000000 0 0.000000 0.000000 0 0.000000 0.000000 0 0.000000 0.000000 0 0.000000 0.000000 0 0.000000 0.000000 0 0.000000 0.000000 0 0.000000 0.000000 0 0.000000 0.000000 0 0.000000 0.000000 0 0.000000 0.000000 0 0.000000 0.000000 0 0.000000 0.000000 0 0.000000 0.000000 0 0.000000 0.000000 0 0.000000 0.000000 0 0.000000 0.000000 0
0 0.161156 0.381279 0.020344 0.079131 0.000000 0.000000 0 0.000000 0.000000 0 0.000000 0.000000 0 0.000000 0.000000 0 0.000000 0.000000 0 0.000000 0.000000 0 0.000000 0.000000 0 0.000000 0.000000 0 0.000000 0.000000 0 0.000000 0.000000 0 0.000000 0.000000 0 0.000000 0.000000 0 0.000000 0.000000 0 0.000000 0.000000 0 0.000000 0.000000 0 0.000000 0.000000 0 0.000000 0.000000 0
0 0.078695 0.363803 0.019203 0.067746 0.000000 0.000000 0 0.000000 0.000000 0 0.000000 0.000000 0 0.000000 0.000000 0 0.000000 0.000000 0 0.000000 0.000000 0 0.000000 0.000000 0 0.000000 0.000000 0 0.000000 0.000000 0 0.000000 0.000000 0 0.000000 0.000000 0 0.000000 0.000000 0 0.000000 0.000000 0 0.000000 0.000000 0 0.000000 0.000000 0 0.000000 0.000000 0 0.000000 0.000000 0
0 0.234742 0.380352 0.017234 0.083803 0.000000 0.000000 0 0.000000 0.000000 0 0.000000 0.000000 0 0.000000 0.000000 0 0.000000 0.000000 0 0.000000 0.000000 0 0.000000 0.000000 0 0.000000 0.000000 0 0.000000 0.000000 0 0.000000 0.000000 0 0.000000 0.000000 0 0.000000 0.000000 0 0.000000 0.000000 0 0.000000 0.000000 0 0.000000 0.000000 0 0.000000 0.000000 0 0.000000 0.000000 0