0 0.231430 0.691960 0.204460 0.533680 0.204000 0.504000 1 0.000000 0.000000 0 0.200000 0.496000 1 0.000000 0.000000 0 0.178000 0.490667 1 0.206000 0.541333 1 0.144000 0.560000 1 0.244000 0.610667 1 0.174000 0.645333 1 0.284000 0.562667 1 0.206000 0.613333 1 0.218000 0.693333 1 0.180000 0.704000 1 0.290000 0.754667 1 0.258000 0.768000 1 0.298000 0.885333 1 0.230000 0.917333 1
0 0.477130 0.427787 0.106620 0.212747 0.000000 0.000000 0 0.000000 0.000000 0 0.000000 0.000000 0 0.000000 0.000000 0 0.496000 0.352000 1 0.458000 0.373333 1 0.492000 0.386667 1 0.432000 0.413333 1 0.498000 0.440000 1 0.454000 0.450667 1 0.518000 0.432000 1 0.464000 0.472000 1 0.488000 0.477333 1 0.000000 0.000000 0 0.000000 0.000000 0 0.000000 0.000000 0 0.000000 0.000000 0
0 0.804740 0.531600 0.105400 0.477493 0.788000 0.328000 1 0.796000 0.317333 1 0.000000 0.000000 0 0.816000 0.325333 1 0.000000 0.000000 0 0.816000 0.373333 1 0.796000 0.373333 1 0.832000 0.450667 1 0.766000 0.408000 1 0.834000 0.506667 1 0.774000 0.354667 1 0.802000 0.490667 1 0.796000 0.490667 1 0.792000 0.621333 1 0.782000 0.613333 1 0.810000 0.733333 1 0.820000 0.706667 1
0 0.592250 0.463760 0.059060 0.262560 0.000000 0.000000 0 0.000000 0.000000 0 0.000000 0.000000 0 0.000000 0.000000 0 0.000000 0.000000 0 0.564000 0.389333 1 0.590000 0.389333 1 0.000000 0.000000 0 0.598000 0.426667 1 0.000000 0.000000 0 0.606000 0.400000 1 0.000000 0.000000 0 0.584000 0.458667 1 0.000000 0.000000 0 0.588000 0.520000 1 0.000000 0.000000 0 0.594000 0.576000 1
0 0.628950 0.374333 0.036820 0.100187 0.000000 0.000000 0 0.000000 0.000000 0 0.000000 0.000000 0 0.000000 0.000000 0 0.000000 0.000000 0 0.000000 0.000000 0 0.000000 0.000000 0 0.000000 0.000000 0 0.000000 0.000000 0 0.000000 0.000000 0 0.000000 0.000000 0 0.000000 0.000000 0 0.000000 0.000000 0 0.000000 0.000000 0 0.000000 0.000000 0 0.000000 0.000000 0 0.000000 0.000000 0
0 0.658880 0.452640 0.091320 0.308213 0.000000 0.000000 0 0.000000 0.000000 0 0.000000 0.000000 0 0.662000 0.320000 1 0.682000 0.322667 1 0.646000 0.349333 1 0.686000 0.357333 1 0.632000 0.389333 1 0.696000 0.400000 1 0.616000 0.424000 1 0.694000 0.448000 1 0.654000 0.434667 1 0.678000 0.437333 1 0.650000 0.509333 1 0.676000 0.525333 1 0.644000 0.576000 1 0.670000 0.584000 1
0 0.704350 0.446587 0.045700 0.274187 0.000000 0.000000 0 0.000000 0.000000 0 0.000000 0.000000 0 0.000000 0.000000 0 0.710000 0.336000 1 0.680000 0.357333 1 0.708000 0.370667 1 0.000000 0.000000 0 0.720000 0.418667 1 0.000000 0.000000 0 0.000000 0.000000 0 0.686000 0.442667 1 0.702000 0.442667 1 0.000000 0.000000 0 0.000000 0.000000 0 0.000000 0.000000 0 0.000000 0.000000 0
0 0.528690 0.466960 0.059900 0.317600 0.536000 0.336000 1 0.000000 0.000000 0 0.534000 0.328000 1 0.000000 0.000000 0 0.528000 0.333333 1 0.000000 0.000000 0 0.516000 0.365333 1 0.000000 0.000000 0 0.526000 0.413333 1 0.000000 0.000000 0 0.542000 0.437333 1 0.000000 0.000000 0 0.518000 0.450667 1 0.000000 0.000000 0 0.528000 0.514667 1 0.000000 0.000000 0 0.530000 0.594667 1
0 0.561740 0.463000 0.069320 0.293413 0.000000 0.000000 0 0.000000 0.000000 0 0.000000 0.000000 0 0.000000 0.000000 0 0.552000 0.346667 1 0.522000 0.378667 1 0.552000 0.378667 1 0.000000 0.000000 0 0.564000 0.424000 1 0.000000 0.000000 0 0.574000 0.466667 1 0.524000 0.461333 1 0.552000 0.461333 1 0.000000 0.000000 0 0.560000 0.525333 1 0.000000 0.000000 0 0.574000 0.592000 1
0 0.748830 0.454280 0.048220 0.265040 0.000000 0.000000 0 0.000000 0.000000 0 0.000000 0.000000 0 0.754000 0.346667 1 0.000000 0.000000 0 0.742000 0.368000 1 0.786000 0.370667 1 0.730000 0.397333 1 0.000000 0.000000 0 0.000000 0.000000 0 0.000000 0.000000 0 0.746000 0.434667 1 0.768000 0.434667 1 0.746000 0.504000 1 0.764000 0.506667 1 0.742000 0.562667 1 0.762000 0.568000 1
0 0.592140 0.362347 0.028800 0.094133 0.000000 0.000000 0 0.000000 0.000000 0 0.000000 0.000000 0 0.000000 0.000000 0 0.000000 0.000000 0 0.000000 0.000000 0 0.000000 0.000000 0 0.000000 0.000000 0 0.000000 0.000000 0 0.000000 0.000000 0 0.000000 0.000000 0 0.000000 0.000000 0 0.000000 0.000000 0 0.000000 0.000000 0 0.000000 0.000000 0 0.000000 0.000000 0 0.000000 0.000000 0
0 0.613650 0.363707 0.020220 0.053440 0.000000 0.000000 0 0.000000 0.000000 0 0.000000 0.000000 0 0.000000 0.000000 0 0.000000 0.000000 0 0.000000 0.000000 0 0.000000 0.000000 0 0.000000 0.000000 0 0.000000 0.000000 0 0.000000 0.000000 0 0.000000 0.000000 0 0.000000 0.000000 0 0.000000 0.000000 0 0.000000 0.000000 0 0.000000 0.000000 0 0.000000 0.000000 0 0.000000 0.000000 0