0 0.449765 0.451570 0.887292 0.903141 0.654584 0.221875 1 0.688699 0.207813 1 0.656716 0.203125 1 0.765458 0.175000 1 0.609808 0.125000 1 0.658849 0.248438 1 0.381663 0.135937 1 0.754797 0.387500 1 0.130064 0.154688 1 0.855011 0.542188 1 0.000000 0.000000 0 0.441365 0.340625 1 0.289979 0.309375 1 0.577825 0.321875 1 0.411514 0.489063 1 0.522388 0.628125 1 0.407249 0.790625 1
0 0.596247 0.867117 0.381109 0.245484 0.701493 0.796875 1 0.724947 0.784375 1 0.697228 0.776563 1 0.000000 0.000000 0 0.000000 0.000000 0 0.703625 0.876563 1 0.584222 0.796875 1 0.695096 0.967187 1 0.471215 0.829688 1 0.000000 0.000000 0 0.405117 0.882812 1 0.556503 0.990625 1 0.462687 0.957812 1 0.000000 0.000000 0 0.000000 0.000000 0 0.000000 0.000000 0 0.000000 0.000000 0
0 0.879733 0.950086 0.149701 0.099828 0.933902 0.931250 1 0.000000 0.000000 0 0.929638 0.926562 1 0.000000 0.000000 0 0.904051 0.921875 1 0.938166 0.956250 1 0.855011 0.937500 1 0.940299 0.992188 1 0.827292 0.973437 1 0.000000 0.000000 0 0.000000 0.000000 0 0.000000 0.000000 0 0.000000 0.000000 0 0.000000 0.000000 0 0.000000 0.000000 0 0.000000 0.000000 0 0.000000 0.000000 0
0 0.834968 0.949180 0.087249 0.101641 0.000000 0.000000 0 0.000000 0.000000 0 0.872068 0.923438 1 0.000000 0.000000 0 0.855011 0.923438 1 0.816631 0.939063 1 0.850746 0.943750 1 0.795309 0.976562 1 0.000000 0.000000 0 0.000000 0.000000 0 0.000000 0.000000 0 0.000000 0.000000 0 0.000000 0.000000 0 0.000000 0.000000 0 0.000000 0.000000 0 0.000000 0.000000 0 0.000000 0.000000 0
0 0.266812 0.940672 0.055373 0.101875 0.000000 0.000000 0 0.000000 0.000000 0 0.000000 0.000000 0 0.000000 0.000000 0 0.000000 0.000000 0 0.000000 0.000000 0 0.000000 0.000000 0 0.000000 0.000000 0 0.000000 0.000000 0 0.000000 0.000000 0 0.000000 0.000000 0 0.000000 0.000000 0 0.000000 0.000000 0 0.000000 0.000000 0 0.000000 0.000000 0 0.000000 0.000000 0 0.000000 0.000000 0
0 0.297260 0.949820 0.062367 0.100359 0.000000 0.000000 0 0.000000 0.000000 0 0.000000 0.000000 0 0.000000 0.000000 0 0.000000 0.000000 0 0.317697 0.931250 1 0.292111 0.931250 1 0.000000 0.000000 0 0.272921 0.948438 1 0.000000 0.000000 0 0.000000 0.000000 0 0.309168 0.985938 1 0.289979 0.987500 1 0.000000 0.000000 0 0.000000 0.000000 0 0.000000 0.000000 0 0.000000 0.000000 0
0 0.227111 0.941164 0.052814 0.117672 0.247335 0.900000 1 0.000000 0.000000 0 0.245203 0.895312 1 0.000000 0.000000 0 0.234542 0.892188 1 0.232409 0.910937 1 0.219616 0.909375 1 0.000000 0.000000 0 0.230277 0.890625 1 0.000000 0.000000 0 0.000000 0.000000 0 0.228145 0.957812 1 0.215352 0.957812 1 0.223881 0.995313 1 0.213220 0.993750 1 0.000000 0.000000 0 0.000000 0.000000 0
0 0.116674 0.912180 0.126823 0.175641 0.125800 0.843750 1 0.134328 0.842187 1 0.125800 0.839063 1 0.144989 0.845313 1 0.000000 0.000000 0 0.155650 0.864062 1 0.108742 0.854688 1 0.166311 0.885938 1 0.081023 0.873437 1 0.170576 0.854688 1 0.078891 0.846875 1 0.123667 0.929688 1 0.089552 0.923438 1 0.113006 0.976562 1 0.072495 0.965625 1 0.000000 0.000000 0 0.063966 0.996875 1
0 0.751301 0.967414 0.024520 0.029203 0.000000 0.000000 0 0.000000 0.000000 0 0.000000 0.000000 0 0.000000 0.000000 0 0.000000 0.000000 0 0.000000 0.000000 0 0.000000 0.000000 0 0.000000 0.000000 0 0.000000 0.000000 0 0.000000 0.000000 0 0.000000 0.000000 0 0.000000 0.000000 0 0.000000 0.000000 0 0.000000 0.000000 0 0.000000 0.000000 0 0.000000 0.000000 0 0.000000 0.000000 0
0 0.351471 0.935625 0.084392 0.128750 0.000000 0.000000 0 0.000000 0.000000 0 0.000000 0.000000 0 0.364606 0.885938 1 0.000000 0.000000 0 0.364606 0.910937 1 0.336887 0.910937 1 0.373134 0.935937 1 0.321962 0.935937 1 0.000000 0.000000 0 0.000000 0.000000 0 0.356077 0.978125 1 0.326226 0.973437 1 0.000000 0.000000 0 0.000000 0.000000 0 0.000000 0.000000 0 0.000000 0.000000 0
0 0.030437 0.889586 0.060874 0.180547 0.010661 0.820312 1 0.012793 0.815625 1 0.006397 0.817187 1 0.000000 0.000000 0 0.000000 0.000000 0 0.012793 0.834375 1 0.000000 0.000000 0 0.038380 0.839063 1 0.000000 0.000000 0 0.051173 0.821875 1 0.000000 0.000000 0 0.006397 0.896875 1 0.000000 0.000000 0 0.004264 0.942187 1 0.000000 0.000000 0 0.000000 0.000000 0 0.000000 0.000000 0