0 0.486593 0.375283 0.096938 0.638185 0.528395 0.098214 1 0.520988 0.089286 1 0.516049 0.092262 1 0.000000 0.000000 0 0.491358 0.107143 1 0.483951 0.190476 1 0.481481 0.196429 1 0.479012 0.300595 1 0.466667 0.306548 1 0.511111 0.369048 1 0.511111 0.389881 1 0.000000 0.000000 0 0.483951 0.395833 1 0.000000 0.000000 0 0.483951 0.526786 1 0.000000 0.000000 0 0.469136 0.696429 1
0 0.357062 0.536548 0.284691 0.422500 0.303704 0.383929 1 0.311111 0.372024 1 0.288889 0.375000 1 0.000000 0.000000 0 0.261728 0.392857 1 0.343210 0.440476 1 0.227160 0.464286 1 0.390123 0.526786 1 0.239506 0.559524 1 0.377778 0.538690 1 0.330864 0.553571 1 0.382716 0.598214 1 0.313580 0.613095 1 0.471605 0.678571 1 0.382716 0.693452 1 0.466667 0.806548 1 0.414815 0.803571 1
0 0.226346 0.673839 0.215407 0.625952 0.195062 0.440476 1 0.195062 0.428571 1 0.185185 0.434524 1 0.000000 0.000000 0 0.148148 0.449405 1 0.217284 0.505952 1 0.133333 0.541667 1 0.249383 0.550595 1 0.165432 0.610119 1 0.303704 0.559524 1 0.232099 0.598214 1 0.241975 0.678571 1 0.195062 0.696429 1 0.303704 0.741071 1 0.249383 0.761905 1 0.303704 0.863095 1 0.172840 0.892857 1
0 0.775741 0.299926 0.130593 0.350863 0.807407 0.157738 1 0.000000 0.000000 0 0.000000 0.000000 0 0.814815 0.154762 1 0.785185 0.154762 1 0.822222 0.220238 1 0.755556 0.217262 1 0.000000 0.000000 0 0.730864 0.261905 1 0.000000 0.000000 0 0.750617 0.315476 1 0.804938 0.348214 1 0.753086 0.348214 1 0.785185 0.434524 1 0.735802 0.425595 1 0.762963 0.532738 1 0.708642 0.523810 1
0 0.128753 0.327217 0.061654 0.120030 0.000000 0.000000 0 0.000000 0.000000 0 0.000000 0.000000 0 0.000000 0.000000 0 0.000000 0.000000 0 0.000000 0.000000 0 0.000000 0.000000 0 0.000000 0.000000 0 0.000000 0.000000 0 0.000000 0.000000 0 0.000000 0.000000 0 0.000000 0.000000 0 0.000000 0.000000 0 0.000000 0.000000 0 0.000000 0.000000 0 0.000000 0.000000 0 0.000000 0.000000 0
0 0.346284 0.341890 0.133753 0.128720 0.313580 0.306548 1 0.318519 0.300595 1 0.311111 0.303571 1 0.330864 0.300595 1 0.000000 0.000000 0 0.367901 0.339286 1 0.303704 0.342262 1 0.397531 0.389881 1 0.261728 0.321429 1 0.353086 0.392857 1 0.286420 0.300595 1 0.350617 0.410714 1 0.306173 0.413690 1 0.375309 0.440476 1 0.264198 0.431548 1 0.000000 0.000000 0 0.000000 0.000000 0
0 0.029580 0.332902 0.059160 0.088780 0.000000 0.000000 0 0.000000 0.000000 0 0.000000 0.000000 0 0.000000 0.000000 0 0.000000 0.000000 0 0.000000 0.000000 0 0.000000 0.000000 0 0.000000 0.000000 0 0.000000 0.000000 0 0.000000 0.000000 0 0.000000 0.000000 0 0.000000 0.000000 0 0.000000 0.000000 0 0.000000 0.000000 0 0.000000 0.000000 0 0.000000 0.000000 0 0.000000 0.000000 0
0 0.560469 0.304122 0.032296 0.053006 0.000000 0.000000 0 0.000000 0.000000 0 0.000000 0.000000 0 0.000000 0.000000 0 0.000000 0.000000 0 0.000000 0.000000 0 0.000000 0.000000 0 0.000000 0.000000 0 0.000000 0.000000 0 0.000000 0.000000 0 0.000000 0.000000 0 0.000000 0.000000 0 0.000000 0.000000 0 0.000000 0.000000 0 0.000000 0.000000 0 0.000000 0.000000 0 0.000000 0.000000 0
0 0.577617 0.262515 0.037605 0.149077 0.000000 0.000000 0 0.000000 0.000000 0 0.000000 0.000000 0 0.000000 0.000000 0 0.000000 0.000000 0 0.000000 0.000000 0 0.000000 0.000000 0 0.000000 0.000000 0 0.000000 0.000000 0 0.000000 0.000000 0 0.000000 0.000000 0 0.000000 0.000000 0 0.000000 0.000000 0 0.000000 0.000000 0 0.000000 0.000000 0 0.000000 0.000000 0 0.000000 0.000000 0
0 0.652765 0.329985 0.192296 0.626637 0.000000 0.000000 0 0.000000 0.000000 0 0.000000 0.000000 0 0.696296 0.107143 1 0.000000 0.000000 0 0.725926 0.178571 1 0.634568 0.196429 1 0.711111 0.190476 1 0.570370 0.169643 1 0.654321 0.107143 1 0.590123 0.077381 1 0.691358 0.395833 1 0.627160 0.392857 1 0.679012 0.514881 1 0.619753 0.508929 1 0.681481 0.636905 1 0.619753 0.636905 1
0 0.628259 0.129018 0.057506 0.104881 0.000000 0.000000 0 0.000000 0.000000 0 0.000000 0.000000 0 0.000000 0.000000 0 0.000000 0.000000 0 0.000000 0.000000 0 0.000000 0.000000 0 0.000000 0.000000 0 0.000000 0.000000 0 0.000000 0.000000 0 0.000000 0.000000 0 0.000000 0.000000 0 0.000000 0.000000 0 0.000000 0.000000 0 0.000000 0.000000 0 0.000000 0.000000 0 0.000000 0.000000 0