0 0.817117 0.542705 0.200891 0.649438 0.726562 0.325527 1 0.731250 0.313817 1 0.000000 0.000000 0 0.762500 0.304450 1 0.000000 0.000000 0 0.796875 0.360656 1 0.756250 0.372365 1 0.867188 0.437939 1 0.773438 0.442623 1 0.857812 0.501171 1 0.743750 0.477752 1 0.818750 0.533958 1 0.789062 0.536300 1 0.790625 0.690867 1 0.818750 0.730679 1 0.890625 0.749415 1 0.865625 0.836066 1
0 0.649031 0.547881 0.232562 0.637775 0.582812 0.358314 1 0.581250 0.341920 1 0.000000 0.000000 0 0.604688 0.316159 1 0.000000 0.000000 0 0.653125 0.362998 1 0.618750 0.377049 1 0.653125 0.423888 1 0.612500 0.484778 1 0.603125 0.442623 1 0.578125 0.456674 1 0.664062 0.583138 1 0.631250 0.573770 1 0.656250 0.711944 1 0.590625 0.679157 1 0.728125 0.768150 1 0.582812 0.824356 1
0 0.632383 0.386440 0.246203 0.407728 0.592187 0.304450 1 0.607812 0.281030 1 0.585938 0.283372 1 0.634375 0.281030 1 0.000000 0.000000 0 0.659375 0.348946 1 0.589063 0.360656 1 0.715625 0.402810 1 0.557813 0.405152 1 0.753125 0.461358 1 0.520312 0.435597 1 0.692187 0.531616 1 0.634375 0.529274 1 0.000000 0.000000 0 0.000000 0.000000 0 0.000000 0.000000 0 0.000000 0.000000 0
0 0.440789 0.494005 0.230891 0.723607 0.425000 0.255269 1 0.429688 0.236534 1 0.410938 0.243560 1 0.445312 0.208431 1 0.389062 0.231850 1 0.468750 0.299766 1 0.379688 0.313817 1 0.498437 0.365340 1 0.357812 0.398126 1 0.542188 0.402810 1 0.343750 0.480094 1 0.475000 0.482436 1 0.407813 0.487119 1 0.482812 0.644028 1 0.418750 0.646370 1 0.535937 0.777518 1 0.425000 0.800937 1
0 0.235047 0.456874 0.166563 0.637119 0.217188 0.224824 1 0.228125 0.217799 1 0.207813 0.215457 1 0.242188 0.217799 1 0.187500 0.217799 1 0.246875 0.302108 1 0.173437 0.299766 1 0.285938 0.384075 1 0.170313 0.400468 1 0.273438 0.461358 1 0.000000 0.000000 0 0.250000 0.484778 1 0.204687 0.449649 1 0.228125 0.585480 1 0.253125 0.599532 1 0.265625 0.709602 1 0.292187 0.700234 1
0 0.127812 0.549719 0.255625 0.623326 0.082812 0.334895 1 0.090625 0.320843 1 0.070312 0.323185 1 0.000000 0.000000 0 0.039062 0.330211 1 0.109375 0.379391 1 0.035937 0.414520 1 0.162500 0.449649 1 0.007812 0.503513 1 0.157812 0.517564 1 0.000000 0.000000 0 0.129688 0.548009 1 0.081250 0.604215 1 0.184375 0.683841 1 0.056250 0.688525 1 0.223438 0.779859 1 0.060937 0.798595 1
0 0.295008 0.252693 0.076266 0.393396 0.317188 0.110070 1 0.000000 0.000000 0 0.312500 0.103044 1 0.000000 0.000000 0 0.298438 0.105386 1 0.279687 0.152225 1 0.293750 0.149883 1 0.000000 0.000000 0 0.282813 0.215457 1 0.000000 0.000000 0 0.298438 0.257611 1 0.278125 0.259953 1 0.293750 0.248244 1 0.259375 0.351288 1 0.312500 0.341920 1 0.000000 0.000000 0 0.320312 0.430913 1
0 0.564594 0.221745 0.089125 0.339836 0.562500 0.096019 1 0.568750 0.088993 1 0.560937 0.088993 1 0.587500 0.093677 1 0.000000 0.000000 0 0.589063 0.138173 1 0.568750 0.138173 1 0.595313 0.194379 1 0.567187 0.187354 1 0.592187 0.243560 1 0.542188 0.187354 1 0.578125 0.241218 1 0.557813 0.245902 1 0.553125 0.311475 1 0.603125 0.316159 1 0.532813 0.379391 1 0.000000 0.000000 0
0 0.744109 0.143665 0.073844 0.190890 0.723437 0.110070 1 0.725000 0.103044 1 0.717187 0.103044 1 0.748437 0.096019 1 0.000000 0.000000 0 0.757812 0.140515 1 0.725000 0.135831 1 0.757812 0.201405 1 0.000000 0.000000 0 0.000000 0.000000 0 0.000000 0.000000 0 0.000000 0.000000 0 0.000000 0.000000 0 0.000000 0.000000 0 0.000000 0.000000 0 0.000000 0.000000 0 0.000000 0.000000 0
0 0.025547 0.203513 0.051094 0.164450 0.031250 0.166276 1 0.035937 0.161593 1 0.028125 0.159251 1 0.000000 0.000000 0 0.018750 0.149883 1 0.035937 0.182670 1 0.012500 0.175644 1 0.046875 0.224824 1 0.007812 0.215457 1 0.040625 0.243560 1 0.017188 0.241218 1 0.029687 0.245902 1 0.015625 0.236534 1 0.025000 0.281030 1 0.000000 0.000000 0 0.000000 0.000000 0 0.023438 0.266979 1
0 0.985125 0.215831 0.029750 0.303091 0.995313 0.114754 1 0.000000 0.000000 0 0.990625 0.107728 1 0.000000 0.000000 0 0.000000 0.000000 0 0.000000 0.000000 0 0.982812 0.168618 1 0.000000 0.000000 0 0.976562 0.210773 1 0.000000 0.000000 0 0.984375 0.257611 1 0.000000 0.000000 0 0.000000 0.000000 0 0.000000 0.000000 0 0.000000 0.000000 0 0.000000 0.000000 0 0.000000 0.000000 0
0 0.198211 0.190585 0.157078 0.381171 0.000000 0.000000 0 0.000000 0.000000 0 0.000000 0.000000 0 0.000000 0.000000 0 0.000000 0.000000 0 0.000000 0.000000 0 0.000000 0.000000 0 0.196875 0.067916 1 0.153125 0.067916 1 0.239063 0.112412 1 0.171875 0.154567 1 0.148438 0.168618 1 0.173437 0.185012 1 0.160938 0.323185 1 0.176563 0.346604 1 0.000000 0.000000 0 0.000000 0.000000 0
0 0.970930 0.226499 0.054922 0.349625 0.971875 0.100703 1 0.976562 0.096019 1 0.968750 0.096019 1 0.990625 0.093677 1 0.000000 0.000000 0 0.992188 0.135831 1 0.979688 0.133489 1 0.979688 0.187354 1 0.000000 0.000000 0 0.960938 0.229508 1 0.000000 0.000000 0 0.989062 0.227166 1 0.978125 0.224824 1 0.000000 0.000000 0 0.976562 0.320843 1 0.000000 0.000000 0 0.964063 0.381733 1