0 0.122430 0.510962 0.089922 0.346103 0.000000 0.000000 0 0.000000 0.000000 0 0.000000 0.000000 0 0.000000 0.000000 0 0.114062 0.366197 1 0.082812 0.401408 1 0.126562 0.396714 1 0.000000 0.000000 0 0.143750 0.457746 1 0.000000 0.000000 0 0.000000 0.000000 0 0.095312 0.471831 1 0.118750 0.471831 1 0.135937 0.586854 1 0.131250 0.591549 1 0.143750 0.647887 1 0.093750 0.638498 1
0 0.596070 0.508615 0.085266 0.325822 0.589063 0.380282 1 0.592187 0.375587 1 0.585938 0.375587 1 0.603125 0.380282 1 0.000000 0.000000 0 0.607812 0.413146 1 0.585938 0.410798 1 0.625000 0.462441 1 0.590625 0.446009 1 0.604688 0.490610 1 0.579688 0.481221 1 0.612500 0.514085 1 0.601562 0.516432 1 0.625000 0.579812 1 0.587500 0.582160 1 0.675000 0.600939 1 0.576562 0.657277 1
0 0.548984 0.540329 0.072875 0.192394 0.000000 0.000000 0 0.000000 0.000000 0 0.000000 0.000000 0 0.000000 0.000000 0 0.000000 0.000000 0 0.573438 0.483568 1 0.565625 0.476526 1 0.560937 0.509390 1 0.548438 0.492958 1 0.575000 0.514085 1 0.559375 0.521127 1 0.548438 0.525822 1 0.554688 0.528169 1 0.543750 0.579812 1 0.571875 0.565728 1 0.523438 0.615023 1 0.553125 0.605634 1
0 0.082992 0.521714 0.118391 0.354460 0.045312 0.382629 1 0.048438 0.375587 1 0.040625 0.375587 1 0.062500 0.375587 1 0.000000 0.000000 0 0.073438 0.408451 1 0.046875 0.410798 1 0.081250 0.469484 1 0.000000 0.000000 0 0.064062 0.523474 1 0.000000 0.000000 0 0.090625 0.516432 1 0.062500 0.514085 1 0.109375 0.593897 1 0.043750 0.582160 1 0.132812 0.671362 1 0.048438 0.671362 1
0 0.657648 0.545622 0.064891 0.171808 0.665625 0.485915 1 0.667188 0.478873 1 0.660937 0.478873 1 0.000000 0.000000 0 0.656250 0.478873 1 0.675000 0.500000 1 0.650000 0.497653 1 0.679688 0.521127 1 0.643750 0.516432 1 0.682813 0.539906 1 0.643750 0.530516 1 0.668750 0.551643 1 0.651563 0.551643 1 0.670312 0.584507 1 0.635938 0.570423 1 0.668750 0.615023 1 0.635938 0.605634 1
0 0.920289 0.571854 0.025672 0.124131 0.000000 0.000000 0 0.000000 0.000000 0 0.000000 0.000000 0 0.000000 0.000000 0 0.000000 0.000000 0 0.000000 0.000000 0 0.000000 0.000000 0 0.000000 0.000000 0 0.000000 0.000000 0 0.000000 0.000000 0 0.000000 0.000000 0 0.000000 0.000000 0 0.000000 0.000000 0 0.000000 0.000000 0 0.000000 0.000000 0 0.000000 0.000000 0 0.000000 0.000000 0
0 0.972711 0.558862 0.054578 0.151995 0.000000 0.000000 0 0.000000 0.000000 0 0.000000 0.000000 0 0.000000 0.000000 0 0.000000 0.000000 0 0.000000 0.000000 0 0.000000 0.000000 0 0.000000 0.000000 0 0.000000 0.000000 0 0.000000 0.000000 0 0.000000 0.000000 0 0.000000 0.000000 0 0.000000 0.000000 0 0.000000 0.000000 0 0.000000 0.000000 0 0.000000 0.000000 0 0.000000 0.000000 0
0 0.497281 0.561455 0.019844 0.072066 0.000000 0.000000 0 0.000000 0.000000 0 0.000000 0.000000 0 0.000000 0.000000 0 0.000000 0.000000 0 0.000000 0.000000 0 0.000000 0.000000 0 0.000000 0.000000 0 0.000000 0.000000 0 0.000000 0.000000 0 0.000000 0.000000 0 0.000000 0.000000 0 0.000000 0.000000 0 0.000000 0.000000 0 0.000000 0.000000 0 0.000000 0.000000 0 0.000000 0.000000 0
0 0.751437 0.504707 0.491000 0.986549 0.000000 0.000000 0 0.000000 0.000000 0 0.000000 0.000000 0 0.767188 0.089202 1 0.821875 0.098592 1 0.807813 0.248826 1 0.000000 0.000000 0 0.739062 0.427230 1 0.000000 0.000000 0 0.720313 0.338028 1 0.000000 0.000000 0 0.860938 0.521127 1 0.779687 0.528169 1 0.850000 0.791080 1 0.681250 0.687793 1 0.992188 0.903756 1 0.578125 0.913146 1
0 0.651594 0.584953 0.081562 0.094742 0.000000 0.000000 0 0.000000 0.000000 0 0.000000 0.000000 0 0.000000 0.000000 0 0.000000 0.000000 0 0.000000 0.000000 0 0.000000 0.000000 0 0.000000 0.000000 0 0.000000 0.000000 0 0.000000 0.000000 0 0.000000 0.000000 0 0.000000 0.000000 0 0.000000 0.000000 0 0.000000 0.000000 0 0.000000 0.000000 0 0.000000 0.000000 0 0.000000 0.000000 0
0 0.707117 0.533803 0.037891 0.097465 0.000000 0.000000 0 0.000000 0.000000 0 0.000000 0.000000 0 0.000000 0.000000 0 0.000000 0.000000 0 0.000000 0.000000 0 0.000000 0.000000 0 0.000000 0.000000 0 0.000000 0.000000 0 0.000000 0.000000 0 0.000000 0.000000 0 0.000000 0.000000 0 0.000000 0.000000 0 0.000000 0.000000 0 0.000000 0.000000 0 0.000000 0.000000 0 0.000000 0.000000 0