0 0.927914 0.712962 0.073828 0.281707 0.000000 0.000000 0 0.000000 0.000000 0 0.000000 0.000000 0 0.909375 0.598394 1 0.939063 0.604418 1 0.906250 0.630522 1 0.945312 0.630522 1 0.000000 0.000000 0 0.000000 0.000000 0 0.000000 0.000000 0 0.000000 0.000000 0 0.909375 0.702811 1 0.935937 0.706827 1 0.920312 0.773092 1 0.931250 0.773092 1 0.917188 0.835341 1 0.945312 0.835341 1
0 0.894961 0.683112 0.037984 0.241767 0.000000 0.000000 0 0.000000 0.000000 0 0.000000 0.000000 0 0.892188 0.588353 1 0.000000 0.000000 0 0.890625 0.624498 1 0.000000 0.000000 0 0.884375 0.664659 1 0.000000 0.000000 0 0.881250 0.680723 1 0.000000 0.000000 0 0.893750 0.678715 1 0.000000 0.000000 0 0.893750 0.728916 1 0.000000 0.000000 0 0.904687 0.767068 1 0.000000 0.000000 0
0 0.631203 0.633655 0.049719 0.134859 0.000000 0.000000 0 0.000000 0.000000 0 0.000000 0.000000 0 0.610938 0.590361 1 0.000000 0.000000 0 0.614062 0.610442 1 0.643750 0.612450 1 0.000000 0.000000 0 0.000000 0.000000 0 0.000000 0.000000 0 0.000000 0.000000 0 0.618750 0.684739 1 0.645312 0.686747 1 0.000000 0.000000 0 0.000000 0.000000 0 0.000000 0.000000 0 0.000000 0.000000 0
0 0.457789 0.712410 0.060234 0.176426 0.432812 0.658635 1 0.435937 0.652610 1 0.428125 0.652610 1 0.453125 0.652610 1 0.000000 0.000000 0 0.457813 0.678715 1 0.000000 0.000000 0 0.460938 0.736948 1 0.000000 0.000000 0 0.434375 0.757028 1 0.000000 0.000000 0 0.000000 0.000000 0 0.000000 0.000000 0 0.000000 0.000000 0 0.000000 0.000000 0 0.000000 0.000000 0 0.000000 0.000000 0
0 0.578367 0.632751 0.061266 0.147791 0.000000 0.000000 0 0.000000 0.000000 0 0.000000 0.000000 0 0.550000 0.584337 1 0.568750 0.578313 1 0.560937 0.620482 1 0.579688 0.602410 1 0.562500 0.664659 1 0.000000 0.000000 0 0.557813 0.694779 1 0.000000 0.000000 0 0.576562 0.666667 1 0.590625 0.662651 1 0.000000 0.000000 0 0.000000 0.000000 0 0.000000 0.000000 0 0.000000 0.000000 0
0 0.365414 0.783283 0.158578 0.351225 0.384375 0.648594 1 0.387500 0.636546 1 0.000000 0.000000 0 0.401562 0.640562 1 0.000000 0.000000 0 0.409375 0.674699 1 0.396875 0.670683 1 0.367188 0.716867 1 0.375000 0.700803 1 0.315625 0.714859 1 0.375000 0.660643 1 0.389062 0.775100 1 0.381250 0.759036 1 0.350000 0.827309 1 0.000000 0.000000 0 0.323437 0.923695 1 0.364063 0.917671 1
0 0.512891 0.673213 0.070469 0.129317 0.487500 0.638554 1 0.496875 0.634538 1 0.487500 0.634538 1 0.507812 0.638554 1 0.000000 0.000000 0 0.510938 0.676707 1 0.000000 0.000000 0 0.489063 0.732932 1 0.000000 0.000000 0 0.000000 0.000000 0 0.000000 0.000000 0 0.000000 0.000000 0 0.000000 0.000000 0 0.000000 0.000000 0 0.000000 0.000000 0 0.000000 0.000000 0 0.000000 0.000000 0
0 0.148953 0.610050 0.058656 0.205402 0.000000 0.000000 0 0.000000 0.000000 0 0.000000 0.000000 0 0.000000 0.000000 0 0.000000 0.000000 0 0.156250 0.544177 1 0.131250 0.542169 1 0.171875 0.574297 1 0.121875 0.566265 1 0.148438 0.574297 1 0.129688 0.572289 1 0.151562 0.596386 1 0.139063 0.598394 1 0.153125 0.640562 1 0.137500 0.638554 1 0.160938 0.688755 1 0.139063 0.688755 1
0 0.598211 0.644498 0.045828 0.110763 0.000000 0.000000 0 0.000000 0.000000 0 0.000000 0.000000 0 0.000000 0.000000 0 0.000000 0.000000 0 0.000000 0.000000 0 0.000000 0.000000 0 0.000000 0.000000 0 0.000000 0.000000 0 0.000000 0.000000 0 0.000000 0.000000 0 0.000000 0.000000 0 0.000000 0.000000 0 0.000000 0.000000 0 0.000000 0.000000 0 0.000000 0.000000 0 0.000000 0.000000 0
0 0.052008 0.658052 0.049828 0.167791 0.000000 0.000000 0 0.000000 0.000000 0 0.000000 0.000000 0 0.000000 0.000000 0 0.000000 0.000000 0 0.043750 0.608434 1 0.071875 0.610442 1 0.035937 0.624498 1 0.073438 0.630522 1 0.029687 0.650602 1 0.073438 0.642570 1 0.045312 0.654618 1 0.060937 0.654618 1 0.046875 0.686747 1 0.059375 0.688755 1 0.046875 0.712851 1 0.057813 0.724900 1
0 0.730648 0.692731 0.066641 0.204940 0.000000 0.000000 0 0.000000 0.000000 0 0.000000 0.000000 0 0.723437 0.606426 1 0.737500 0.606426 1 0.717187 0.626506 1 0.745313 0.626506 1 0.704688 0.640562 1 0.751563 0.662651 1 0.715625 0.656627 1 0.756250 0.688755 1 0.721875 0.686747 1 0.743750 0.684739 1 0.728125 0.736948 1 0.746875 0.730924 1 0.732812 0.779116 1 0.753125 0.775100 1
0 0.332398 0.533675 0.037797 0.068956 0.000000 0.000000 0 0.000000 0.000000 0 0.000000 0.000000 0 0.000000 0.000000 0 0.000000 0.000000 0 0.000000 0.000000 0 0.000000 0.000000 0 0.000000 0.000000 0 0.000000 0.000000 0 0.000000 0.000000 0 0.000000 0.000000 0 0.000000 0.000000 0 0.000000 0.000000 0 0.000000 0.000000 0 0.000000 0.000000 0 0.000000 0.000000 0 0.000000 0.000000 0
0 0.238758 0.487239 0.030453 0.074799 0.000000 0.000000 0 0.000000 0.000000 0 0.000000 0.000000 0 0.000000 0.000000 0 0.000000 0.000000 0 0.000000 0.000000 0 0.000000 0.000000 0 0.000000 0.000000 0 0.000000 0.000000 0 0.000000 0.000000 0 0.000000 0.000000 0 0.000000 0.000000 0 0.000000 0.000000 0 0.000000 0.000000 0 0.000000 0.000000 0 0.000000 0.000000 0 0.000000 0.000000 0