0 0.345219 0.602248 0.571031 0.795505 0.581250 0.412844 1 0.000000 0.000000 0 0.579688 0.380734 1 0.000000 0.000000 0 0.523438 0.357798 1 0.432812 0.454128 1 0.403125 0.399083 1 0.340625 0.733945 1 0.365625 0.743119 1 0.459375 0.853211 1 0.539062 0.798165 1 0.176563 0.594037 1 0.148438 0.587156 1 0.239063 0.963303 1 0.329688 0.972477 1 0.000000 0.000000 0 0.000000 0.000000 0
0 0.893281 0.446067 0.157687 0.420206 0.923438 0.286697 1 0.925000 0.275229 1 0.914062 0.275229 1 0.000000 0.000000 0 0.892188 0.277523 1 0.935937 0.334862 1 0.867188 0.341743 1 0.951562 0.412844 1 0.848437 0.415138 1 0.928125 0.369266 1 0.859375 0.481651 1 0.928125 0.474771 1 0.879687 0.477064 1 0.931250 0.449541 1 0.884375 0.447248 1 0.920312 0.610092 1 0.892188 0.598624 1
0 0.193414 0.235539 0.118766 0.260436 0.220312 0.155963 1 0.000000 0.000000 0 0.217188 0.151376 1 0.000000 0.000000 0 0.187500 0.146789 1 0.225000 0.201835 1 0.148438 0.227064 1 0.239063 0.261468 1 0.176563 0.300459 1 0.232813 0.344037 1 0.218750 0.346330 1 0.214062 0.334862 1 0.175000 0.350917 1 0.000000 0.000000 0 0.000000 0.000000 0 0.000000 0.000000 0 0.000000 0.000000 0
0 0.518406 0.166560 0.091969 0.145642 0.542188 0.144495 1 0.550000 0.135321 1 0.535937 0.135321 1 0.557813 0.142202 1 0.523438 0.144495 1 0.564063 0.197248 1 0.507812 0.197248 1 0.000000 0.000000 0 0.000000 0.000000 0 0.000000 0.000000 0 0.000000 0.000000 0 0.000000 0.000000 0 0.000000 0.000000 0 0.000000 0.000000 0 0.000000 0.000000 0 0.000000 0.000000 0 0.000000 0.000000 0
0 0.334523 0.219461 0.089922 0.228188 0.356250 0.144495 1 0.000000 0.000000 0 0.353125 0.139908 1 0.000000 0.000000 0 0.332813 0.146789 1 0.345313 0.204128 1 0.318750 0.204128 1 0.000000 0.000000 0 0.362500 0.277523 1 0.000000 0.000000 0 0.000000 0.000000 0 0.337500 0.337156 1 0.317188 0.344037 1 0.000000 0.000000 0 0.000000 0.000000 0 0.000000 0.000000 0 0.000000 0.000000 0
0 0.831070 0.200378 0.101797 0.213326 0.845313 0.139908 1 0.000000 0.000000 0 0.000000 0.000000 0 0.000000 0.000000 0 0.821875 0.139908 1 0.850000 0.204128 1 0.800000 0.211009 1 0.842187 0.254587 1 0.787500 0.261468 1 0.856250 0.256881 1 0.807813 0.268349 1 0.846875 0.325688 1 0.809375 0.323394 1 0.000000 0.000000 0 0.000000 0.000000 0 0.000000 0.000000 0 0.000000 0.000000 0
0 0.970273 0.198200 0.059453 0.238739 0.000000 0.000000 0 0.000000 0.000000 0 0.993750 0.107798 1 0.000000 0.000000 0 0.978125 0.112385 1 0.000000 0.000000 0 0.960938 0.172018 1 0.000000 0.000000 0 0.962500 0.250000 1 0.000000 0.000000 0 0.000000 0.000000 0 0.000000 0.000000 0 0.978125 0.334862 1 0.000000 0.000000 0 0.000000 0.000000 0 0.000000 0.000000 0 0.000000 0.000000 0
0 0.280914 0.221353 0.068891 0.208991 0.000000 0.000000 0 0.000000 0.000000 0 0.000000 0.000000 0 0.000000 0.000000 0 0.284375 0.144495 1 0.000000 0.000000 0 0.264062 0.197248 1 0.000000 0.000000 0 0.271875 0.266055 1 0.000000 0.000000 0 0.298438 0.194954 1 0.000000 0.000000 0 0.273438 0.323394 1 0.000000 0.000000 0 0.000000 0.000000 0 0.000000 0.000000 0 0.000000 0.000000 0
0 0.224312 0.121881 0.037906 0.077110 0.000000 0.000000 0 0.000000 0.000000 0 0.000000 0.000000 0 0.000000 0.000000 0 0.000000 0.000000 0 0.000000 0.000000 0 0.000000 0.000000 0 0.000000 0.000000 0 0.000000 0.000000 0 0.000000 0.000000 0 0.000000 0.000000 0 0.000000 0.000000 0 0.000000 0.000000 0 0.000000 0.000000 0 0.000000 0.000000 0 0.000000 0.000000 0 0.000000 0.000000 0
0 0.760195 0.197833 0.078297 0.215573 0.789062 0.151376 1 0.000000 0.000000 0 0.000000 0.000000 0 0.000000 0.000000 0 0.767188 0.146789 1 0.796875 0.192661 1 0.751563 0.199541 1 0.820312 0.229358 1 0.728125 0.231651 1 0.817187 0.266055 1 0.760938 0.254587 1 0.800000 0.316514 1 0.753125 0.318807 1 0.000000 0.000000 0 0.000000 0.000000 0 0.000000 0.000000 0 0.000000 0.000000 0
0 0.059703 0.216858 0.113281 0.244954 0.000000 0.000000 0 0.000000 0.000000 0 0.000000 0.000000 0 0.056250 0.155963 1 0.020313 0.160550 1 0.062500 0.204128 1 0.020313 0.222477 1 0.073438 0.240826 1 0.034375 0.305046 1 0.090625 0.286697 1 0.075000 0.309633 1 0.000000 0.000000 0 0.026562 0.339450 1 0.000000 0.000000 0 0.000000 0.000000 0 0.000000 0.000000 0 0.000000 0.000000 0
0 0.406141 0.209828 0.136500 0.229702 0.412500 0.133028 1 0.415625 0.128440 1 0.406250 0.123853 1 0.000000 0.000000 0 0.385937 0.126147 1 0.426563 0.206422 1 0.350000 0.201835 1 0.428125 0.286697 1 0.348438 0.305046 1 0.000000 0.000000 0 0.396875 0.318807 1 0.410938 0.337156 1 0.367188 0.339450 1 0.000000 0.000000 0 0.000000 0.000000 0 0.000000 0.000000 0 0.000000 0.000000 0
0 0.675766 0.182030 0.107688 0.260206 0.692187 0.098624 1 0.695312 0.089450 1 0.684375 0.091743 1 0.000000 0.000000 0 0.657813 0.096330 1 0.701562 0.153670 1 0.640625 0.160550 1 0.720313 0.188073 1 0.634375 0.222477 1 0.706250 0.206422 1 0.671875 0.215596 1 0.000000 0.000000 0 0.000000 0.000000 0 0.000000 0.000000 0 0.000000 0.000000 0 0.000000 0.000000 0 0.000000 0.000000 0