0 0.596070 0.495510 0.807859 0.986521 0.531250 0.370833 1 0.590625 0.310417 1 0.000000 0.000000 0 0.764062 0.310417 1 0.000000 0.000000 0 0.971875 0.743750 1 0.579688 0.585417 1 0.000000 0.000000 0 0.442188 0.947917 1 0.000000 0.000000 0 0.264062 0.770833 1 0.000000 0.000000 0 0.000000 0.000000 0 0.000000 0.000000 0 0.000000 0.000000 0 0.000000 0.000000 0 0.000000 0.000000 0
0 0.428938 0.382021 0.200563 0.764042 0.000000 0.000000 0 0.000000 0.000000 0 0.000000 0.000000 0 0.000000 0.000000 0 0.000000 0.000000 0 0.496875 0.068750 1 0.426563 0.100000 1 0.470313 0.204167 1 0.410938 0.245833 1 0.403125 0.131250 1 0.379688 0.125000 1 0.481250 0.339583 1 0.426563 0.339583 1 0.490625 0.502083 1 0.450000 0.508333 1 0.506250 0.672917 1 0.468750 0.677083 1
0 0.167844 0.360740 0.110563 0.559812 0.000000 0.000000 0 0.000000 0.000000 0 0.000000 0.000000 0 0.157812 0.116667 1 0.000000 0.000000 0 0.184375 0.183333 1 0.000000 0.000000 0 0.179688 0.287500 1 0.000000 0.000000 0 0.159375 0.350000 1 0.129688 0.279167 1 0.181250 0.354167 1 0.189062 0.352083 1 0.181250 0.485417 1 0.143750 0.470833 1 0.189062 0.600000 1 0.146875 0.593750 1
0 0.084031 0.377729 0.094500 0.447333 0.039062 0.202083 1 0.048438 0.191667 1 0.000000 0.000000 0 0.067187 0.195833 1 0.000000 0.000000 0 0.085938 0.245833 1 0.070312 0.252083 1 0.107813 0.314583 1 0.053125 0.314583 1 0.078125 0.356250 1 0.043750 0.285417 1 0.082812 0.381250 1 0.073438 0.379167 1 0.090625 0.466667 1 0.079687 0.464583 1 0.110937 0.554167 1 0.087500 0.558333 1
0 0.920086 0.296104 0.144984 0.492125 0.957812 0.104167 1 0.964063 0.095833 1 0.946875 0.095833 1 0.000000 0.000000 0 0.925000 0.110417 1 0.964063 0.187500 1 0.892188 0.181250 1 0.978125 0.270833 1 0.864062 0.256250 1 0.000000 0.000000 0 0.903125 0.262500 1 0.950000 0.368750 1 0.910937 0.364583 1 0.940625 0.495833 1 0.915625 0.493750 1 0.000000 0.000000 0 0.000000 0.000000 0
0 0.974047 0.473615 0.051906 0.202854 0.000000 0.000000 0 0.000000 0.000000 0 0.992188 0.427083 1 0.000000 0.000000 0 0.979688 0.433333 1 0.000000 0.000000 0 0.970313 0.468750 1 0.000000 0.000000 0 0.981250 0.527083 1 0.000000 0.000000 0 0.000000 0.000000 0 0.000000 0.000000 0 0.975000 0.539583 1 0.000000 0.000000 0 0.000000 0.000000 0 0.000000 0.000000 0 0.000000 0.000000 0
0 0.371102 0.276260 0.070172 0.222938 0.000000 0.000000 0 0.000000 0.000000 0 0.000000 0.000000 0 0.000000 0.000000 0 0.382812 0.187500 1 0.353125 0.229167 1 0.404687 0.225000 1 0.353125 0.302083 1 0.000000 0.000000 0 0.000000 0.000000 0 0.000000 0.000000 0 0.362500 0.360417 1 0.404687 0.364583 1 0.000000 0.000000 0 0.000000 0.000000 0 0.000000 0.000000 0 0.000000 0.000000 0
0 0.315953 0.330844 0.071500 0.365813 0.000000 0.000000 0 0.000000 0.000000 0 0.348438 0.183333 1 0.000000 0.000000 0 0.329688 0.183333 1 0.350000 0.235417 1 0.293750 0.241667 1 0.000000 0.000000 0 0.290625 0.304167 1 0.000000 0.000000 0 0.309375 0.350000 1 0.351562 0.370833 1 0.312500 0.372917 1 0.353125 0.462500 1 0.310937 0.468750 1 0.000000 0.000000 0 0.000000 0.000000 0
0 0.134742 0.251135 0.065828 0.350979 0.140625 0.120833 1 0.150000 0.112500 1 0.135937 0.114583 1 0.164062 0.116667 1 0.000000 0.000000 0 0.000000 0.000000 0 0.132812 0.181250 1 0.000000 0.000000 0 0.118750 0.291667 1 0.140625 0.277083 1 0.112500 0.281250 1 0.162500 0.329167 1 0.125000 0.322917 1 0.157812 0.418750 1 0.120313 0.418750 1 0.153125 0.520833 1 0.117188 0.508333 1
0 0.022070 0.219021 0.044141 0.104250 0.000000 0.000000 0 0.000000 0.000000 0 0.000000 0.000000 0 0.000000 0.000000 0 0.000000 0.000000 0 0.000000 0.000000 0 0.000000 0.000000 0 0.000000 0.000000 0 0.000000 0.000000 0 0.000000 0.000000 0 0.000000 0.000000 0 0.000000 0.000000 0 0.000000 0.000000 0 0.000000 0.000000 0 0.000000 0.000000 0 0.000000 0.000000 0 0.000000 0.000000 0
0 0.025773 0.423792 0.046078 0.337875 0.000000 0.000000 0 0.000000 0.000000 0 0.000000 0.000000 0 0.000000 0.000000 0 0.000000 0.000000 0 0.021875 0.287500 1 0.000000 0.000000 0 0.006250 0.333333 1 0.000000 0.000000 0 0.000000 0.000000 0 0.000000 0.000000 0 0.020313 0.416667 1 0.000000 0.000000 0 0.023438 0.481250 1 0.000000 0.000000 0 0.034375 0.568750 1 0.000000 0.000000 0
0 0.980227 0.378521 0.039547 0.146542 0.000000 0.000000 0 0.000000 0.000000 0 0.000000 0.000000 0 0.000000 0.000000 0 0.000000 0.000000 0 0.000000 0.000000 0 0.000000 0.000000 0 0.000000 0.000000 0 0.000000 0.000000 0 0.000000 0.000000 0 0.000000 0.000000 0 0.000000 0.000000 0 0.000000 0.000000 0 0.000000 0.000000 0 0.000000 0.000000 0 0.000000 0.000000 0 0.000000 0.000000 0
0 0.271547 0.360750 0.062688 0.330542 0.267188 0.227083 1 0.271875 0.218750 1 0.262500 0.220833 1 0.000000 0.000000 0 0.000000 0.000000 0 0.293750 0.254167 1 0.245312 0.256250 1 0.306250 0.308333 1 0.220312 0.229167 1 0.296875 0.325000 1 0.250000 0.229167 1 0.287500 0.389583 1 0.257812 0.389583 1 0.292187 0.470833 1 0.260937 0.472917 1 0.293750 0.535417 1 0.262500 0.539583 1