0 0.190203 0.110258 0.040438 0.072506 0.000000 0.000000 0 0.000000 0.000000 0 0.000000 0.000000 0 0.000000 0.000000 0 0.000000 0.000000 0 0.000000 0.000000 0 0.000000 0.000000 0 0.000000 0.000000 0 0.000000 0.000000 0 0.000000 0.000000 0 0.000000 0.000000 0 0.000000 0.000000 0 0.000000 0.000000 0 0.000000 0.000000 0 0.000000 0.000000 0 0.000000 0.000000 0 0.000000 0.000000 0
0 0.630320 0.695515 0.185516 0.340585 0.603125 0.559719 1 0.606250 0.552693 1 0.000000 0.000000 0 0.620313 0.555035 1 0.000000 0.000000 0 0.632812 0.576112 1 0.620313 0.573770 1 0.589063 0.601874 1 0.603125 0.615925 1 0.554688 0.594848 1 0.568750 0.594848 1 0.693750 0.646370 1 0.670312 0.646370 1 0.690625 0.737705 1 0.642188 0.716628 1 0.710938 0.824356 1 0.629687 0.817330 1
0 0.069187 0.458267 0.084938 0.157939 0.050000 0.400468 1 0.053125 0.398126 1 0.048438 0.398126 1 0.059375 0.398126 1 0.043750 0.398126 1 0.068750 0.419204 1 0.043750 0.423888 1 0.071875 0.468384 1 0.043750 0.466042 1 0.075000 0.508197 1 0.039062 0.503513 1 0.084375 0.466042 1 0.064062 0.473068 1 0.065625 0.508197 1 0.060937 0.526932 1 0.098437 0.505855 1 0.000000 0.000000 0
0 0.126430 0.267178 0.050703 0.184098 0.125000 0.199063 1 0.126562 0.194379 1 0.000000 0.000000 0 0.134375 0.194379 1 0.000000 0.000000 0 0.139063 0.220141 1 0.128125 0.222482 1 0.140625 0.262295 1 0.125000 0.257611 1 0.123438 0.278689 1 0.101562 0.264637 1 0.137500 0.290398 1 0.129688 0.288056 1 0.135937 0.337237 1 0.129688 0.334895 1 0.000000 0.000000 0 0.000000 0.000000 0
0 0.541102 0.118630 0.063391 0.117400 0.542188 0.086651 1 0.546875 0.079625 1 0.540625 0.081967 1 0.553125 0.079625 1 0.000000 0.000000 0 0.560937 0.105386 1 0.539062 0.107728 1 0.556250 0.147541 1 0.529687 0.119438 1 0.535937 0.159251 1 0.515625 0.133489 1 0.554688 0.161593 1 0.534375 0.161593 1 0.534375 0.170960 1 0.000000 0.000000 0 0.000000 0.000000 0 0.000000 0.000000 0
0 0.200625 0.094403 0.057219 0.112412 0.000000 0.000000 0 0.000000 0.000000 0 0.000000 0.000000 0 0.000000 0.000000 0 0.000000 0.000000 0 0.000000 0.000000 0 0.000000 0.000000 0 0.000000 0.000000 0 0.000000 0.000000 0 0.000000 0.000000 0 0.000000 0.000000 0 0.000000 0.000000 0 0.000000 0.000000 0 0.000000 0.000000 0 0.000000 0.000000 0 0.000000 0.000000 0 0.000000 0.000000 0
0 0.467781 0.123595 0.074969 0.112342 0.475000 0.081967 1 0.478125 0.079625 1 0.473438 0.077283 1 0.487500 0.081967 1 0.000000 0.000000 0 0.493750 0.100703 1 0.468750 0.098361 1 0.493750 0.133489 1 0.442188 0.112412 1 0.481250 0.105386 1 0.460938 0.093677 1 0.475000 0.147541 1 0.457813 0.142857 1 0.459375 0.156909 1 0.435937 0.142857 1 0.440625 0.192037 1 0.437500 0.189696 1
0 0.159266 0.105562 0.040031 0.074169 0.000000 0.000000 0 0.000000 0.000000 0 0.000000 0.000000 0 0.000000 0.000000 0 0.000000 0.000000 0 0.000000 0.000000 0 0.000000 0.000000 0 0.000000 0.000000 0 0.000000 0.000000 0 0.000000 0.000000 0 0.000000 0.000000 0 0.000000 0.000000 0 0.000000 0.000000 0 0.000000 0.000000 0 0.000000 0.000000 0 0.000000 0.000000 0 0.000000 0.000000 0
0 0.920883 0.017283 0.049422 0.034567 0.000000 0.000000 0 0.000000 0.000000 0 0.000000 0.000000 0 0.000000 0.000000 0 0.000000 0.000000 0 0.000000 0.000000 0 0.000000 0.000000 0 0.000000 0.000000 0 0.000000 0.000000 0 0.000000 0.000000 0 0.000000 0.000000 0 0.000000 0.000000 0 0.000000 0.000000 0 0.000000 0.000000 0 0.000000 0.000000 0 0.000000 0.000000 0 0.000000 0.000000 0
0 0.968094 0.017084 0.047906 0.034169 0.000000 0.000000 0 0.000000 0.000000 0 0.000000 0.000000 0 0.000000 0.000000 0 0.000000 0.000000 0 0.000000 0.000000 0 0.000000 0.000000 0 0.000000 0.000000 0 0.000000 0.000000 0 0.000000 0.000000 0 0.000000 0.000000 0 0.000000 0.000000 0 0.000000 0.000000 0 0.000000 0.000000 0 0.000000 0.000000 0 0.000000 0.000000 0 0.000000 0.000000 0
0 0.764484 0.020831 0.031281 0.033841 0.000000 0.000000 0 0.000000 0.000000 0 0.000000 0.000000 0 0.000000 0.000000 0 0.000000 0.000000 0 0.000000 0.000000 0 0.000000 0.000000 0 0.000000 0.000000 0 0.000000 0.000000 0 0.000000 0.000000 0 0.000000 0.000000 0 0.000000 0.000000 0 0.000000 0.000000 0 0.000000 0.000000 0 0.000000 0.000000 0 0.000000 0.000000 0 0.000000 0.000000 0
0 0.451477 0.293419 0.072859 0.213864 0.000000 0.000000 0 0.000000 0.000000 0 0.000000 0.000000 0 0.000000 0.000000 0 0.000000 0.000000 0 0.476562 0.241218 1 0.440625 0.238876 1 0.481250 0.266979 1 0.431250 0.269321 1 0.479687 0.306792 1 0.432812 0.309133 1 0.000000 0.000000 0 0.000000 0.000000 0 0.000000 0.000000 0 0.000000 0.000000 0 0.000000 0.000000 0 0.000000 0.000000 0