0 0.559239 0.663219 0.583396 0.673563 0.526932 0.431250 1 0.564403 0.415625 1 0.508197 0.414062 1 0.634660 0.428125 1 0.000000 0.000000 0 0.728337 0.553125 1 0.430913 0.551562 1 0.800937 0.728125 1 0.402810 0.692187 1 0.557377 0.807813 1 0.346604 0.732812 1 0.632319 0.910937 1 0.423888 0.907813 1 0.000000 0.000000 0 0.000000 0.000000 0 0.000000 0.000000 0 0.000000 0.000000 0
0 0.412166 0.235375 0.192717 0.161000 0.428571 0.203125 1 0.437939 0.195312 1 0.414520 0.195312 1 0.459016 0.196875 1 0.398126 0.201563 1 0.489461 0.259375 1 0.355972 0.242188 1 0.489461 0.312500 1 0.341920 0.300000 1 0.000000 0.000000 0 0.454333 0.312500 1 0.000000 0.000000 0 0.000000 0.000000 0 0.000000 0.000000 0 0.000000 0.000000 0 0.000000 0.000000 0 0.000000 0.000000 0
0 0.833618 0.251688 0.198712 0.157313 0.882904 0.206250 1 0.000000 0.000000 0 0.864169 0.196875 1 0.000000 0.000000 0 0.817330 0.200000 1 0.906323 0.250000 1 0.770492 0.250000 1 0.906323 0.321875 1 0.777518 0.326562 1 0.000000 0.000000 0 0.000000 0.000000 0 0.000000 0.000000 0 0.000000 0.000000 0 0.000000 0.000000 0 0.000000 0.000000 0 0.000000 0.000000 0 0.000000 0.000000 0
0 0.736511 0.231359 0.095644 0.166906 0.714286 0.206250 1 0.723653 0.201563 1 0.709602 0.200000 1 0.763466 0.190625 1 0.000000 0.000000 0 0.812646 0.232813 1 0.714286 0.234375 1 0.000000 0.000000 0 0.000000 0.000000 0 0.000000 0.000000 0 0.000000 0.000000 0 0.000000 0.000000 0 0.000000 0.000000 0 0.000000 0.000000 0 0.000000 0.000000 0 0.000000 0.000000 0 0.000000 0.000000 0
0 0.176698 0.243953 0.237518 0.155531 0.177986 0.225000 1 0.192037 0.214062 1 0.163934 0.212500 1 0.213115 0.215625 1 0.140515 0.215625 1 0.252927 0.262500 1 0.096019 0.265625 1 0.283372 0.334375 1 0.074941 0.339062 1 0.000000 0.000000 0 0.000000 0.000000 0 0.000000 0.000000 0 0.000000 0.000000 0 0.000000 0.000000 0 0.000000 0.000000 0 0.000000 0.000000 0 0.000000 0.000000 0
0 0.740995 0.136398 0.181897 0.188766 0.754098 0.089063 1 0.758782 0.084375 1 0.742389 0.087500 1 0.000000 0.000000 0 0.700234 0.087500 1 0.793911 0.123438 1 0.674473 0.139063 1 0.817330 0.178125 1 0.667447 0.204687 1 0.000000 0.000000 0 0.000000 0.000000 0 0.000000 0.000000 0 0.000000 0.000000 0 0.000000 0.000000 0 0.000000 0.000000 0 0.000000 0.000000 0 0.000000 0.000000 0
0 0.492201 0.091289 0.203934 0.182578 0.566745 0.093750 1 0.578454 0.079687 1 0.557377 0.078125 1 0.590164 0.081250 1 0.529274 0.081250 1 0.587822 0.129688 1 0.487119 0.131250 1 0.000000 0.000000 0 0.000000 0.000000 0 0.000000 0.000000 0 0.000000 0.000000 0 0.000000 0.000000 0 0.000000 0.000000 0 0.000000 0.000000 0 0.000000 0.000000 0 0.000000 0.000000 0 0.000000 0.000000 0
0 0.314625 0.089758 0.172576 0.125484 0.341920 0.073438 1 0.351288 0.062500 1 0.330211 0.064062 1 0.377049 0.070312 1 0.304450 0.068750 1 0.414520 0.125000 1 0.266979 0.125000 1 0.000000 0.000000 0 0.000000 0.000000 0 0.000000 0.000000 0 0.000000 0.000000 0 0.000000 0.000000 0 0.000000 0.000000 0 0.000000 0.000000 0 0.000000 0.000000 0 0.000000 0.000000 0 0.000000 0.000000 0
0 0.611323 0.226961 0.205457 0.184266 0.599532 0.184375 1 0.613583 0.175000 1 0.585480 0.175000 1 0.632319 0.181250 1 0.559719 0.181250 1 0.683841 0.228125 1 0.526932 0.239063 1 0.693208 0.289062 1 0.536300 0.300000 1 0.587822 0.285938 1 0.632319 0.303125 1 0.000000 0.000000 0 0.000000 0.000000 0 0.000000 0.000000 0 0.000000 0.000000 0 0.000000 0.000000 0 0.000000 0.000000 0
0 0.532635 0.145430 0.138056 0.188453 0.566745 0.085938 1 0.580796 0.081250 1 0.555035 0.079687 1 0.000000 0.000000 0 0.531616 0.084375 1 0.622951 0.131250 1 0.503513 0.132812 1 0.000000 0.000000 0 0.475410 0.195312 1 0.000000 0.000000 0 0.000000 0.000000 0 0.000000 0.000000 0 0.000000 0.000000 0 0.000000 0.000000 0 0.000000 0.000000 0 0.000000 0.000000 0 0.000000 0.000000 0
0 0.128513 0.182625 0.245129 0.191844 0.098361 0.139063 1 0.107728 0.131250 1 0.091335 0.132812 1 0.145199 0.126562 1 0.000000 0.000000 0 0.192037 0.170313 1 0.070258 0.175000 1 0.224824 0.207813 1 0.035129 0.239063 1 0.000000 0.000000 0 0.000000 0.000000 0 0.000000 0.000000 0 0.000000 0.000000 0 0.000000 0.000000 0 0.000000 0.000000 0 0.000000 0.000000 0 0.000000 0.000000 0
0 0.498583 0.091203 0.126768 0.136500 0.000000 0.000000 0 0.000000 0.000000 0 0.517564 0.056250 1 0.000000 0.000000 0 0.489461 0.062500 1 0.000000 0.000000 0 0.454333 0.098437 1 0.000000 0.000000 0 0.454333 0.150000 1 0.000000 0.000000 0 0.000000 0.000000 0 0.000000 0.000000 0 0.000000 0.000000 0 0.000000 0.000000 0 0.000000 0.000000 0 0.000000 0.000000 0 0.000000 0.000000 0
0 0.356569 0.176719 0.191827 0.181125 0.306792 0.134375 1 0.320843 0.126562 1 0.302108 0.128125 1 0.360656 0.121875 1 0.000000 0.000000 0 0.412178 0.162500 1 0.288056 0.171875 1 0.000000 0.000000 0 0.285714 0.235937 1 0.000000 0.000000 0 0.405152 0.226562 1 0.000000 0.000000 0 0.313817 0.284375 1 0.000000 0.000000 0 0.000000 0.000000 0 0.000000 0.000000 0 0.000000 0.000000 0