0 0.575562 0.564042 0.200563 0.422458 0.000000 0.000000 0 0.000000 0.000000 0 0.000000 0.000000 0 0.000000 0.000000 0 0.000000 0.000000 0 0.546875 0.418750 1 0.604688 0.414583 1 0.000000 0.000000 0 0.662500 0.441667 1 0.000000 0.000000 0 0.643750 0.414583 1 0.551562 0.516667 1 0.587500 0.518750 1 0.534375 0.652083 1 0.621875 0.650000 1 0.496875 0.741667 1 0.640625 0.743750 1
0 0.617070 0.076406 0.202672 0.125854 0.000000 0.000000 0 0.000000 0.000000 0 0.000000 0.000000 0 0.000000 0.000000 0 0.000000 0.000000 0 0.675000 0.039583 1 0.648438 0.039583 1 0.689063 0.056250 1 0.645312 0.056250 1 0.682813 0.062500 1 0.660937 0.047917 1 0.668750 0.070833 1 0.654687 0.070833 1 0.000000 0.000000 0 0.000000 0.000000 0 0.000000 0.000000 0 0.000000 0.000000 0
0 0.709336 0.062771 0.008016 0.015875 0.000000 0.000000 0 0.000000 0.000000 0 0.000000 0.000000 0 0.000000 0.000000 0 0.000000 0.000000 0 0.000000 0.000000 0 0.000000 0.000000 0 0.000000 0.000000 0 0.000000 0.000000 0 0.000000 0.000000 0 0.000000 0.000000 0 0.000000 0.000000 0 0.000000 0.000000 0 0.000000 0.000000 0 0.000000 0.000000 0 0.000000 0.000000 0 0.000000 0.000000 0
0 0.936906 0.611437 0.126187 0.313417 0.000000 0.000000 0 0.000000 0.000000 0 0.000000 0.000000 0 0.903125 0.495833 1 0.000000 0.000000 0 0.912500 0.533333 1 0.939063 0.508333 1 0.929688 0.600000 1 0.984375 0.543750 1 0.000000 0.000000 0 0.000000 0.000000 0 0.971875 0.585417 1 0.992188 0.579167 1 0.909375 0.635417 1 0.946875 0.647917 1 0.915625 0.729167 1 0.985938 0.712500 1
0 0.773445 0.034000 0.035078 0.067667 0.000000 0.000000 0 0.000000 0.000000 0 0.000000 0.000000 0 0.000000 0.000000 0 0.000000 0.000000 0 0.000000 0.000000 0 0.000000 0.000000 0 0.000000 0.000000 0 0.000000 0.000000 0 0.000000 0.000000 0 0.000000 0.000000 0 0.000000 0.000000 0 0.000000 0.000000 0 0.000000 0.000000 0 0.000000 0.000000 0 0.000000 0.000000 0 0.000000 0.000000 0
0 0.280977 0.303063 0.088828 0.152375 0.279687 0.245833 1 0.281250 0.241667 1 0.278125 0.241667 1 0.289062 0.241667 1 0.000000 0.000000 0 0.293750 0.258333 1 0.275000 0.260417 1 0.309375 0.272917 1 0.265625 0.285417 1 0.315625 0.275000 1 0.259375 0.304167 1 0.282813 0.302083 1 0.270313 0.302083 1 0.275000 0.318750 1 0.240625 0.322917 1 0.265625 0.354167 1 0.253125 0.354167 1
0 0.913695 0.087615 0.027328 0.059146 0.000000 0.000000 0 0.000000 0.000000 0 0.000000 0.000000 0 0.000000 0.000000 0 0.000000 0.000000 0 0.000000 0.000000 0 0.000000 0.000000 0 0.000000 0.000000 0 0.000000 0.000000 0 0.000000 0.000000 0 0.000000 0.000000 0 0.000000 0.000000 0 0.000000 0.000000 0 0.000000 0.000000 0 0.000000 0.000000 0 0.000000 0.000000 0 0.000000 0.000000 0
0 0.936078 0.050156 0.040344 0.076437 0.000000 0.000000 0 0.000000 0.000000 0 0.000000 0.000000 0 0.000000 0.000000 0 0.000000 0.000000 0 0.000000 0.000000 0 0.000000 0.000000 0 0.000000 0.000000 0 0.000000 0.000000 0 0.000000 0.000000 0 0.000000 0.000000 0 0.000000 0.000000 0 0.000000 0.000000 0 0.000000 0.000000 0 0.000000 0.000000 0 0.000000 0.000000 0 0.000000 0.000000 0
0 0.223906 0.021542 0.032906 0.043083 0.000000 0.000000 0 0.000000 0.000000 0 0.000000 0.000000 0 0.000000 0.000000 0 0.000000 0.000000 0 0.000000 0.000000 0 0.000000 0.000000 0 0.000000 0.000000 0 0.000000 0.000000 0 0.000000 0.000000 0 0.000000 0.000000 0 0.000000 0.000000 0 0.000000 0.000000 0 0.000000 0.000000 0 0.000000 0.000000 0 0.000000 0.000000 0 0.000000 0.000000 0
0 0.229594 0.300969 0.066312 0.155354 0.234375 0.241667 1 0.237500 0.239583 1 0.232813 0.239583 1 0.243750 0.239583 1 0.000000 0.000000 0 0.250000 0.258333 1 0.232813 0.260417 1 0.256250 0.287500 1 0.229687 0.297917 1 0.246875 0.302083 1 0.220312 0.304167 1 0.243750 0.306250 1 0.231250 0.304167 1 0.229687 0.320833 1 0.201563 0.316667 1 0.221875 0.360417 1 0.212500 0.358333 1
0 0.510773 0.343656 0.046297 0.099604 0.000000 0.000000 0 0.000000 0.000000 0 0.000000 0.000000 0 0.000000 0.000000 0 0.000000 0.000000 0 0.000000 0.000000 0 0.000000 0.000000 0 0.000000 0.000000 0 0.000000 0.000000 0 0.000000 0.000000 0 0.000000 0.000000 0 0.000000 0.000000 0 0.000000 0.000000 0 0.000000 0.000000 0 0.000000 0.000000 0 0.000000 0.000000 0 0.000000 0.000000 0
0 0.834305 0.616854 0.175922 0.268500 0.820312 0.525000 1 0.825000 0.518750 1 0.000000 0.000000 0 0.839063 0.522917 1 0.000000 0.000000 0 0.842187 0.560417 1 0.865625 0.535417 1 0.821875 0.622917 1 0.860938 0.600000 1 0.781250 0.622917 1 0.821875 0.595833 1 0.925000 0.656250 1 0.939063 0.631250 1 0.840625 0.637500 1 0.856250 0.606250 1 0.864062 0.722917 1 0.906250 0.708333 1
0 0.810195 0.359906 0.075203 0.122479 0.821875 0.314583 1 0.823438 0.310417 1 0.820312 0.310417 1 0.831250 0.312500 1 0.000000 0.000000 0 0.837500 0.333333 1 0.814063 0.337500 1 0.829688 0.368750 1 0.807813 0.358333 1 0.803125 0.381250 1 0.798438 0.375000 1 0.823438 0.375000 1 0.807813 0.372917 1 0.798438 0.400000 1 0.776563 0.395833 1 0.000000 0.000000 0 0.000000 0.000000 0