0 0.424060 0.505810 0.614388 0.796420 0.253731 0.316000 1 0.253731 0.308000 1 0.241791 0.308000 1 0.274627 0.314000 1 0.223881 0.316000 1 0.301493 0.362000 1 0.200000 0.366000 1 0.325373 0.410000 1 0.241791 0.410000 1 0.256716 0.416000 1 0.301493 0.402000 1 0.292537 0.478000 1 0.241791 0.482000 1 0.280597 0.550000 1 0.235821 0.552000 1 0.271642 0.638000 1 0.223881 0.640000 1
0 0.259582 0.472870 0.139642 0.377740 0.253731 0.314000 1 0.259701 0.308000 1 0.244776 0.308000 1 0.274627 0.314000 1 0.226866 0.316000 1 0.301493 0.362000 1 0.208955 0.362000 1 0.331343 0.412000 1 0.244776 0.412000 1 0.256716 0.414000 1 0.301493 0.402000 1 0.295522 0.476000 1 0.247761 0.476000 1 0.283582 0.558000 1 0.241791 0.558000 1 0.271642 0.638000 1 0.223881 0.636000 1
0 0.159731 0.428120 0.100836 0.202680 0.000000 0.000000 0 0.000000 0.000000 0 0.000000 0.000000 0 0.152239 0.340000 1 0.000000 0.000000 0 0.155224 0.364000 1 0.185075 0.360000 1 0.149254 0.382000 1 0.000000 0.000000 0 0.149254 0.406000 1 0.000000 0.000000 0 0.161194 0.422000 1 0.191045 0.418000 1 0.149254 0.472000 1 0.185075 0.472000 1 0.146269 0.520000 1 0.188060 0.520000 1
0 0.887090 0.473850 0.173284 0.322220 0.871642 0.334000 1 0.880597 0.330000 1 0.859701 0.330000 1 0.892537 0.338000 1 0.847761 0.336000 1 0.916418 0.374000 1 0.826866 0.382000 1 0.943284 0.422000 1 0.805970 0.432000 1 0.955224 0.468000 1 0.814925 0.476000 1 0.913433 0.474000 1 0.856716 0.476000 1 0.931343 0.554000 1 0.862687 0.558000 1 0.949254 0.618000 1 0.880597 0.622000 1
0 0.421507 0.574280 0.325821 0.672040 0.000000 0.000000 0 0.000000 0.000000 0 0.000000 0.000000 0 0.000000 0.000000 0 0.477612 0.294000 1 0.370149 0.352000 1 0.444776 0.332000 1 0.313433 0.454000 1 0.504478 0.308000 1 0.000000 0.000000 0 0.534328 0.284000 1 0.373134 0.536000 1 0.459701 0.536000 1 0.388060 0.710000 1 0.522388 0.718000 1 0.301493 0.846000 1 0.468657 0.862000 1
0 0.320090 0.345120 0.093194 0.087680 0.000000 0.000000 0 0.000000 0.000000 0 0.000000 0.000000 0 0.000000 0.000000 0 0.000000 0.000000 0 0.000000 0.000000 0 0.000000 0.000000 0 0.000000 0.000000 0 0.000000 0.000000 0 0.000000 0.000000 0 0.000000 0.000000 0 0.000000 0.000000 0 0.000000 0.000000 0 0.000000 0.000000 0 0.000000 0.000000 0 0.000000 0.000000 0 0.000000 0.000000 0
0 0.973045 0.328220 0.036597 0.035320 0.000000 0.000000 0 0.000000 0.000000 0 0.000000 0.000000 0 0.000000 0.000000 0 0.000000 0.000000 0 0.000000 0.000000 0 0.000000 0.000000 0 0.000000 0.000000 0 0.000000 0.000000 0 0.000000 0.000000 0 0.000000 0.000000 0 0.000000 0.000000 0 0.000000 0.000000 0 0.000000 0.000000 0 0.000000 0.000000 0 0.000000 0.000000 0 0.000000 0.000000 0
0 0.938090 0.360320 0.096358 0.189760 0.898507 0.286000 1 0.901493 0.282000 1 0.000000 0.000000 0 0.910448 0.282000 1 0.000000 0.000000 0 0.919403 0.306000 1 0.940299 0.306000 1 0.943284 0.318000 1 0.000000 0.000000 0 0.913433 0.332000 1 0.000000 0.000000 0 0.937313 0.352000 1 0.961194 0.352000 1 0.913433 0.394000 1 0.952239 0.402000 1 0.000000 0.000000 0 0.970149 0.444000 1
0 0.805448 0.406490 0.068627 0.203460 0.000000 0.000000 0 0.000000 0.000000 0 0.000000 0.000000 0 0.782090 0.324000 1 0.000000 0.000000 0 0.794030 0.344000 1 0.820896 0.346000 1 0.788060 0.374000 1 0.844776 0.362000 1 0.785075 0.398000 1 0.000000 0.000000 0 0.797015 0.410000 1 0.832836 0.408000 1 0.785075 0.454000 1 0.823881 0.458000 1 0.794030 0.496000 1 0.823881 0.496000 1
0 0.168896 0.295510 0.027104 0.026980 0.000000 0.000000 0 0.000000 0.000000 0 0.000000 0.000000 0 0.000000 0.000000 0 0.000000 0.000000 0 0.000000 0.000000 0 0.000000 0.000000 0 0.000000 0.000000 0 0.000000 0.000000 0 0.000000 0.000000 0 0.000000 0.000000 0 0.000000 0.000000 0 0.000000 0.000000 0 0.000000 0.000000 0 0.000000 0.000000 0 0.000000 0.000000 0 0.000000 0.000000 0
0 0.704701 0.438640 0.066418 0.196480 0.000000 0.000000 0 0.000000 0.000000 0 0.000000 0.000000 0 0.000000 0.000000 0 0.000000 0.000000 0 0.686567 0.346000 1 0.707463 0.346000 1 0.692537 0.390000 1 0.000000 0.000000 0 0.662687 0.402000 1 0.000000 0.000000 0 0.695522 0.416000 1 0.719403 0.414000 1 0.704478 0.472000 1 0.698507 0.472000 1 0.716418 0.524000 1 0.698507 0.522000 1