0 0.337410 0.387533 0.253900 0.775067 0.318000 0.056000 1 0.318000 0.040000 1 0.304000 0.040000 1 0.000000 0.000000 0 0.270000 0.053333 1 0.278000 0.128000 1 0.238000 0.130667 1 0.332000 0.229333 1 0.294000 0.224000 1 0.424000 0.272000 1 0.308000 0.122667 1 0.294000 0.357333 1 0.260000 0.357333 1 0.304000 0.517333 1 0.266000 0.533333 1 0.322000 0.696000 1 0.266000 0.730667 1
0 0.541880 0.231453 0.086280 0.330267 0.000000 0.000000 0 0.000000 0.000000 0 0.000000 0.000000 0 0.538000 0.090667 1 0.558000 0.093333 1 0.524000 0.120000 1 0.566000 0.128000 1 0.512000 0.162667 1 0.572000 0.170667 1 0.000000 0.000000 0 0.572000 0.200000 1 0.524000 0.200000 1 0.558000 0.202667 1 0.522000 0.285333 1 0.560000 0.293333 1 0.512000 0.362667 1 0.566000 0.376000 1
0 0.646340 0.223600 0.099440 0.316853 0.000000 0.000000 0 0.000000 0.000000 0 0.000000 0.000000 0 0.658000 0.090667 1 0.000000 0.000000 0 0.656000 0.125333 1 0.688000 0.128000 1 0.642000 0.168000 1 0.000000 0.000000 0 0.636000 0.208000 1 0.000000 0.000000 0 0.652000 0.237333 1 0.680000 0.237333 1 0.638000 0.306667 1 0.668000 0.320000 1 0.622000 0.368000 1 0.662000 0.378667 1
0 0.341050 0.137613 0.049700 0.130960 0.000000 0.000000 0 0.000000 0.000000 0 0.000000 0.000000 0 0.000000 0.000000 0 0.000000 0.000000 0 0.000000 0.000000 0 0.000000 0.000000 0 0.000000 0.000000 0 0.000000 0.000000 0 0.000000 0.000000 0 0.000000 0.000000 0 0.000000 0.000000 0 0.000000 0.000000 0 0.000000 0.000000 0 0.000000 0.000000 0 0.000000 0.000000 0 0.000000 0.000000 0
0 0.776960 0.335947 0.185400 0.617973 0.758000 0.101333 1 0.764000 0.088000 1 0.748000 0.088000 1 0.792000 0.088000 1 0.000000 0.000000 0 0.828000 0.152000 1 0.740000 0.146667 1 0.852000 0.061333 1 0.698000 0.061333 1 0.808000 0.042667 1 0.754000 0.064000 1 0.780000 0.349333 1 0.728000 0.344000 1 0.764000 0.506667 1 0.000000 0.000000 0 0.760000 0.658667 1 0.000000 0.000000 0
0 0.053520 0.310960 0.102040 0.559147 0.000000 0.000000 0 0.000000 0.000000 0 0.000000 0.000000 0 0.042000 0.069333 1 0.000000 0.000000 0 0.058000 0.133333 1 0.048000 0.133333 1 0.046000 0.202667 1 0.000000 0.000000 0 0.014000 0.242667 1 0.000000 0.000000 0 0.058000 0.282667 1 0.050000 0.282667 1 0.000000 0.000000 0 0.000000 0.000000 0 0.000000 0.000000 0 0.000000 0.000000 0
0 0.899000 0.280667 0.126040 0.382400 0.000000 0.000000 0 0.000000 0.000000 0 0.000000 0.000000 0 0.900000 0.112000 1 0.924000 0.114667 1 0.876000 0.152000 1 0.938000 0.160000 1 0.862000 0.202667 1 0.954000 0.218667 1 0.856000 0.258667 1 0.922000 0.258667 1 0.884000 0.245333 1 0.916000 0.248000 1 0.870000 0.349333 1 0.910000 0.352000 1 0.860000 0.440000 1 0.896000 0.440000 1
0 0.511680 0.206133 0.052200 0.254560 0.000000 0.000000 0 0.000000 0.000000 0 0.000000 0.000000 0 0.000000 0.000000 0 0.000000 0.000000 0 0.000000 0.000000 0 0.000000 0.000000 0 0.000000 0.000000 0 0.000000 0.000000 0 0.000000 0.000000 0 0.000000 0.000000 0 0.000000 0.000000 0 0.000000 0.000000 0 0.000000 0.000000 0 0.000000 0.000000 0 0.000000 0.000000 0 0.000000 0.000000 0
0 0.832470 0.287747 0.040220 0.258587 0.000000 0.000000 0 0.000000 0.000000 0 0.000000 0.000000 0 0.000000 0.000000 0 0.000000 0.000000 0 0.000000 0.000000 0 0.000000 0.000000 0 0.000000 0.000000 0 0.000000 0.000000 0 0.000000 0.000000 0 0.000000 0.000000 0 0.844000 0.253333 1 0.822000 0.253333 1 0.844000 0.322667 1 0.818000 0.317333 1 0.830000 0.392000 1 0.000000 0.000000 0
0 0.018380 0.131413 0.034760 0.215947 0.000000 0.000000 0 0.000000 0.000000 0 0.000000 0.000000 0 0.000000 0.000000 0 0.000000 0.000000 0 0.000000 0.000000 0 0.000000 0.000000 0 0.000000 0.000000 0 0.000000 0.000000 0 0.000000 0.000000 0 0.000000 0.000000 0 0.000000 0.000000 0 0.000000 0.000000 0 0.000000 0.000000 0 0.000000 0.000000 0 0.000000 0.000000 0 0.000000 0.000000 0
0 0.116980 0.224507 0.047920 0.172000 0.000000 0.000000 0 0.000000 0.000000 0 0.000000 0.000000 0 0.000000 0.000000 0 0.000000 0.000000 0 0.094000 0.194667 1 0.128000 0.194667 1 0.094000 0.224000 1 0.132000 0.226667 1 0.000000 0.000000 0 0.000000 0.000000 0 0.106000 0.242667 1 0.118000 0.245333 1 0.104000 0.285333 1 0.122000 0.285333 1 0.104000 0.325333 1 0.122000 0.325333 1