0 0.553781 0.698879 0.163813 0.575280 0.000000 0.000000 0 0.000000 0.000000 0 0.000000 0.000000 0 0.000000 0.000000 0 0.592187 0.485981 1 0.501563 0.577103 1 0.615625 0.600467 1 0.507812 0.686916 1 0.615625 0.733645 1 0.571875 0.705607 1 0.564063 0.700935 1 0.518750 0.810748 1 0.579688 0.820093 1 0.000000 0.000000 0 0.000000 0.000000 0 0.000000 0.000000 0 0.000000 0.000000 0
0 0.235508 0.640327 0.069797 0.288692 0.000000 0.000000 0 0.000000 0.000000 0 0.000000 0.000000 0 0.000000 0.000000 0 0.000000 0.000000 0 0.229687 0.544393 1 0.256250 0.546729 1 0.210938 0.584112 1 0.000000 0.000000 0 0.198437 0.572430 1 0.000000 0.000000 0 0.231250 0.630841 1 0.248438 0.630841 1 0.000000 0.000000 0 0.242188 0.717290 1 0.000000 0.000000 0 0.229687 0.768692 1
0 0.186797 0.622780 0.079375 0.332897 0.000000 0.000000 0 0.000000 0.000000 0 0.000000 0.000000 0 0.182812 0.485981 1 0.203125 0.500000 1 0.164062 0.521028 1 0.203125 0.528037 1 0.153125 0.563084 1 0.215625 0.577103 1 0.000000 0.000000 0 0.000000 0.000000 0 0.165625 0.623832 1 0.192188 0.630841 1 0.168750 0.691589 1 0.192188 0.693925 1 0.165625 0.759346 1 0.179688 0.761682 1
0 0.064703 0.631145 0.126406 0.340093 0.000000 0.000000 0 0.000000 0.000000 0 0.000000 0.000000 0 0.000000 0.000000 0 0.000000 0.000000 0 0.048438 0.514019 1 0.084375 0.514019 1 0.000000 0.000000 0 0.092188 0.558411 1 0.000000 0.000000 0 0.115625 0.591121 1 0.043750 0.626168 1 0.071875 0.630841 1 0.032813 0.698598 1 0.054688 0.712617 1 0.023438 0.764019 1 0.039062 0.782710 1
0 0.108000 0.677488 0.058156 0.245164 0.000000 0.000000 0 0.000000 0.000000 0 0.000000 0.000000 0 0.000000 0.000000 0 0.000000 0.000000 0 0.090625 0.602804 1 0.118750 0.605140 1 0.000000 0.000000 0 0.000000 0.000000 0 0.000000 0.000000 0 0.000000 0.000000 0 0.096875 0.672897 1 0.115625 0.672897 1 0.106250 0.714953 1 0.114062 0.712617 1 0.118750 0.757009 1 0.106250 0.761682 1
0 0.128203 0.611530 0.048875 0.312967 0.135937 0.483645 1 0.137500 0.478972 1 0.132812 0.478972 1 0.000000 0.000000 0 0.125000 0.478972 1 0.126562 0.514019 1 0.123438 0.514019 1 0.000000 0.000000 0 0.131250 0.518692 1 0.000000 0.000000 0 0.140625 0.490654 1 0.129688 0.598131 1 0.126562 0.598131 1 0.000000 0.000000 0 0.137500 0.672897 1 0.000000 0.000000 0 0.139063 0.747664 1
0 0.270430 0.644848 0.062453 0.333575 0.296875 0.511682 1 0.000000 0.000000 0 0.293750 0.500000 1 0.000000 0.000000 0 0.282813 0.504673 1 0.260937 0.544393 1 0.275000 0.546729 1 0.000000 0.000000 0 0.281250 0.591121 1 0.000000 0.000000 0 0.000000 0.000000 0 0.254688 0.644860 1 0.268750 0.649533 1 0.251563 0.712617 1 0.267188 0.712617 1 0.234375 0.764019 1 0.248438 0.785047 1
0 0.625461 0.686215 0.082141 0.374252 0.000000 0.000000 0 0.000000 0.000000 0 0.000000 0.000000 0 0.000000 0.000000 0 0.640625 0.546729 1 0.571875 0.621495 1 0.640625 0.623832 1 0.000000 0.000000 0 0.656250 0.735981 1 0.000000 0.000000 0 0.000000 0.000000 0 0.575000 0.768692 1 0.618750 0.771028 1 0.000000 0.000000 0 0.000000 0.000000 0 0.000000 0.000000 0 0.000000 0.000000 0
0 0.838453 0.877091 0.190938 0.245818 0.000000 0.000000 0 0.000000 0.000000 0 0.000000 0.000000 0 0.000000 0.000000 0 0.000000 0.000000 0 0.000000 0.000000 0 0.000000 0.000000 0 0.000000 0.000000 0 0.000000 0.000000 0 0.000000 0.000000 0 0.000000 0.000000 0 0.000000 0.000000 0 0.000000 0.000000 0 0.000000 0.000000 0 0.000000 0.000000 0 0.000000 0.000000 0 0.000000 0.000000 0
0 0.038641 0.493925 0.035094 0.067757 0.000000 0.000000 0 0.000000 0.000000 0 0.000000 0.000000 0 0.000000 0.000000 0 0.000000 0.000000 0 0.000000 0.000000 0 0.000000 0.000000 0 0.000000 0.000000 0 0.000000 0.000000 0 0.000000 0.000000 0 0.000000 0.000000 0 0.000000 0.000000 0 0.000000 0.000000 0 0.000000 0.000000 0 0.000000 0.000000 0 0.000000 0.000000 0 0.000000 0.000000 0
0 0.934531 0.864521 0.080781 0.270958 0.000000 0.000000 0 0.000000 0.000000 0 0.000000 0.000000 0 0.000000 0.000000 0 0.000000 0.000000 0 0.901563 0.799065 1 0.960938 0.771028 1 0.000000 0.000000 0 0.000000 0.000000 0 0.000000 0.000000 0 0.000000 0.000000 0 0.917188 0.943925 1 0.962500 0.943925 1 0.000000 0.000000 0 0.000000 0.000000 0 0.000000 0.000000 0 0.000000 0.000000 0
0 0.395211 0.708493 0.143797 0.583014 0.000000 0.000000 0 0.000000 0.000000 0 0.448437 0.492991 1 0.407813 0.500000 1 0.437500 0.504673 1 0.392188 0.549065 1 0.440625 0.574766 1 0.373437 0.509346 1 0.437500 0.675234 1 0.398438 0.457944 1 0.442188 0.757009 1 0.382812 0.717290 1 0.414062 0.726636 1 0.364063 0.848131 1 0.395313 0.873832 1 0.339062 0.962617 1 0.378125 0.990654 1
0 0.332125 0.669159 0.080031 0.395374 0.000000 0.000000 0 0.000000 0.000000 0 0.000000 0.000000 0 0.000000 0.000000 0 0.367188 0.507009 1 0.334375 0.549065 1 0.359375 0.546729 1 0.309375 0.600467 1 0.346875 0.595794 1 0.326562 0.626168 1 0.346875 0.623832 1 0.326562 0.658879 1 0.354687 0.665888 1 0.325000 0.759346 1 0.345313 0.759346 1 0.318750 0.850467 1 0.339062 0.864486 1