0 0.326594 0.535953 0.653187 0.919094 0.502083 0.303125 1 0.000000 0.000000 0 0.516667 0.268750 1 0.000000 0.000000 0 0.460417 0.210938 1 0.000000 0.000000 0 0.268750 0.350000 1 0.000000 0.000000 0 0.175000 0.601562 1 0.000000 0.000000 0 0.454167 0.592187 1 0.227083 0.678125 1 0.125000 0.709375 1 0.300000 0.954688 1 0.000000 0.000000 0 0.000000 0.000000 0 0.000000 0.000000 0
0 0.605104 0.489859 0.321333 0.558563 0.702083 0.271875 1 0.000000 0.000000 0 0.687500 0.262500 1 0.000000 0.000000 0 0.641667 0.268750 1 0.631250 0.320312 1 0.614583 0.323437 1 0.000000 0.000000 0 0.597917 0.426563 1 0.000000 0.000000 0 0.635417 0.501563 1 0.620833 0.503125 1 0.612500 0.507812 1 0.597917 0.595313 1 0.610417 0.607812 1 0.491667 0.651563 1 0.581250 0.710938 1
0 0.803927 0.397805 0.102396 0.105828 0.812500 0.360938 1 0.820833 0.357812 1 0.808333 0.357812 1 0.829167 0.364063 1 0.000000 0.000000 0 0.839583 0.382812 1 0.800000 0.378125 1 0.835417 0.410938 1 0.787500 0.410938 1 0.833333 0.432812 1 0.783333 0.400000 1 0.822917 0.423438 1 0.800000 0.421875 1 0.827083 0.431250 1 0.762500 0.425000 1 0.791667 0.443750 1 0.810417 0.440625 1
0 0.906573 0.615219 0.186854 0.666156 0.000000 0.000000 0 0.000000 0.000000 0 0.000000 0.000000 0 0.000000 0.000000 0 0.000000 0.000000 0 0.000000 0.000000 0 0.000000 0.000000 0 0.000000 0.000000 0 0.914583 0.426563 1 0.000000 0.000000 0 0.983333 0.534375 1 0.000000 0.000000 0 0.958333 0.571875 1 0.931250 0.707812 1 0.000000 0.000000 0 0.877083 0.842187 1 0.975000 0.889062 1
0 0.074604 0.411945 0.102750 0.174922 0.070833 0.350000 1 0.079167 0.345313 1 0.066667 0.345313 1 0.000000 0.000000 0 0.000000 0.000000 0 0.100000 0.370312 1 0.064583 0.375000 1 0.118750 0.423438 1 0.056250 0.421875 1 0.068750 0.445312 1 0.041667 0.445312 1 0.083333 0.439063 1 0.054167 0.442188 1 0.039583 0.459375 1 0.012500 0.445312 1 0.102083 0.492188 1 0.022917 0.495312 1
0 0.882646 0.473133 0.083125 0.119297 0.000000 0.000000 0 0.000000 0.000000 0 0.000000 0.000000 0 0.000000 0.000000 0 0.000000 0.000000 0 0.000000 0.000000 0 0.883333 0.426563 1 0.000000 0.000000 0 0.860417 0.460938 1 0.000000 0.000000 0 0.864583 0.459375 1 0.918750 0.493750 1 0.875000 0.484375 1 0.000000 0.000000 0 0.879167 0.468750 1 0.000000 0.000000 0 0.854167 0.512500 1
0 0.197677 0.245852 0.024438 0.020359 0.000000 0.000000 0 0.000000 0.000000 0 0.000000 0.000000 0 0.000000 0.000000 0 0.000000 0.000000 0 0.000000 0.000000 0 0.000000 0.000000 0 0.000000 0.000000 0 0.000000 0.000000 0 0.000000 0.000000 0 0.000000 0.000000 0 0.000000 0.000000 0 0.000000 0.000000 0 0.000000 0.000000 0 0.000000 0.000000 0 0.000000 0.000000 0 0.000000 0.000000 0
0 0.788979 0.304953 0.085000 0.091562 0.000000 0.000000 0 0.000000 0.000000 0 0.000000 0.000000 0 0.770833 0.270313 1 0.000000 0.000000 0 0.764583 0.284375 1 0.797917 0.285938 1 0.756250 0.306250 1 0.000000 0.000000 0 0.752083 0.326562 1 0.000000 0.000000 0 0.762500 0.325000 1 0.787500 0.328125 1 0.000000 0.000000 0 0.000000 0.000000 0 0.000000 0.000000 0 0.000000 0.000000 0
0 0.970302 0.294289 0.059396 0.079578 0.000000 0.000000 0 0.000000 0.000000 0 0.000000 0.000000 0 0.000000 0.000000 0 0.000000 0.000000 0 0.000000 0.000000 0 0.000000 0.000000 0 0.000000 0.000000 0 0.000000 0.000000 0 0.000000 0.000000 0 0.000000 0.000000 0 0.000000 0.000000 0 0.000000 0.000000 0 0.000000 0.000000 0 0.000000 0.000000 0 0.000000 0.000000 0 0.000000 0.000000 0
0 0.731083 0.383773 0.071417 0.077797 0.739583 0.362500 1 0.743750 0.360938 1 0.737500 0.359375 1 0.750000 0.362500 1 0.000000 0.000000 0 0.760417 0.368750 1 0.718750 0.365625 1 0.762500 0.389062 1 0.712500 0.382812 1 0.737500 0.379688 1 0.000000 0.000000 0 0.747917 0.387500 1 0.720833 0.387500 1 0.729167 0.387500 1 0.697917 0.395313 1 0.747917 0.407813 1 0.000000 0.000000 0
0 0.072542 0.272813 0.047625 0.060937 0.000000 0.000000 0 0.000000 0.000000 0 0.000000 0.000000 0 0.000000 0.000000 0 0.000000 0.000000 0 0.000000 0.000000 0 0.000000 0.000000 0 0.000000 0.000000 0 0.000000 0.000000 0 0.000000 0.000000 0 0.000000 0.000000 0 0.000000 0.000000 0 0.000000 0.000000 0 0.000000 0.000000 0 0.000000 0.000000 0 0.000000 0.000000 0 0.000000 0.000000 0
0 0.781802 0.359656 0.047479 0.033625 0.000000 0.000000 0 0.000000 0.000000 0 0.000000 0.000000 0 0.000000 0.000000 0 0.000000 0.000000 0 0.000000 0.000000 0 0.000000 0.000000 0 0.000000 0.000000 0 0.000000 0.000000 0 0.000000 0.000000 0 0.000000 0.000000 0 0.000000 0.000000 0 0.000000 0.000000 0 0.000000 0.000000 0 0.000000 0.000000 0 0.000000 0.000000 0 0.000000 0.000000 0
0 0.754260 0.281016 0.021729 0.020094 0.000000 0.000000 0 0.000000 0.000000 0 0.000000 0.000000 0 0.000000 0.000000 0 0.000000 0.000000 0 0.000000 0.000000 0 0.000000 0.000000 0 0.000000 0.000000 0 0.000000 0.000000 0 0.000000 0.000000 0 0.000000 0.000000 0 0.000000 0.000000 0 0.000000 0.000000 0 0.000000 0.000000 0 0.000000 0.000000 0 0.000000 0.000000 0 0.000000 0.000000 0