0 0.199672 0.502494 0.158187 0.769577 0.000000 0.000000 0 0.000000 0.000000 0 0.000000 0.000000 0 0.200000 0.184855 1 0.243750 0.193764 1 0.157812 0.240535 1 0.239063 0.267261 1 0.126562 0.311804 1 0.239063 0.371938 1 0.000000 0.000000 0 0.240625 0.481069 1 0.145313 0.496659 1 0.217188 0.510022 1 0.165625 0.650334 1 0.204687 0.665924 1 0.154688 0.806236 1 0.198437 0.844098 1
0 0.397289 0.506748 0.217578 0.815724 0.000000 0.000000 0 0.000000 0.000000 0 0.000000 0.000000 0 0.395313 0.175947 1 0.439063 0.187082 1 0.354687 0.253898 1 0.451562 0.258352 1 0.318750 0.403118 1 0.457813 0.387528 1 0.315625 0.507795 1 0.484375 0.487751 1 0.353125 0.494432 1 0.415625 0.485523 1 0.360938 0.663697 1 0.431250 0.674833 1 0.320312 0.788419 1 0.423438 0.877506 1
0 0.554156 0.512361 0.184469 0.759555 0.000000 0.000000 0 0.000000 0.000000 0 0.000000 0.000000 0 0.512500 0.202673 1 0.000000 0.000000 0 0.485938 0.273942 1 0.573438 0.253898 1 0.479687 0.380846 1 0.609375 0.371938 1 0.467187 0.507795 1 0.629687 0.467706 1 0.504687 0.458797 1 0.560937 0.456570 1 0.512500 0.668151 1 0.592187 0.661470 1 0.520312 0.830735 1 0.603125 0.815145 1
0 0.769758 0.486492 0.066672 0.279755 0.000000 0.000000 0 0.000000 0.000000 0 0.000000 0.000000 0 0.776563 0.378619 1 0.000000 0.000000 0 0.781250 0.409800 1 0.787500 0.405345 1 0.779687 0.449889 1 0.000000 0.000000 0 0.773438 0.483296 1 0.000000 0.000000 0 0.779687 0.478842 1 0.787500 0.476615 1 0.784375 0.541203 1 0.771875 0.554566 1 0.803125 0.596882 1 0.762500 0.596882 1
0 0.820969 0.493831 0.095687 0.277595 0.817187 0.398664 1 0.000000 0.000000 0 0.000000 0.000000 0 0.826562 0.385301 1 0.000000 0.000000 0 0.842187 0.396437 1 0.814063 0.405345 1 0.856250 0.445434 1 0.815625 0.456570 1 0.856250 0.498886 1 0.825000 0.494432 1 0.848437 0.483296 1 0.829688 0.481069 1 0.848437 0.550111 1 0.817187 0.550111 1 0.854688 0.619154 1 0.803125 0.614699 1
0 0.876867 0.487918 0.032703 0.202205 0.000000 0.000000 0 0.000000 0.000000 0 0.000000 0.000000 0 0.000000 0.000000 0 0.000000 0.000000 0 0.000000 0.000000 0 0.000000 0.000000 0 0.000000 0.000000 0 0.000000 0.000000 0 0.000000 0.000000 0 0.000000 0.000000 0 0.000000 0.000000 0 0.000000 0.000000 0 0.000000 0.000000 0 0.000000 0.000000 0 0.000000 0.000000 0 0.000000 0.000000 0
0 0.978930 0.489321 0.042141 0.168040 0.000000 0.000000 0 0.000000 0.000000 0 0.000000 0.000000 0 0.000000 0.000000 0 0.000000 0.000000 0 0.967187 0.436526 1 0.984375 0.436526 1 0.962500 0.467706 1 0.992188 0.467706 1 0.964063 0.487751 1 0.995313 0.485523 1 0.968750 0.485523 1 0.984375 0.483296 1 0.970313 0.523385 1 0.981250 0.527840 1 0.970313 0.543430 1 0.981250 0.559020 1
0 0.691344 0.499933 0.033250 0.108686 0.000000 0.000000 0 0.000000 0.000000 0 0.000000 0.000000 0 0.000000 0.000000 0 0.000000 0.000000 0 0.000000 0.000000 0 0.000000 0.000000 0 0.000000 0.000000 0 0.000000 0.000000 0 0.000000 0.000000 0 0.000000 0.000000 0 0.000000 0.000000 0 0.000000 0.000000 0 0.000000 0.000000 0 0.000000 0.000000 0 0.000000 0.000000 0 0.000000 0.000000 0
0 0.732477 0.493018 0.029516 0.131693 0.000000 0.000000 0 0.000000 0.000000 0 0.000000 0.000000 0 0.000000 0.000000 0 0.000000 0.000000 0 0.000000 0.000000 0 0.000000 0.000000 0 0.000000 0.000000 0 0.000000 0.000000 0 0.000000 0.000000 0 0.000000 0.000000 0 0.000000 0.000000 0 0.000000 0.000000 0 0.000000 0.000000 0 0.000000 0.000000 0 0.000000 0.000000 0 0.000000 0.000000 0
0 0.860687 0.546871 0.050969 0.167550 0.000000 0.000000 0 0.843750 0.494432 1 0.000000 0.000000 0 0.848437 0.485523 1 0.000000 0.000000 0 0.857812 0.498886 1 0.867188 0.487751 1 0.854688 0.534521 1 0.000000 0.000000 0 0.853125 0.556793 1 0.000000 0.000000 0 0.870313 0.547884 1 0.882812 0.543430 1 0.862500 0.581292 1 0.879687 0.576837 1 0.859375 0.616927 1 0.879687 0.616927 1
0 0.664039 0.487695 0.032109 0.099889 0.000000 0.000000 0 0.000000 0.000000 0 0.000000 0.000000 0 0.000000 0.000000 0 0.000000 0.000000 0 0.000000 0.000000 0 0.000000 0.000000 0 0.000000 0.000000 0 0.000000 0.000000 0 0.000000 0.000000 0 0.000000 0.000000 0 0.000000 0.000000 0 0.000000 0.000000 0 0.000000 0.000000 0 0.000000 0.000000 0 0.000000 0.000000 0 0.000000 0.000000 0
0 0.667914 0.521136 0.024547 0.058085 0.000000 0.000000 0 0.000000 0.000000 0 0.000000 0.000000 0 0.000000 0.000000 0 0.000000 0.000000 0 0.000000 0.000000 0 0.000000 0.000000 0 0.000000 0.000000 0 0.000000 0.000000 0 0.000000 0.000000 0 0.000000 0.000000 0 0.000000 0.000000 0 0.000000 0.000000 0 0.000000 0.000000 0 0.000000 0.000000 0 0.000000 0.000000 0 0.000000 0.000000 0
0 0.752164 0.492038 0.026422 0.102918 0.000000 0.000000 0 0.000000 0.000000 0 0.000000 0.000000 0 0.000000 0.000000 0 0.000000 0.000000 0 0.000000 0.000000 0 0.000000 0.000000 0 0.000000 0.000000 0 0.000000 0.000000 0 0.000000 0.000000 0 0.000000 0.000000 0 0.000000 0.000000 0 0.000000 0.000000 0 0.000000 0.000000 0 0.000000 0.000000 0 0.000000 0.000000 0 0.000000 0.000000 0