0 0.523760 0.610480 0.175360 0.533033 0.000000 0.000000 0 0.000000 0.000000 0 0.000000 0.000000 0 0.000000 0.000000 0 0.000000 0.000000 0 0.522000 0.459459 1 0.522000 0.435435 1 0.480000 0.492492 1 0.494000 0.432432 1 0.450000 0.429429 1 0.458000 0.399399 1 0.558000 0.594595 1 0.546000 0.591592 1 0.570000 0.717718 1 0.512000 0.612613 1 0.586000 0.822823 1 0.000000 0.000000 0
0 0.622500 0.619369 0.231000 0.538318 0.622000 0.432432 1 0.628000 0.426426 1 0.000000 0.000000 0 0.638000 0.441441 1 0.000000 0.000000 0 0.638000 0.483483 1 0.626000 0.465465 1 0.576000 0.480480 1 0.574000 0.438438 1 0.542000 0.441441 1 0.538000 0.402402 1 0.674000 0.639640 1 0.656000 0.633634 1 0.678000 0.750751 1 0.592000 0.648649 1 0.722000 0.843844 1 0.636000 0.729730 1
0 0.878420 0.642432 0.179640 0.581441 0.000000 0.000000 0 0.000000 0.000000 0 0.000000 0.000000 0 0.848000 0.399399 1 0.882000 0.396396 1 0.828000 0.477477 1 0.908000 0.453453 1 0.814000 0.558559 1 0.940000 0.528529 1 0.800000 0.621622 1 0.954000 0.570571 1 0.866000 0.633634 1 0.904000 0.621622 1 0.900000 0.762763 1 0.914000 0.792793 1 0.914000 0.891892 1 0.870000 0.732733 1
0 0.226220 0.768258 0.070080 0.110571 0.000000 0.000000 0 0.000000 0.000000 0 0.000000 0.000000 0 0.000000 0.000000 0 0.000000 0.000000 0 0.000000 0.000000 0 0.000000 0.000000 0 0.000000 0.000000 0 0.000000 0.000000 0 0.000000 0.000000 0 0.000000 0.000000 0 0.000000 0.000000 0 0.000000 0.000000 0 0.000000 0.000000 0 0.000000 0.000000 0 0.000000 0.000000 0 0.000000 0.000000 0
0 0.140410 0.651667 0.068860 0.201291 0.134000 0.579580 1 0.134000 0.576577 1 0.130000 0.576577 1 0.142000 0.573574 1 0.000000 0.000000 0 0.160000 0.615616 1 0.124000 0.612613 1 0.164000 0.651652 1 0.122000 0.642643 1 0.154000 0.675676 1 0.114000 0.675676 1 0.148000 0.687688 1 0.124000 0.687688 1 0.000000 0.000000 0 0.000000 0.000000 0 0.000000 0.000000 0 0.000000 0.000000 0
0 0.287160 0.623363 0.162440 0.580841 0.000000 0.000000 0 0.000000 0.000000 0 0.000000 0.000000 0 0.252000 0.390390 1 0.292000 0.387387 1 0.242000 0.465465 1 0.324000 0.447447 1 0.216000 0.567568 1 0.352000 0.531532 1 0.226000 0.627628 1 0.352000 0.594595 1 0.262000 0.618619 1 0.304000 0.609610 1 0.286000 0.783784 1 0.308000 0.780781 1 0.318000 0.906907 1 0.264000 0.732733 1
0 0.128390 0.760210 0.069380 0.123303 0.000000 0.000000 0 0.000000 0.000000 0 0.000000 0.000000 0 0.000000 0.000000 0 0.000000 0.000000 0 0.000000 0.000000 0 0.000000 0.000000 0 0.000000 0.000000 0 0.000000 0.000000 0 0.000000 0.000000 0 0.000000 0.000000 0 0.000000 0.000000 0 0.000000 0.000000 0 0.000000 0.000000 0 0.000000 0.000000 0 0.000000 0.000000 0 0.000000 0.000000 0
0 0.171780 0.766201 0.043760 0.110721 0.000000 0.000000 0 0.000000 0.000000 0 0.000000 0.000000 0 0.000000 0.000000 0 0.000000 0.000000 0 0.000000 0.000000 0 0.000000 0.000000 0 0.000000 0.000000 0 0.000000 0.000000 0 0.000000 0.000000 0 0.000000 0.000000 0 0.000000 0.000000 0 0.000000 0.000000 0 0.000000 0.000000 0 0.000000 0.000000 0 0.000000 0.000000 0 0.000000 0.000000 0
0 0.936540 0.708213 0.028360 0.211922 0.000000 0.000000 0 0.000000 0.000000 0 0.000000 0.000000 0 0.000000 0.000000 0 0.000000 0.000000 0 0.000000 0.000000 0 0.000000 0.000000 0 0.000000 0.000000 0 0.000000 0.000000 0 0.000000 0.000000 0 0.000000 0.000000 0 0.000000 0.000000 0 0.000000 0.000000 0 0.000000 0.000000 0 0.000000 0.000000 0 0.000000 0.000000 0 0.000000 0.000000 0
0 0.030550 0.688739 0.057500 0.261502 0.034000 0.585586 1 0.038000 0.582583 1 0.032000 0.579580 1 0.000000 0.000000 0 0.000000 0.000000 0 0.046000 0.618619 1 0.012000 0.618619 1 0.048000 0.663664 1 0.000000 0.000000 0 0.032000 0.684685 1 0.000000 0.000000 0 0.040000 0.711712 1 0.018000 0.711712 1 0.040000 0.768769 1 0.016000 0.765766 1 0.000000 0.000000 0 0.000000 0.000000 0
0 0.010450 0.688949 0.020900 0.250390 0.000000 0.000000 0 0.000000 0.000000 0 0.000000 0.000000 0 0.000000 0.000000 0 0.000000 0.000000 0 0.000000 0.000000 0 0.000000 0.000000 0 0.000000 0.000000 0 0.000000 0.000000 0 0.000000 0.000000 0 0.000000 0.000000 0 0.000000 0.000000 0 0.000000 0.000000 0 0.000000 0.000000 0 0.000000 0.000000 0 0.000000 0.000000 0 0.000000 0.000000 0
0 0.070010 0.700781 0.042420 0.237357 0.000000 0.000000 0 0.000000 0.000000 0 0.000000 0.000000 0 0.000000 0.000000 0 0.000000 0.000000 0 0.000000 0.000000 0 0.000000 0.000000 0 0.000000 0.000000 0 0.000000 0.000000 0 0.000000 0.000000 0 0.000000 0.000000 0 0.000000 0.000000 0 0.000000 0.000000 0 0.000000 0.000000 0 0.000000 0.000000 0 0.000000 0.000000 0 0.000000 0.000000 0