0 0.710391 0.296635 0.197187 0.417979 0.695312 0.183333 1 0.707812 0.168750 1 0.685937 0.168750 1 0.734375 0.160417 1 0.671875 0.172917 1 0.759375 0.256250 1 0.654687 0.260417 1 0.000000 0.000000 0 0.628125 0.364583 1 0.737500 0.410417 1 0.625000 0.414583 1 0.740625 0.525000 1 0.678125 0.525000 1 0.000000 0.000000 0 0.000000 0.000000 0 0.000000 0.000000 0 0.000000 0.000000 0
0 0.784547 0.529219 0.355625 0.456188 0.721875 0.481250 1 0.754687 0.458333 1 0.715625 0.435417 1 0.817187 0.452083 1 0.000000 0.000000 0 0.865625 0.516667 1 0.714063 0.495833 1 0.818750 0.720833 1 0.673438 0.702083 1 0.668750 0.652083 1 0.000000 0.000000 0 0.000000 0.000000 0 0.000000 0.000000 0 0.000000 0.000000 0 0.000000 0.000000 0 0.000000 0.000000 0 0.000000 0.000000 0
0 0.562078 0.395135 0.217406 0.382021 0.479687 0.358333 1 0.485938 0.331250 1 0.000000 0.000000 0 0.520312 0.300000 1 0.000000 0.000000 0 0.579688 0.364583 1 0.000000 0.000000 0 0.556250 0.483333 1 0.000000 0.000000 0 0.485938 0.529167 1 0.000000 0.000000 0 0.639062 0.533333 1 0.000000 0.000000 0 0.626563 0.662500 1 0.000000 0.000000 0 0.000000 0.000000 0 0.000000 0.000000 0
0 0.419086 0.359615 0.073547 0.120229 0.404687 0.387500 1 0.417187 0.372917 1 0.396875 0.379167 1 0.437500 0.366667 1 0.000000 0.000000 0 0.000000 0.000000 0 0.000000 0.000000 0 0.000000 0.000000 0 0.000000 0.000000 0 0.000000 0.000000 0 0.000000 0.000000 0 0.000000 0.000000 0 0.000000 0.000000 0 0.000000 0.000000 0 0.000000 0.000000 0 0.000000 0.000000 0 0.000000 0.000000 0
0 0.354234 0.464563 0.129937 0.286500 0.326562 0.406250 1 0.339062 0.393750 1 0.315625 0.395833 1 0.359375 0.391667 1 0.000000 0.000000 0 0.356250 0.435417 1 0.320312 0.443750 1 0.379688 0.506250 1 0.323437 0.508333 1 0.387500 0.579167 1 0.331250 0.564583 1 0.000000 0.000000 0 0.000000 0.000000 0 0.000000 0.000000 0 0.000000 0.000000 0 0.000000 0.000000 0 0.000000 0.000000 0
0 0.229984 0.423177 0.187000 0.337271 0.192188 0.335417 1 0.200000 0.316667 1 0.182812 0.327083 1 0.207813 0.302083 1 0.159375 0.331250 1 0.250000 0.372917 1 0.153125 0.393750 1 0.000000 0.000000 0 0.217188 0.491667 1 0.000000 0.000000 0 0.295312 0.497917 1 0.296875 0.554167 1 0.209375 0.572917 1 0.000000 0.000000 0 0.000000 0.000000 0 0.000000 0.000000 0 0.000000 0.000000 0
0 0.115703 0.388792 0.138906 0.415875 0.076563 0.239583 1 0.084375 0.229167 1 0.067187 0.231250 1 0.098437 0.233333 1 0.000000 0.000000 0 0.123438 0.293750 1 0.000000 0.000000 0 0.151562 0.368750 1 0.000000 0.000000 0 0.000000 0.000000 0 0.000000 0.000000 0 0.150000 0.464583 1 0.110937 0.485417 1 0.181250 0.585417 1 0.126562 0.620833 1 0.000000 0.000000 0 0.000000 0.000000 0
0 0.620375 0.611792 0.376906 0.549792 0.457813 0.472917 1 0.481250 0.460417 1 0.448437 0.452083 1 0.000000 0.000000 0 0.000000 0.000000 0 0.542188 0.556250 1 0.473438 0.547917 1 0.595313 0.670833 1 0.482812 0.639583 1 0.587500 0.787500 1 0.000000 0.000000 0 0.654687 0.658333 1 0.000000 0.000000 0 0.734375 0.791667 1 0.000000 0.000000 0 0.000000 0.000000 0 0.000000 0.000000 0
0 0.272648 0.421917 0.072141 0.319917 0.262500 0.329167 1 0.270313 0.316667 1 0.254688 0.318750 1 0.292187 0.318750 1 0.000000 0.000000 0 0.304688 0.358333 1 0.262500 0.360417 1 0.296875 0.420833 1 0.000000 0.000000 0 0.273438 0.393750 1 0.250000 0.360417 1 0.279687 0.475000 1 0.256250 0.475000 1 0.264062 0.543750 1 0.000000 0.000000 0 0.315625 0.587500 1 0.000000 0.000000 0
0 0.063445 0.402917 0.126891 0.426458 0.000000 0.000000 0 0.007812 0.227083 1 0.000000 0.000000 0 0.000000 0.000000 0 0.000000 0.000000 0 0.043750 0.297917 1 0.000000 0.000000 0 0.115625 0.354167 1 0.000000 0.000000 0 0.065625 0.268750 1 0.000000 0.000000 0 0.076563 0.527083 1 0.021875 0.531250 1 0.087500 0.656250 1 0.026562 0.664583 1 0.000000 0.000000 0 0.000000 0.000000 0
0 0.414672 0.467094 0.047687 0.164312 0.426563 0.506250 1 0.435937 0.485417 1 0.412500 0.497917 1 0.000000 0.000000 0 0.000000 0.000000 0 0.000000 0.000000 0 0.000000 0.000000 0 0.000000 0.000000 0 0.000000 0.000000 0 0.000000 0.000000 0 0.000000 0.000000 0 0.000000 0.000000 0 0.000000 0.000000 0 0.000000 0.000000 0 0.000000 0.000000 0 0.000000 0.000000 0 0.000000 0.000000 0
0 0.897406 0.719479 0.205187 0.420792 0.853125 0.633333 1 0.876563 0.620833 1 0.853125 0.610417 1 0.954688 0.652083 1 0.000000 0.000000 0 0.984375 0.768750 1 0.829688 0.700000 1 0.979688 0.870833 1 0.803125 0.795833 1 0.931250 0.883333 1 0.828125 0.825000 1 0.000000 0.000000 0 0.000000 0.000000 0 0.000000 0.000000 0 0.000000 0.000000 0 0.000000 0.000000 0 0.000000 0.000000 0
0 0.425977 0.286885 0.131328 0.324188 0.445312 0.195833 1 0.457813 0.177083 1 0.434375 0.185417 1 0.481250 0.181250 1 0.000000 0.000000 0 0.521875 0.252083 1 0.407813 0.260417 1 0.000000 0.000000 0 0.375000 0.368750 1 0.000000 0.000000 0 0.382812 0.487500 1 0.000000 0.000000 0 0.000000 0.000000 0 0.000000 0.000000 0 0.000000 0.000000 0 0.000000 0.000000 0 0.000000 0.000000 0