0 0.398648 0.483148 0.099391 0.220223 0.376563 0.402226 1 0.382812 0.397456 1 0.375000 0.397456 1 0.000000 0.000000 0 0.000000 0.000000 0 0.410938 0.411765 1 0.360938 0.413355 1 0.425000 0.446741 1 0.350000 0.449921 1 0.431250 0.470588 1 0.350000 0.472178 1 0.398438 0.489666 1 0.371875 0.488076 1 0.392188 0.527822 1 0.370312 0.529412 1 0.389062 0.567568 1 0.381250 0.564388 1
0 0.635875 0.573068 0.198813 0.417456 0.000000 0.000000 0 0.000000 0.000000 0 0.000000 0.000000 0 0.000000 0.000000 0 0.000000 0.000000 0 0.606250 0.446741 1 0.675000 0.445151 1 0.565625 0.511924 1 0.710938 0.510334 1 0.554688 0.548490 1 0.717187 0.535771 1 0.623437 0.583466 1 0.690625 0.581876 1 0.609375 0.655008 1 0.692187 0.650238 1 0.612500 0.748808 1 0.700000 0.720191 1
0 0.772359 0.495795 0.154969 0.337727 0.790625 0.357711 1 0.795312 0.351351 1 0.782813 0.351351 1 0.806250 0.351351 1 0.776563 0.352941 1 0.818750 0.384738 1 0.770312 0.389507 1 0.843750 0.432432 1 0.748437 0.421304 1 0.820312 0.454690 1 0.710938 0.434022 1 0.806250 0.478537 1 0.779687 0.475358 1 0.817187 0.565978 1 0.759375 0.575517 1 0.817187 0.629571 1 0.779687 0.624801 1
0 0.191898 0.590246 0.159859 0.445866 0.198437 0.411765 1 0.206250 0.405405 1 0.187500 0.405405 1 0.000000 0.000000 0 0.167187 0.411765 1 0.231250 0.467409 1 0.150000 0.467409 1 0.251563 0.526232 1 0.131250 0.529412 1 0.259375 0.589825 1 0.118750 0.585056 1 0.214062 0.596184 1 0.170313 0.596184 1 0.206250 0.683625 1 0.162500 0.678855 1 0.193750 0.785374 1 0.164062 0.756757 1
0 0.295836 0.460930 0.135734 0.260715 0.296875 0.365660 1 0.301563 0.362480 1 0.292187 0.360890 1 0.307812 0.359300 1 0.285938 0.356121 1 0.314063 0.383148 1 0.264062 0.375199 1 0.335938 0.422893 1 0.246875 0.413355 1 0.348438 0.454690 1 0.231250 0.448331 1 0.296875 0.467409 1 0.265625 0.464229 1 0.292187 0.518283 1 0.259375 0.503975 1 0.285938 0.565978 1 0.279687 0.545310 1
0 0.527234 0.482377 0.069281 0.218617 0.000000 0.000000 0 0.000000 0.000000 0 0.000000 0.000000 0 0.000000 0.000000 0 0.000000 0.000000 0 0.534375 0.427663 1 0.518750 0.427663 1 0.000000 0.000000 0 0.515625 0.456280 1 0.000000 0.000000 0 0.534375 0.483307 1 0.534375 0.515103 1 0.520312 0.516693 1 0.000000 0.000000 0 0.534375 0.578696 1 0.000000 0.000000 0 0.000000 0.000000 0
0 0.924852 0.515739 0.094641 0.362766 0.000000 0.000000 0 0.000000 0.000000 0 0.000000 0.000000 0 0.000000 0.000000 0 0.000000 0.000000 0 0.912500 0.414944 1 0.968750 0.416534 1 0.898438 0.470588 1 0.000000 0.000000 0 0.881250 0.526232 1 0.000000 0.000000 0 0.920312 0.519873 1 0.965625 0.523052 1 0.926562 0.581876 1 0.000000 0.000000 0 0.925000 0.664547 1 0.000000 0.000000 0
0 0.548883 0.661200 0.256578 0.315151 0.000000 0.000000 0 0.000000 0.000000 0 0.000000 0.000000 0 0.453125 0.553259 1 0.492188 0.545310 1 0.442188 0.613672 1 0.534375 0.588235 1 0.442188 0.701113 1 0.607812 0.631161 1 0.446875 0.737679 1 0.651563 0.621622 1 0.484375 0.718601 1 0.546875 0.705882 1 0.440625 0.766296 1 0.485938 0.731320 1 0.498437 0.769475 1 0.509375 0.798092 1
0 0.032023 0.455064 0.059641 0.258426 0.035937 0.359300 1 0.000000 0.000000 0 0.035937 0.351351 1 0.000000 0.000000 0 0.021875 0.349762 1 0.000000 0.000000 0 0.020313 0.373609 1 0.000000 0.000000 0 0.029687 0.418124 1 0.000000 0.000000 0 0.045312 0.441971 1 0.000000 0.000000 0 0.009375 0.459459 1 0.000000 0.000000 0 0.017188 0.511924 1 0.000000 0.000000 0 0.026562 0.559618 1
0 0.861023 0.455159 0.082203 0.279952 0.853125 0.351351 1 0.859375 0.344992 1 0.000000 0.000000 0 0.868750 0.348172 1 0.835938 0.344992 1 0.881250 0.378378 1 0.826562 0.378378 1 0.892188 0.418124 1 0.000000 0.000000 0 0.000000 0.000000 0 0.000000 0.000000 0 0.870313 0.462639 1 0.834375 0.464229 1 0.862500 0.521463 1 0.837500 0.513514 1 0.854688 0.575517 1 0.842187 0.554849 1
0 0.460570 0.470342 0.030547 0.072385 0.000000 0.000000 0 0.000000 0.000000 0 0.000000 0.000000 0 0.000000 0.000000 0 0.000000 0.000000 0 0.000000 0.000000 0 0.000000 0.000000 0 0.000000 0.000000 0 0.000000 0.000000 0 0.000000 0.000000 0 0.000000 0.000000 0 0.000000 0.000000 0 0.000000 0.000000 0 0.000000 0.000000 0 0.000000 0.000000 0 0.000000 0.000000 0 0.000000 0.000000 0
0 0.959602 0.563720 0.078734 0.429952 0.982812 0.392687 1 0.990625 0.384738 1 0.975000 0.384738 1 0.000000 0.000000 0 0.000000 0.000000 0 0.000000 0.000000 0 0.957812 0.440382 1 0.000000 0.000000 0 0.937500 0.483307 1 0.000000 0.000000 0 0.942187 0.516693 1 0.000000 0.000000 0 0.970313 0.578696 1 0.000000 0.000000 0 0.979688 0.670906 1 0.000000 0.000000 0 0.982812 0.750397 1