0 0.837461 0.545979 0.088422 0.398353 0.846875 0.396181 1 0.851562 0.389021 1 0.842187 0.386635 1 0.000000 0.000000 0 0.831250 0.384248 1 0.856250 0.422434 1 0.817187 0.412888 1 0.873437 0.477327 1 0.804688 0.472554 1 0.848437 0.510740 1 0.825000 0.517900 1 0.848437 0.536993 1 0.821875 0.529833 1 0.846875 0.608592 1 0.821875 0.606205 1 0.837500 0.725537 1 0.818750 0.730310 1
0 0.282508 0.519379 0.079234 0.365012 0.312500 0.362768 1 0.000000 0.000000 0 0.310937 0.353222 1 0.000000 0.000000 0 0.304688 0.348449 1 0.315625 0.393795 1 0.278125 0.377088 1 0.000000 0.000000 0 0.259375 0.420048 1 0.000000 0.000000 0 0.285938 0.393795 1 0.289062 0.517900 1 0.265625 0.515513 1 0.287500 0.591885 1 0.265625 0.589499 1 0.278125 0.670644 1 0.257812 0.670644 1
0 0.436977 0.497518 0.050141 0.367828 0.446875 0.362768 1 0.453125 0.350835 1 0.439063 0.350835 1 0.000000 0.000000 0 0.429688 0.355609 1 0.453125 0.386635 1 0.418750 0.391408 1 0.460938 0.439141 1 0.417187 0.448687 1 0.000000 0.000000 0 0.429688 0.503580 1 0.454688 0.501193 1 0.435937 0.498807 1 0.454688 0.594272 1 0.439063 0.594272 1 0.453125 0.658711 1 0.439063 0.661098 1
0 0.614711 0.503007 0.057328 0.356611 0.632812 0.357995 1 0.000000 0.000000 0 0.000000 0.000000 0 0.000000 0.000000 0 0.000000 0.000000 0 0.628125 0.384248 1 0.606250 0.396181 1 0.000000 0.000000 0 0.604688 0.448687 1 0.000000 0.000000 0 0.626563 0.443914 1 0.634375 0.503580 1 0.610938 0.505967 1 0.629687 0.589499 1 0.610938 0.584726 1 0.631250 0.658711 1 0.603125 0.661098 1
0 0.112219 0.502172 0.078125 0.407351 0.148438 0.338902 1 0.000000 0.000000 0 0.143750 0.331742 1 0.000000 0.000000 0 0.132812 0.338902 1 0.142187 0.369928 1 0.100000 0.369928 1 0.000000 0.000000 0 0.085938 0.427208 1 0.000000 0.000000 0 0.123438 0.431981 1 0.137500 0.486874 1 0.115625 0.489260 1 0.145313 0.594272 1 0.109375 0.594272 1 0.140625 0.677804 1 0.109375 0.677804 1
0 0.955148 0.550955 0.064578 0.355895 0.960938 0.408115 1 0.000000 0.000000 0 0.959375 0.398568 1 0.000000 0.000000 0 0.950000 0.400955 1 0.953125 0.441527 1 0.934375 0.448687 1 0.975000 0.484487 1 0.943750 0.498807 1 0.960938 0.489260 1 0.968750 0.494033 1 0.962500 0.551313 1 0.940625 0.551313 1 0.964063 0.632458 1 0.942187 0.625298 1 0.965625 0.708831 1 0.937500 0.706444 1
0 0.177344 0.553174 0.093687 0.502243 0.193750 0.367542 1 0.000000 0.000000 0 0.193750 0.357995 1 0.000000 0.000000 0 0.179688 0.350835 1 0.000000 0.000000 0 0.164062 0.393795 1 0.000000 0.000000 0 0.189062 0.465394 1 0.000000 0.000000 0 0.206250 0.448687 1 0.000000 0.000000 0 0.167187 0.551313 1 0.000000 0.000000 0 0.165625 0.651551 1 0.000000 0.000000 0 0.150000 0.758950 1
0 0.322406 0.551706 0.088156 0.462888 0.342187 0.386635 1 0.000000 0.000000 0 0.343750 0.377088 1 0.000000 0.000000 0 0.000000 0.000000 0 0.307812 0.408115 1 0.314063 0.408115 1 0.000000 0.000000 0 0.318750 0.479714 1 0.000000 0.000000 0 0.350000 0.460621 1 0.309375 0.541766 1 0.314063 0.544153 1 0.304688 0.649165 1 0.312500 0.651551 1 0.292187 0.756563 1 0.304688 0.763723 1
0 0.487180 0.557279 0.083953 0.433842 0.498437 0.391408 1 0.000000 0.000000 0 0.495312 0.384248 1 0.000000 0.000000 0 0.478125 0.381862 1 0.000000 0.000000 0 0.470313 0.410501 1 0.000000 0.000000 0 0.473438 0.484487 1 0.000000 0.000000 0 0.506250 0.482100 1 0.468750 0.544153 1 0.475000 0.544153 1 0.475000 0.639618 1 0.487500 0.639618 1 0.470313 0.742243 1 0.481250 0.742243 1
0 0.663406 0.549797 0.076625 0.394200 0.671875 0.398568 1 0.000000 0.000000 0 0.664062 0.391408 1 0.000000 0.000000 0 0.650000 0.391408 1 0.668750 0.424821 1 0.643750 0.434368 1 0.667188 0.484487 1 0.643750 0.489260 1 0.679688 0.458234 1 0.671875 0.458234 1 0.671875 0.544153 1 0.648438 0.541766 1 0.668750 0.637232 1 0.642188 0.634845 1 0.664062 0.708831 1 0.637500 0.706444 1
0 0.876125 0.507852 0.055219 0.332936 0.000000 0.000000 0 0.000000 0.000000 0 0.000000 0.000000 0 0.000000 0.000000 0 0.000000 0.000000 0 0.875000 0.412888 1 0.851562 0.422434 1 0.884375 0.453461 1 0.840625 0.467780 1 0.895312 0.472554 1 0.867188 0.463007 1 0.884375 0.515513 1 0.859375 0.517900 1 0.000000 0.000000 0 0.000000 0.000000 0 0.000000 0.000000 0 0.000000 0.000000 0
0 0.919070 0.577733 0.024609 0.272983 0.000000 0.000000 0 0.000000 0.000000 0 0.000000 0.000000 0 0.000000 0.000000 0 0.000000 0.000000 0 0.920312 0.505967 1 0.000000 0.000000 0 0.910937 0.539379 1 0.000000 0.000000 0 0.000000 0.000000 0 0.000000 0.000000 0 0.918750 0.565632 1 0.000000 0.000000 0 0.920312 0.627685 1 0.000000 0.000000 0 0.915625 0.692124 1 0.000000 0.000000 0