0 0.428648 0.242518 0.106766 0.480037 0.432812 0.121324 1 0.437500 0.099265 1 0.420312 0.106618 1 0.448437 0.095588 1 0.398438 0.110294 1 0.464062 0.220588 1 0.400000 0.257353 1 0.468750 0.378676 1 0.435937 0.408088 1 0.000000 0.000000 0 0.000000 0.000000 0 0.445312 0.422794 1 0.406250 0.452206 1 0.000000 0.000000 0 0.000000 0.000000 0 0.000000 0.000000 0 0.000000 0.000000 0
0 0.297039 0.530478 0.205078 0.939044 0.300000 0.261029 1 0.303125 0.224265 1 0.282813 0.235294 1 0.000000 0.000000 0 0.246875 0.238971 1 0.295312 0.323529 1 0.235937 0.371324 1 0.350000 0.308824 1 0.209375 0.540441 1 0.296875 0.242647 1 0.210938 0.422794 1 0.323437 0.595588 1 0.282813 0.647059 1 0.381250 0.724265 1 0.356250 0.738971 1 0.360938 0.904412 1 0.328125 0.955882 1
0 0.170000 0.375276 0.141344 0.741581 0.000000 0.000000 0 0.000000 0.000000 0 0.000000 0.000000 0 0.000000 0.000000 0 0.000000 0.000000 0 0.000000 0.000000 0 0.000000 0.000000 0 0.000000 0.000000 0 0.000000 0.000000 0 0.000000 0.000000 0 0.000000 0.000000 0 0.221875 0.080882 1 0.160938 0.091912 1 0.215625 0.360294 1 0.175000 0.382353 1 0.210938 0.606618 1 0.189062 0.639706 1
0 0.554852 0.174779 0.151266 0.339632 0.573438 0.007353 1 0.000000 0.000000 0 0.000000 0.000000 0 0.000000 0.000000 0 0.545312 0.029412 1 0.565625 0.106618 1 0.526563 0.136029 1 0.623437 0.213235 1 0.570312 0.250000 1 0.590625 0.150735 1 0.576562 0.128676 1 0.543750 0.323529 1 0.514062 0.345588 1 0.000000 0.000000 0 0.000000 0.000000 0 0.000000 0.000000 0 0.000000 0.000000 0
0 0.377250 0.229210 0.061125 0.458419 0.000000 0.000000 0 0.000000 0.000000 0 0.000000 0.000000 0 0.000000 0.000000 0 0.000000 0.000000 0 0.000000 0.000000 0 0.000000 0.000000 0 0.000000 0.000000 0 0.000000 0.000000 0 0.000000 0.000000 0 0.000000 0.000000 0 0.000000 0.000000 0 0.375000 0.011029 1 0.403125 0.180147 1 0.373437 0.191176 1 0.000000 0.000000 0 0.365625 0.393382 1
0 0.624211 0.101710 0.088359 0.197096 0.607812 0.062500 1 0.612500 0.047794 1 0.598437 0.051471 1 0.000000 0.000000 0 0.581250 0.062500 1 0.612500 0.128676 1 0.000000 0.000000 0 0.615625 0.187500 1 0.578125 0.220588 1 0.650000 0.180147 1 0.618750 0.224265 1 0.000000 0.000000 0 0.000000 0.000000 0 0.000000 0.000000 0 0.000000 0.000000 0 0.000000 0.000000 0 0.000000 0.000000 0
0 0.657555 0.084265 0.079266 0.164044 0.664062 0.036765 1 0.673438 0.025735 1 0.659375 0.022059 1 0.681250 0.033088 1 0.648438 0.029412 1 0.687500 0.110294 1 0.635938 0.102941 1 0.689063 0.180147 1 0.618750 0.172794 1 0.676562 0.172794 1 0.632812 0.139706 1 0.000000 0.000000 0 0.000000 0.000000 0 0.000000 0.000000 0 0.000000 0.000000 0 0.000000 0.000000 0 0.000000 0.000000 0
0 0.892234 0.117261 0.092313 0.227243 0.879687 0.121324 1 0.884375 0.099265 1 0.875000 0.110294 1 0.915625 0.099265 1 0.000000 0.000000 0 0.907813 0.176471 1 0.000000 0.000000 0 0.853125 0.242647 1 0.000000 0.000000 0 0.870313 0.136029 1 0.000000 0.000000 0 0.000000 0.000000 0 0.000000 0.000000 0 0.000000 0.000000 0 0.000000 0.000000 0 0.000000 0.000000 0 0.000000 0.000000 0
0 0.937383 0.188768 0.079266 0.157316 0.895312 0.198529 1 0.904687 0.187500 1 0.000000 0.000000 0 0.932813 0.216912 1 0.000000 0.000000 0 0.000000 0.000000 0 0.000000 0.000000 0 0.000000 0.000000 0 0.000000 0.000000 0 0.000000 0.000000 0 0.000000 0.000000 0 0.000000 0.000000 0 0.000000 0.000000 0 0.000000 0.000000 0 0.000000 0.000000 0 0.000000 0.000000 0 0.000000 0.000000 0
0 0.809883 0.617978 0.238766 0.764044 0.765625 0.477941 1 0.778125 0.470588 1 0.000000 0.000000 0 0.818750 0.514706 1 0.000000 0.000000 0 0.831250 0.698529 1 0.796875 0.610294 1 0.851562 0.952206 1 0.779687 0.764706 1 0.000000 0.000000 0 0.723437 0.871324 1 0.815625 0.944853 1 0.798438 0.889706 1 0.696875 0.988971 1 0.701562 0.933824 1 0.000000 0.000000 0 0.000000 0.000000 0
0 0.899438 0.544963 0.089375 0.668897 0.000000 0.000000 0 0.906250 0.378676 1 0.000000 0.000000 0 0.000000 0.000000 0 0.000000 0.000000 0 0.879687 0.551471 1 0.000000 0.000000 0 0.000000 0.000000 0 0.000000 0.000000 0 0.000000 0.000000 0 0.000000 0.000000 0 0.870313 0.827206 1 0.000000 0.000000 0 0.000000 0.000000 0 0.000000 0.000000 0 0.000000 0.000000 0 0.000000 0.000000 0
0 0.943367 0.065000 0.029078 0.110368 0.000000 0.000000 0 0.000000 0.000000 0 0.000000 0.000000 0 0.000000 0.000000 0 0.000000 0.000000 0 0.000000 0.000000 0 0.000000 0.000000 0 0.000000 0.000000 0 0.000000 0.000000 0 0.000000 0.000000 0 0.000000 0.000000 0 0.000000 0.000000 0 0.000000 0.000000 0 0.000000 0.000000 0 0.000000 0.000000 0 0.000000 0.000000 0 0.000000 0.000000 0
0 0.929445 0.465974 0.053297 0.516066 0.000000 0.000000 0 0.000000 0.000000 0 0.000000 0.000000 0 0.939063 0.352941 1 0.000000 0.000000 0 0.923438 0.485294 1 0.000000 0.000000 0 0.929688 0.643382 1 0.000000 0.000000 0 0.000000 0.000000 0 0.000000 0.000000 0 0.000000 0.000000 0 0.000000 0.000000 0 0.000000 0.000000 0 0.000000 0.000000 0 0.000000 0.000000 0 0.000000 0.000000 0