0 0.496930 0.596624 0.128328 0.294376 0.487500 0.487059 1 0.489063 0.477647 1 0.482812 0.484706 1 0.000000 0.000000 0 0.471875 0.487059 1 0.485938 0.482353 1 0.471875 0.515294 1 0.512500 0.498824 1 0.507812 0.534118 1 0.539062 0.517647 1 0.537500 0.522353 1 0.509375 0.588235 1 0.495312 0.590588 1 0.525000 0.644706 1 0.490625 0.656471 1 0.542188 0.710588 1 0.446875 0.682353 1
0 0.234063 0.109235 0.031406 0.099082 0.000000 0.000000 0 0.000000 0.000000 0 0.000000 0.000000 0 0.000000 0.000000 0 0.000000 0.000000 0 0.000000 0.000000 0 0.000000 0.000000 0 0.000000 0.000000 0 0.000000 0.000000 0 0.000000 0.000000 0 0.000000 0.000000 0 0.000000 0.000000 0 0.000000 0.000000 0 0.000000 0.000000 0 0.000000 0.000000 0 0.000000 0.000000 0 0.000000 0.000000 0
0 0.812539 0.480906 0.058203 0.148306 0.807813 0.423529 1 0.810937 0.421176 1 0.806250 0.421176 1 0.814063 0.423529 1 0.000000 0.000000 0 0.820312 0.447059 1 0.789062 0.444706 1 0.821875 0.472941 1 0.789062 0.475294 1 0.815625 0.487059 1 0.801562 0.482353 1 0.810937 0.487059 1 0.796875 0.487059 1 0.828125 0.498824 1 0.800000 0.496471 1 0.823438 0.538824 1 0.800000 0.541176 1
0 0.903758 0.483800 0.044703 0.142376 0.900000 0.430588 1 0.903125 0.428235 1 0.898438 0.425882 1 0.906250 0.430588 1 0.895312 0.423529 1 0.910937 0.447059 1 0.885938 0.447059 1 0.914062 0.480000 1 0.885938 0.477647 1 0.904687 0.489412 1 0.896875 0.491765 1 0.909375 0.487059 1 0.892188 0.489412 1 0.918750 0.501176 1 0.887500 0.498824 1 0.898438 0.531765 1 0.904687 0.531765 1
0 0.950094 0.486847 0.061688 0.131153 0.000000 0.000000 0 0.000000 0.000000 0 0.000000 0.000000 0 0.000000 0.000000 0 0.000000 0.000000 0 0.000000 0.000000 0 0.000000 0.000000 0 0.000000 0.000000 0 0.000000 0.000000 0 0.000000 0.000000 0 0.000000 0.000000 0 0.000000 0.000000 0 0.000000 0.000000 0 0.000000 0.000000 0 0.000000 0.000000 0 0.000000 0.000000 0 0.000000 0.000000 0
0 0.886547 0.328435 0.048094 0.126518 0.000000 0.000000 0 0.000000 0.000000 0 0.000000 0.000000 0 0.000000 0.000000 0 0.000000 0.000000 0 0.000000 0.000000 0 0.000000 0.000000 0 0.000000 0.000000 0 0.000000 0.000000 0 0.000000 0.000000 0 0.000000 0.000000 0 0.000000 0.000000 0 0.000000 0.000000 0 0.000000 0.000000 0 0.000000 0.000000 0 0.000000 0.000000 0 0.000000 0.000000 0
0 0.857586 0.097388 0.041734 0.166165 0.859375 0.032941 1 0.860938 0.030588 1 0.856250 0.030588 1 0.864062 0.030588 1 0.853125 0.032941 1 0.868750 0.051765 1 0.848437 0.047059 1 0.873437 0.075294 1 0.839063 0.068235 1 0.871875 0.087059 1 0.846875 0.087059 1 0.864062 0.094118 1 0.851562 0.094118 1 0.864062 0.138824 1 0.848437 0.136471 1 0.865625 0.169412 1 0.850000 0.167059 1
0 0.666781 0.478294 0.060438 0.218094 0.000000 0.000000 0 0.000000 0.000000 0 0.000000 0.000000 0 0.000000 0.000000 0 0.679688 0.388235 1 0.657813 0.411765 1 0.682813 0.414118 1 0.650000 0.437647 1 0.682813 0.440000 1 0.646875 0.472941 1 0.689063 0.456471 1 0.657813 0.470588 1 0.676562 0.472941 1 0.656250 0.524706 1 0.679688 0.520000 1 0.653125 0.569412 1 0.675000 0.564706 1
0 0.610227 0.188835 0.122984 0.043882 0.000000 0.000000 0 0.000000 0.000000 0 0.000000 0.000000 0 0.000000 0.000000 0 0.000000 0.000000 0 0.000000 0.000000 0 0.000000 0.000000 0 0.000000 0.000000 0 0.000000 0.000000 0 0.000000 0.000000 0 0.000000 0.000000 0 0.000000 0.000000 0 0.000000 0.000000 0 0.000000 0.000000 0 0.000000 0.000000 0 0.000000 0.000000 0 0.000000 0.000000 0
0 0.308898 0.134212 0.055016 0.124282 0.000000 0.000000 0 0.000000 0.000000 0 0.000000 0.000000 0 0.000000 0.000000 0 0.000000 0.000000 0 0.000000 0.000000 0 0.000000 0.000000 0 0.000000 0.000000 0 0.000000 0.000000 0 0.000000 0.000000 0 0.000000 0.000000 0 0.000000 0.000000 0 0.000000 0.000000 0 0.000000 0.000000 0 0.000000 0.000000 0 0.000000 0.000000 0 0.000000 0.000000 0
0 0.273953 0.626188 0.100625 0.185741 0.279687 0.569412 1 0.000000 0.000000 0 0.273438 0.564706 1 0.000000 0.000000 0 0.264062 0.569412 1 0.281250 0.595294 1 0.253125 0.595294 1 0.293750 0.600000 1 0.276562 0.635294 1 0.314063 0.618824 1 0.298438 0.640000 1 0.259375 0.649412 1 0.239063 0.649412 1 0.295312 0.658824 1 0.256250 0.661176 1 0.260937 0.694118 1 0.240625 0.703529 1
0 0.277648 0.173494 0.057797 0.100588 0.000000 0.000000 0 0.000000 0.000000 0 0.000000 0.000000 0 0.000000 0.000000 0 0.000000 0.000000 0 0.000000 0.000000 0 0.000000 0.000000 0 0.000000 0.000000 0 0.000000 0.000000 0 0.000000 0.000000 0 0.000000 0.000000 0 0.000000 0.000000 0 0.000000 0.000000 0 0.000000 0.000000 0 0.000000 0.000000 0 0.000000 0.000000 0 0.000000 0.000000 0