0 0.176211 0.346101 0.085547 0.323443 0.176563 0.215457 1 0.179688 0.210773 1 0.173437 0.208431 1 0.000000 0.000000 0 0.160938 0.206089 1 0.154688 0.238876 1 0.151562 0.234192 1 0.000000 0.000000 0 0.135937 0.283372 1 0.000000 0.000000 0 0.157812 0.306792 1 0.148438 0.325527 1 0.153125 0.327869 1 0.151562 0.416862 1 0.181250 0.405152 1 0.146875 0.475410 1 0.187500 0.466042 1
0 0.136125 0.390515 0.099625 0.298642 0.142187 0.281030 1 0.000000 0.000000 0 0.137500 0.274005 1 0.000000 0.000000 0 0.123438 0.271663 1 0.107813 0.290398 1 0.118750 0.292740 1 0.000000 0.000000 0 0.120313 0.334895 1 0.000000 0.000000 0 0.120313 0.393443 1 0.104688 0.377049 1 0.114062 0.379391 1 0.150000 0.405152 1 0.171875 0.412178 1 0.143750 0.482436 1 0.162500 0.496487 1
0 0.446922 0.280597 0.100719 0.367705 0.418750 0.206089 1 0.415625 0.201405 1 0.000000 0.000000 0 0.000000 0.000000 0 0.000000 0.000000 0 0.446875 0.189696 1 0.437500 0.215457 1 0.443750 0.156909 1 0.426563 0.175644 1 0.417187 0.121780 1 0.404687 0.154567 1 0.479687 0.292740 1 0.473438 0.295082 1 0.434375 0.290398 1 0.446875 0.355972 1 0.454688 0.372365 1 0.467187 0.447307 1
0 0.716117 0.388501 0.048578 0.197096 0.717187 0.313817 1 0.718750 0.311475 1 0.714063 0.311475 1 0.723437 0.316159 1 0.710938 0.316159 1 0.728125 0.341920 1 0.703125 0.339578 1 0.734375 0.367681 1 0.701562 0.365340 1 0.734375 0.386417 1 0.696875 0.393443 1 0.720313 0.391101 1 0.709375 0.388759 1 0.723437 0.435597 1 0.707812 0.437939 1 0.725000 0.468384 1 0.704688 0.470726 1
0 0.850758 0.506019 0.057266 0.247822 0.839063 0.405152 1 0.843750 0.400468 1 0.837500 0.400468 1 0.851562 0.405152 1 0.000000 0.000000 0 0.859375 0.433255 1 0.831250 0.435597 1 0.867188 0.468384 1 0.826562 0.477752 1 0.864062 0.505855 1 0.825000 0.505855 1 0.856250 0.510539 1 0.835938 0.508197 1 0.860938 0.562061 1 0.840625 0.562061 1 0.868750 0.608899 1 0.845313 0.599532 1
0 0.754875 0.332717 0.023750 0.077096 0.000000 0.000000 0 0.000000 0.000000 0 0.000000 0.000000 0 0.000000 0.000000 0 0.000000 0.000000 0 0.000000 0.000000 0 0.000000 0.000000 0 0.000000 0.000000 0 0.000000 0.000000 0 0.000000 0.000000 0 0.000000 0.000000 0 0.000000 0.000000 0 0.000000 0.000000 0 0.000000 0.000000 0 0.000000 0.000000 0 0.000000 0.000000 0 0.000000 0.000000 0
0 0.843852 0.345656 0.067203 0.153466 0.850000 0.283372 1 0.851562 0.281030 1 0.000000 0.000000 0 0.859375 0.281030 1 0.000000 0.000000 0 0.862500 0.295082 1 0.851562 0.302108 1 0.864062 0.327869 1 0.845313 0.327869 1 0.864062 0.353630 1 0.842187 0.344262 1 0.857812 0.346604 1 0.850000 0.341920 1 0.845313 0.362998 1 0.829688 0.351288 1 0.000000 0.000000 0 0.826562 0.393443 1
0 0.674258 0.308056 0.045547 0.081733 0.000000 0.000000 0 0.000000 0.000000 0 0.000000 0.000000 0 0.000000 0.000000 0 0.000000 0.000000 0 0.000000 0.000000 0 0.000000 0.000000 0 0.000000 0.000000 0 0.000000 0.000000 0 0.000000 0.000000 0 0.000000 0.000000 0 0.000000 0.000000 0 0.000000 0.000000 0 0.000000 0.000000 0 0.000000 0.000000 0 0.000000 0.000000 0 0.000000 0.000000 0
0 0.551758 0.403080 0.035547 0.135574 0.000000 0.000000 0 0.000000 0.000000 0 0.000000 0.000000 0 0.000000 0.000000 0 0.000000 0.000000 0 0.000000 0.000000 0 0.000000 0.000000 0 0.000000 0.000000 0 0.000000 0.000000 0 0.000000 0.000000 0 0.000000 0.000000 0 0.000000 0.000000 0 0.000000 0.000000 0 0.000000 0.000000 0 0.000000 0.000000 0 0.000000 0.000000 0 0.000000 0.000000 0
0 0.302555 0.324754 0.061391 0.122998 0.000000 0.000000 0 0.000000 0.000000 0 0.000000 0.000000 0 0.000000 0.000000 0 0.000000 0.000000 0 0.000000 0.000000 0 0.000000 0.000000 0 0.000000 0.000000 0 0.000000 0.000000 0 0.000000 0.000000 0 0.000000 0.000000 0 0.000000 0.000000 0 0.000000 0.000000 0 0.000000 0.000000 0 0.000000 0.000000 0 0.000000 0.000000 0 0.000000 0.000000 0
0 0.216000 0.347073 0.022406 0.081030 0.000000 0.000000 0 0.000000 0.000000 0 0.000000 0.000000 0 0.000000 0.000000 0 0.000000 0.000000 0 0.000000 0.000000 0 0.000000 0.000000 0 0.000000 0.000000 0 0.000000 0.000000 0 0.000000 0.000000 0 0.000000 0.000000 0 0.000000 0.000000 0 0.000000 0.000000 0 0.000000 0.000000 0 0.000000 0.000000 0 0.000000 0.000000 0 0.000000 0.000000 0
0 0.905047 0.496639 0.068812 0.230937 0.917188 0.402810 1 0.000000 0.000000 0 0.912500 0.398126 1 0.000000 0.000000 0 0.903125 0.398126 1 0.914062 0.414520 1 0.889062 0.414520 1 0.925000 0.449649 1 0.876563 0.442623 1 0.929688 0.480094 1 0.884375 0.468384 1 0.915625 0.491803 1 0.895312 0.494145 1 0.923438 0.536300 1 0.900000 0.548009 1 0.920312 0.580796 1 0.896875 0.590164 1
0 0.504617 0.386651 0.034609 0.115925 0.000000 0.000000 0 0.000000 0.000000 0 0.000000 0.000000 0 0.000000 0.000000 0 0.000000 0.000000 0 0.000000 0.000000 0 0.000000 0.000000 0 0.000000 0.000000 0 0.000000 0.000000 0 0.000000 0.000000 0 0.000000 0.000000 0 0.000000 0.000000 0 0.000000 0.000000 0 0.000000 0.000000 0 0.000000 0.000000 0 0.000000 0.000000 0 0.000000 0.000000 0