0 0.271898 0.548305 0.067141 0.238201 0.264062 0.468619 1 0.267188 0.464435 1 0.257812 0.464435 1 0.279687 0.462343 1 0.000000 0.000000 0 0.290625 0.497908 1 0.250000 0.493724 1 0.296875 0.541841 1 0.246875 0.527197 1 0.287500 0.569038 1 0.245312 0.546025 1 0.273438 0.569038 1 0.256250 0.569038 1 0.275000 0.621339 1 0.254688 0.612971 1 0.275000 0.656904 1 0.265625 0.648536 1
0 0.275266 0.414278 0.085375 0.141318 0.273438 0.374477 1 0.278125 0.368201 1 0.271875 0.368201 1 0.287500 0.372385 1 0.000000 0.000000 0 0.292187 0.387029 1 0.270313 0.389121 1 0.306250 0.401674 1 0.257812 0.393305 1 0.310937 0.410042 1 0.246875 0.397490 1 0.292187 0.451883 1 0.273438 0.449791 1 0.292187 0.489540 1 0.000000 0.000000 0 0.301563 0.523013 1 0.000000 0.000000 0
0 0.186656 0.448755 0.056094 0.190900 0.175000 0.393305 1 0.181250 0.387029 1 0.173437 0.387029 1 0.187500 0.393305 1 0.000000 0.000000 0 0.196875 0.418410 1 0.164062 0.418410 1 0.196875 0.441423 1 0.162500 0.437238 1 0.196875 0.466527 1 0.160938 0.460251 1 0.185938 0.464435 1 0.170313 0.462343 1 0.182812 0.493724 1 0.168750 0.491632 1 0.185938 0.523013 1 0.175000 0.523013 1
0 0.120898 0.315565 0.027578 0.090753 0.000000 0.000000 0 0.000000 0.000000 0 0.000000 0.000000 0 0.000000 0.000000 0 0.000000 0.000000 0 0.000000 0.000000 0 0.000000 0.000000 0 0.000000 0.000000 0 0.000000 0.000000 0 0.000000 0.000000 0 0.000000 0.000000 0 0.000000 0.000000 0 0.000000 0.000000 0 0.000000 0.000000 0 0.000000 0.000000 0 0.000000 0.000000 0 0.000000 0.000000 0
0 0.702703 0.565868 0.055656 0.225126 0.682813 0.487448 1 0.684375 0.483264 1 0.000000 0.000000 0 0.700000 0.487448 1 0.000000 0.000000 0 0.709375 0.520921 1 0.692187 0.512552 1 0.717187 0.556485 1 0.689063 0.552301 1 0.709375 0.585774 1 0.687500 0.571130 1 0.704688 0.579498 1 0.695312 0.575314 1 0.689063 0.623431 1 0.678125 0.619247 1 0.706250 0.663180 1 0.692187 0.658996 1
0 0.316219 0.326841 0.039812 0.100084 0.000000 0.000000 0 0.000000 0.000000 0 0.000000 0.000000 0 0.000000 0.000000 0 0.000000 0.000000 0 0.000000 0.000000 0 0.000000 0.000000 0 0.000000 0.000000 0 0.000000 0.000000 0 0.000000 0.000000 0 0.000000 0.000000 0 0.000000 0.000000 0 0.000000 0.000000 0 0.000000 0.000000 0 0.000000 0.000000 0 0.000000 0.000000 0 0.000000 0.000000 0
0 0.702141 0.566328 0.049437 0.228515 0.682813 0.485356 1 0.684375 0.483264 1 0.000000 0.000000 0 0.700000 0.487448 1 0.000000 0.000000 0 0.709375 0.520921 1 0.689063 0.518828 1 0.714063 0.558577 1 0.689063 0.566946 1 0.707812 0.594142 1 0.000000 0.000000 0 0.703125 0.577406 1 0.696875 0.573222 1 0.687500 0.623431 1 0.679688 0.617155 1 0.703125 0.656904 1 0.690625 0.658996 1
0 0.548289 0.572939 0.077328 0.303536 0.000000 0.000000 0 0.000000 0.000000 0 0.000000 0.000000 0 0.000000 0.000000 0 0.000000 0.000000 0 0.543750 0.489540 1 0.553125 0.483264 1 0.528125 0.487448 1 0.000000 0.000000 0 0.520312 0.476987 1 0.000000 0.000000 0 0.546875 0.577406 1 0.562500 0.577406 1 0.528125 0.633891 1 0.548438 0.635983 1 0.539062 0.696653 1 0.559375 0.694561 1
0 0.473672 0.350356 0.024844 0.121967 0.000000 0.000000 0 0.000000 0.000000 0 0.000000 0.000000 0 0.000000 0.000000 0 0.000000 0.000000 0 0.000000 0.000000 0 0.000000 0.000000 0 0.000000 0.000000 0 0.000000 0.000000 0 0.000000 0.000000 0 0.000000 0.000000 0 0.000000 0.000000 0 0.000000 0.000000 0 0.000000 0.000000 0 0.000000 0.000000 0 0.000000 0.000000 0 0.000000 0.000000 0
0 0.871070 0.468536 0.067141 0.321339 0.857812 0.338912 1 0.862500 0.332636 1 0.000000 0.000000 0 0.876563 0.330544 1 0.000000 0.000000 0 0.887500 0.370293 1 0.876563 0.364017 1 0.868750 0.420502 1 0.000000 0.000000 0 0.860938 0.451883 1 0.000000 0.000000 0 0.878125 0.466527 1 0.871875 0.456067 1 0.878125 0.533473 1 0.871875 0.535565 1 0.873437 0.598326 1 0.865625 0.592050 1
0 0.416031 0.338473 0.014469 0.087155 0.000000 0.000000 0 0.000000 0.000000 0 0.000000 0.000000 0 0.000000 0.000000 0 0.000000 0.000000 0 0.000000 0.000000 0 0.000000 0.000000 0 0.000000 0.000000 0 0.000000 0.000000 0 0.000000 0.000000 0 0.000000 0.000000 0 0.000000 0.000000 0 0.000000 0.000000 0 0.000000 0.000000 0 0.000000 0.000000 0 0.000000 0.000000 0 0.000000 0.000000 0
0 0.443672 0.360105 0.013156 0.054100 0.000000 0.000000 0 0.000000 0.000000 0 0.000000 0.000000 0 0.000000 0.000000 0 0.000000 0.000000 0 0.000000 0.000000 0 0.000000 0.000000 0 0.000000 0.000000 0 0.000000 0.000000 0 0.000000 0.000000 0 0.000000 0.000000 0 0.000000 0.000000 0 0.000000 0.000000 0 0.000000 0.000000 0 0.000000 0.000000 0 0.000000 0.000000 0 0.000000 0.000000 0
0 0.435805 0.364759 0.012953 0.054707 0.000000 0.000000 0 0.000000 0.000000 0 0.000000 0.000000 0 0.000000 0.000000 0 0.000000 0.000000 0 0.000000 0.000000 0 0.000000 0.000000 0 0.000000 0.000000 0 0.000000 0.000000 0 0.000000 0.000000 0 0.000000 0.000000 0 0.000000 0.000000 0 0.000000 0.000000 0 0.000000 0.000000 0 0.000000 0.000000 0 0.000000 0.000000 0 0.000000 0.000000 0