0 0.796109 0.500000 0.407781 1.000000 0.710938 0.454333 1 0.745313 0.353630 1 0.671875 0.393443 1 0.834375 0.304450 1 0.000000 0.000000 0 0.973437 0.667447 1 0.773438 0.641686 1 0.000000 0.000000 0 0.000000 0.000000 0 0.000000 0.000000 0 0.000000 0.000000 0 0.000000 0.000000 0 0.000000 0.000000 0 0.000000 0.000000 0 0.000000 0.000000 0 0.000000 0.000000 0 0.000000 0.000000 0
0 0.576477 0.728091 0.217391 0.521335 0.529687 0.620609 1 0.540625 0.597190 1 0.000000 0.000000 0 0.582812 0.594848 1 0.000000 0.000000 0 0.603125 0.777518 1 0.610938 0.707260 1 0.510938 0.971897 1 0.000000 0.000000 0 0.492188 0.840749 1 0.504687 0.847775 1 0.000000 0.000000 0 0.000000 0.000000 0 0.000000 0.000000 0 0.000000 0.000000 0 0.000000 0.000000 0 0.000000 0.000000 0
0 0.510797 0.599836 0.125625 0.410679 0.000000 0.000000 0 0.000000 0.000000 0 0.000000 0.000000 0 0.000000 0.000000 0 0.543750 0.463700 1 0.468750 0.538642 1 0.000000 0.000000 0 0.000000 0.000000 0 0.000000 0.000000 0 0.000000 0.000000 0 0.000000 0.000000 0 0.495312 0.763466 1 0.556250 0.772834 1 0.000000 0.000000 0 0.000000 0.000000 0 0.000000 0.000000 0 0.000000 0.000000 0
0 0.235328 0.595890 0.046062 0.286159 0.000000 0.000000 0 0.000000 0.000000 0 0.000000 0.000000 0 0.223438 0.480094 1 0.000000 0.000000 0 0.226562 0.512881 1 0.245312 0.508197 1 0.000000 0.000000 0 0.000000 0.000000 0 0.000000 0.000000 0 0.000000 0.000000 0 0.226562 0.590164 1 0.242188 0.587822 1 0.228125 0.648712 1 0.000000 0.000000 0 0.245312 0.716628 1 0.000000 0.000000 0
0 0.183234 0.679379 0.166313 0.478571 0.000000 0.000000 0 0.000000 0.000000 0 0.000000 0.000000 0 0.178125 0.482436 1 0.000000 0.000000 0 0.164062 0.538642 1 0.217188 0.531616 1 0.134375 0.608899 1 0.234375 0.555035 1 0.109375 0.615925 1 0.228125 0.524590 1 0.168750 0.674473 1 0.215625 0.669789 1 0.157812 0.770492 1 0.217188 0.763466 1 0.178125 0.845433 1 0.235937 0.854801 1
0 0.390695 0.674543 0.105172 0.445948 0.371875 0.510539 1 0.373437 0.501171 1 0.000000 0.000000 0 0.384375 0.501171 1 0.000000 0.000000 0 0.381250 0.548009 1 0.417187 0.548009 1 0.379688 0.620609 1 0.000000 0.000000 0 0.357812 0.655738 1 0.000000 0.000000 0 0.379688 0.681499 1 0.404687 0.681499 1 0.382812 0.761124 1 0.395313 0.756440 1 0.406250 0.850117 1 0.412500 0.845433 1
0 0.453055 0.626124 0.061609 0.371639 0.000000 0.000000 0 0.000000 0.000000 0 0.000000 0.000000 0 0.448437 0.496487 1 0.000000 0.000000 0 0.446875 0.533958 1 0.475000 0.526932 1 0.443750 0.599532 1 0.000000 0.000000 0 0.000000 0.000000 0 0.000000 0.000000 0 0.450000 0.632319 1 0.478125 0.627635 1 0.446875 0.718970 1 0.475000 0.716628 1 0.459375 0.796253 1 0.490625 0.772834 1
0 0.103219 0.531148 0.074187 0.214988 0.000000 0.000000 0 0.000000 0.000000 0 0.000000 0.000000 0 0.110937 0.447307 1 0.000000 0.000000 0 0.114062 0.473068 1 0.137500 0.473068 1 0.103125 0.519906 1 0.000000 0.000000 0 0.078125 0.538642 1 0.000000 0.000000 0 0.110937 0.566745 1 0.129688 0.566745 1 0.101562 0.606557 1 0.129688 0.618267 1 0.112500 0.667447 1 0.134375 0.669789 1
0 0.040719 0.607389 0.080625 0.342553 0.000000 0.000000 0 0.000000 0.000000 0 0.000000 0.000000 0 0.025000 0.466042 1 0.000000 0.000000 0 0.014063 0.503513 1 0.059375 0.501171 1 0.012500 0.559719 1 0.064062 0.559719 1 0.000000 0.000000 0 0.000000 0.000000 0 0.026562 0.590164 1 0.053125 0.587822 1 0.034375 0.674473 1 0.056250 0.676815 1 0.048438 0.749415 1 0.068750 0.747073 1
0 0.152938 0.482693 0.036969 0.130445 0.000000 0.000000 0 0.000000 0.000000 0 0.000000 0.000000 0 0.000000 0.000000 0 0.000000 0.000000 0 0.000000 0.000000 0 0.000000 0.000000 0 0.000000 0.000000 0 0.000000 0.000000 0 0.000000 0.000000 0 0.000000 0.000000 0 0.000000 0.000000 0 0.000000 0.000000 0 0.000000 0.000000 0 0.000000 0.000000 0 0.000000 0.000000 0 0.000000 0.000000 0
0 0.008664 0.571838 0.017328 0.271967 0.000000 0.000000 0 0.000000 0.000000 0 0.000000 0.000000 0 0.000000 0.000000 0 0.000000 0.000000 0 0.000000 0.000000 0 0.000000 0.000000 0 0.000000 0.000000 0 0.000000 0.000000 0 0.000000 0.000000 0 0.000000 0.000000 0 0.000000 0.000000 0 0.000000 0.000000 0 0.000000 0.000000 0 0.000000 0.000000 0 0.000000 0.000000 0 0.000000 0.000000 0