0 0.409547 0.597750 0.225844 0.364042 0.000000 0.000000 0 0.000000 0.000000 0 0.000000 0.000000 0 0.439063 0.450000 1 0.460938 0.454167 1 0.412500 0.487500 1 0.460938 0.489583 1 0.000000 0.000000 0 0.476562 0.547917 1 0.471875 0.568750 1 0.493750 0.547917 1 0.400000 0.583333 1 0.439063 0.585417 1 0.368750 0.664583 1 0.482812 0.658333 1 0.320312 0.745833 1 0.493750 0.747917 1
0 0.725680 0.634687 0.167797 0.261000 0.701562 0.550000 1 0.707812 0.541667 1 0.000000 0.000000 0 0.721875 0.541667 1 0.000000 0.000000 0 0.718750 0.585417 1 0.751563 0.560417 1 0.681250 0.629167 1 0.000000 0.000000 0 0.656250 0.654167 1 0.000000 0.000000 0 0.778125 0.650000 1 0.800000 0.637500 1 0.695312 0.645833 1 0.746875 0.639583 1 0.743750 0.743750 1 0.793750 0.722917 1
0 0.876047 0.610125 0.162750 0.331125 0.000000 0.000000 0 0.000000 0.000000 0 0.000000 0.000000 0 0.850000 0.487500 1 0.000000 0.000000 0 0.842187 0.518750 1 0.892188 0.512500 1 0.859375 0.587500 1 0.921875 0.577083 1 0.000000 0.000000 0 0.000000 0.000000 0 0.881250 0.610417 1 0.925000 0.608333 1 0.803125 0.658333 1 0.904687 0.666667 1 0.825000 0.752083 1 0.942187 0.737500 1
0 0.655195 0.409615 0.035234 0.170021 0.000000 0.000000 0 0.000000 0.000000 0 0.000000 0.000000 0 0.653125 0.345833 1 0.000000 0.000000 0 0.660937 0.364583 1 0.648438 0.366667 1 0.664062 0.391667 1 0.000000 0.000000 0 0.656250 0.418750 1 0.000000 0.000000 0 0.664062 0.414583 1 0.653125 0.410417 1 0.659375 0.470833 1 0.651563 0.475000 1 0.000000 0.000000 0 0.000000 0.000000 0
0 0.661781 0.305729 0.024219 0.041083 0.000000 0.000000 0 0.000000 0.000000 0 0.000000 0.000000 0 0.000000 0.000000 0 0.000000 0.000000 0 0.000000 0.000000 0 0.000000 0.000000 0 0.000000 0.000000 0 0.000000 0.000000 0 0.000000 0.000000 0 0.000000 0.000000 0 0.000000 0.000000 0 0.000000 0.000000 0 0.000000 0.000000 0 0.000000 0.000000 0 0.000000 0.000000 0 0.000000 0.000000 0
0 0.906016 0.422073 0.056656 0.188396 0.901563 0.345833 1 0.904687 0.343750 1 0.898438 0.343750 1 0.910937 0.345833 1 0.895312 0.347917 1 0.914062 0.366667 1 0.890625 0.370833 1 0.918750 0.397917 1 0.000000 0.000000 0 0.895312 0.397917 1 0.000000 0.000000 0 0.918750 0.433333 1 0.900000 0.435417 1 0.893750 0.470833 1 0.915625 0.481250 1 0.920312 0.508333 1 0.928125 0.520833 1
0 0.956430 0.425260 0.057734 0.189687 0.962500 0.350000 1 0.962500 0.347917 1 0.959375 0.347917 1 0.000000 0.000000 0 0.950000 0.350000 1 0.971875 0.368750 1 0.939063 0.366667 1 0.970313 0.391667 1 0.945312 0.393750 1 0.951562 0.391667 1 0.970313 0.397917 1 0.964063 0.427083 1 0.946875 0.427083 1 0.968750 0.477083 1 0.950000 0.483333 1 0.970313 0.520833 1 0.957812 0.518750 1
0 0.510711 0.423125 0.049141 0.116917 0.000000 0.000000 0 0.000000 0.000000 0 0.000000 0.000000 0 0.000000 0.000000 0 0.000000 0.000000 0 0.000000 0.000000 0 0.000000 0.000000 0 0.000000 0.000000 0 0.000000 0.000000 0 0.000000 0.000000 0 0.000000 0.000000 0 0.000000 0.000000 0 0.000000 0.000000 0 0.000000 0.000000 0 0.000000 0.000000 0 0.000000 0.000000 0 0.000000 0.000000 0
0 0.777070 0.432552 0.072922 0.171937 0.765625 0.366667 1 0.768750 0.362500 1 0.762500 0.362500 1 0.775000 0.360417 1 0.000000 0.000000 0 0.785937 0.381250 1 0.756250 0.383333 1 0.790625 0.391667 1 0.748437 0.406250 1 0.770312 0.412500 1 0.760938 0.414583 1 0.793750 0.425000 1 0.771875 0.425000 1 0.795312 0.466667 1 0.748437 0.441667 1 0.801562 0.497917 1 0.757812 0.495833 1
0 0.731414 0.414896 0.049609 0.167792 0.715625 0.347917 1 0.717187 0.343750 1 0.712500 0.343750 1 0.723437 0.343750 1 0.000000 0.000000 0 0.731250 0.358333 1 0.714063 0.364583 1 0.732812 0.391667 1 0.000000 0.000000 0 0.714063 0.391667 1 0.000000 0.000000 0 0.737500 0.406250 1 0.721875 0.408333 1 0.739062 0.458333 1 0.725000 0.460417 1 0.745313 0.485417 1 0.731250 0.493750 1
0 0.205875 0.342729 0.057312 0.074625 0.000000 0.000000 0 0.000000 0.000000 0 0.000000 0.000000 0 0.000000 0.000000 0 0.000000 0.000000 0 0.000000 0.000000 0 0.000000 0.000000 0 0.000000 0.000000 0 0.000000 0.000000 0 0.000000 0.000000 0 0.000000 0.000000 0 0.000000 0.000000 0 0.000000 0.000000 0 0.000000 0.000000 0 0.000000 0.000000 0 0.000000 0.000000 0 0.000000 0.000000 0
0 0.595609 0.307281 0.038125 0.056604 0.000000 0.000000 0 0.000000 0.000000 0 0.000000 0.000000 0 0.000000 0.000000 0 0.000000 0.000000 0 0.000000 0.000000 0 0.000000 0.000000 0 0.000000 0.000000 0 0.000000 0.000000 0 0.000000 0.000000 0 0.000000 0.000000 0 0.000000 0.000000 0 0.000000 0.000000 0 0.000000 0.000000 0 0.000000 0.000000 0 0.000000 0.000000 0 0.000000 0.000000 0
0 0.685492 0.302990 0.045516 0.062104 0.000000 0.000000 0 0.000000 0.000000 0 0.000000 0.000000 0 0.000000 0.000000 0 0.000000 0.000000 0 0.000000 0.000000 0 0.000000 0.000000 0 0.000000 0.000000 0 0.000000 0.000000 0 0.000000 0.000000 0 0.000000 0.000000 0 0.000000 0.000000 0 0.000000 0.000000 0 0.000000 0.000000 0 0.000000 0.000000 0 0.000000 0.000000 0 0.000000 0.000000 0