0 0.524719 0.687641 0.182031 0.516844 0.000000 0.000000 0 0.000000 0.000000 0 0.000000 0.000000 0 0.000000 0.000000 0 0.000000 0.000000 0 0.445312 0.401562 1 0.501563 0.401562 1 0.000000 0.000000 0 0.567187 0.476562 1 0.000000 0.000000 0 0.584375 0.446875 1 0.484375 0.604688 1 0.531250 0.606250 1 0.507812 0.750000 1 0.528125 0.753125 1 0.487500 0.895312 1 0.514062 0.901563 1
0 0.284953 0.433234 0.101875 0.402531 0.000000 0.000000 0 0.000000 0.000000 0 0.000000 0.000000 0 0.000000 0.000000 0 0.000000 0.000000 0 0.000000 0.000000 0 0.282813 0.250000 1 0.000000 0.000000 0 0.242188 0.323437 1 0.000000 0.000000 0 0.276562 0.359375 1 0.000000 0.000000 0 0.290625 0.417187 1 0.000000 0.000000 0 0.296875 0.506250 1 0.000000 0.000000 0 0.295312 0.610938 1
0 0.777531 0.051703 0.057187 0.103406 0.776563 0.009375 1 0.778125 0.006250 1 0.771875 0.006250 1 0.784375 0.007812 1 0.765625 0.009375 1 0.793750 0.032813 1 0.754687 0.031250 1 0.800000 0.057813 1 0.000000 0.000000 0 0.793750 0.078125 1 0.000000 0.000000 0 0.787500 0.089063 1 0.756250 0.087500 1 0.000000 0.000000 0 0.000000 0.000000 0 0.000000 0.000000 0 0.000000 0.000000 0
0 0.394039 0.023141 0.031516 0.030969 0.000000 0.000000 0 0.000000 0.000000 0 0.000000 0.000000 0 0.000000 0.000000 0 0.000000 0.000000 0 0.000000 0.000000 0 0.000000 0.000000 0 0.000000 0.000000 0 0.000000 0.000000 0 0.000000 0.000000 0 0.000000 0.000000 0 0.000000 0.000000 0 0.000000 0.000000 0 0.000000 0.000000 0 0.000000 0.000000 0 0.000000 0.000000 0 0.000000 0.000000 0
0 0.137078 0.424719 0.179781 0.620219 0.200000 0.157812 1 0.000000 0.000000 0 0.198437 0.148438 1 0.000000 0.000000 0 0.179688 0.154688 1 0.142187 0.204687 1 0.159375 0.231250 1 0.000000 0.000000 0 0.181250 0.378125 1 0.000000 0.000000 0 0.190625 0.406250 1 0.162500 0.417187 1 0.150000 0.421875 1 0.150000 0.535937 1 0.175000 0.546875 1 0.140625 0.685937 1 0.142187 0.693750 1
0 0.765164 0.679773 0.289891 0.564047 0.000000 0.000000 0 0.000000 0.000000 0 0.000000 0.000000 0 0.000000 0.000000 0 0.000000 0.000000 0 0.709375 0.407813 1 0.829688 0.409375 1 0.645312 0.526563 1 0.860938 0.479687 1 0.717187 0.504687 1 0.859375 0.420312 1 0.723437 0.621875 1 0.812500 0.615625 1 0.740625 0.765625 1 0.792188 0.759375 1 0.751563 0.907813 1 0.782813 0.906250 1
0 0.532859 0.186094 0.087656 0.066625 0.525000 0.195312 1 0.532813 0.190625 1 0.518750 0.189062 1 0.545312 0.193750 1 0.504687 0.185938 1 0.000000 0.000000 0 0.000000 0.000000 0 0.000000 0.000000 0 0.000000 0.000000 0 0.000000 0.000000 0 0.000000 0.000000 0 0.000000 0.000000 0 0.000000 0.000000 0 0.000000 0.000000 0 0.000000 0.000000 0 0.000000 0.000000 0 0.000000 0.000000 0
0 0.510555 0.147703 0.150703 0.133250 0.501563 0.110937 1 0.507812 0.106250 1 0.493750 0.106250 1 0.521875 0.106250 1 0.485938 0.103125 1 0.556250 0.159375 1 0.460938 0.156250 1 0.568750 0.212500 1 0.000000 0.000000 0 0.000000 0.000000 0 0.000000 0.000000 0 0.000000 0.000000 0 0.000000 0.000000 0 0.000000 0.000000 0 0.000000 0.000000 0 0.000000 0.000000 0 0.000000 0.000000 0
0 0.573898 0.138039 0.080203 0.163359 0.000000 0.000000 0 0.000000 0.000000 0 0.000000 0.000000 0 0.545312 0.068750 1 0.575000 0.071875 1 0.540625 0.093750 1 0.581250 0.101562 1 0.000000 0.000000 0 0.603125 0.156250 1 0.000000 0.000000 0 0.000000 0.000000 0 0.000000 0.000000 0 0.000000 0.000000 0 0.000000 0.000000 0 0.000000 0.000000 0 0.000000 0.000000 0 0.000000 0.000000 0
0 0.880172 0.199039 0.061719 0.135953 0.000000 0.000000 0 0.000000 0.000000 0 0.000000 0.000000 0 0.000000 0.000000 0 0.000000 0.000000 0 0.000000 0.000000 0 0.000000 0.000000 0 0.000000 0.000000 0 0.000000 0.000000 0 0.000000 0.000000 0 0.000000 0.000000 0 0.000000 0.000000 0 0.857812 0.143750 1 0.000000 0.000000 0 0.890625 0.212500 1 0.000000 0.000000 0 0.000000 0.000000 0
0 0.352891 0.468789 0.115406 0.366797 0.000000 0.000000 0 0.000000 0.000000 0 0.000000 0.000000 0 0.000000 0.000000 0 0.000000 0.000000 0 0.420312 0.304688 1 0.362500 0.300000 1 0.000000 0.000000 0 0.337500 0.353125 1 0.000000 0.000000 0 0.360938 0.356250 1 0.398438 0.454688 1 0.343750 0.451562 1 0.389062 0.532813 1 0.345313 0.532813 1 0.373437 0.631250 1 0.354687 0.620313 1
0 0.658859 0.107961 0.086531 0.106766 0.000000 0.000000 0 0.000000 0.000000 0 0.000000 0.000000 0 0.656250 0.081250 1 0.685937 0.078125 1 0.645312 0.104688 1 0.701562 0.101562 1 0.628125 0.146875 1 0.000000 0.000000 0 0.000000 0.000000 0 0.000000 0.000000 0 0.000000 0.000000 0 0.000000 0.000000 0 0.000000 0.000000 0 0.000000 0.000000 0 0.000000 0.000000 0 0.000000 0.000000 0