0 0.588170 0.510976 0.368180 0.271922 0.500000 0.456456 1 0.508000 0.444444 1 0.000000 0.000000 0 0.530000 0.441441 1 0.000000 0.000000 0 0.552000 0.477477 1 0.500000 0.486486 1 0.544000 0.543544 1 0.458000 0.516517 1 0.512000 0.594595 1 0.408000 0.516517 1 0.628000 0.576577 1 0.590000 0.597598 1 0.684000 0.618619 1 0.626000 0.663664 1 0.744000 0.564565 1 0.000000 0.000000 0
0 0.044150 0.346066 0.079340 0.283123 0.046000 0.237237 1 0.050000 0.228228 1 0.042000 0.228228 1 0.056000 0.234234 1 0.036000 0.237237 1 0.058000 0.276276 1 0.032000 0.276276 1 0.060000 0.327327 1 0.016000 0.321321 1 0.070000 0.342342 1 0.034000 0.369369 1 0.060000 0.381381 1 0.032000 0.381381 1 0.058000 0.444444 1 0.042000 0.447447 1 0.000000 0.000000 0 0.042000 0.534535 1
0 0.342280 0.494595 0.115200 0.154895 0.000000 0.000000 0 0.000000 0.000000 0 0.000000 0.000000 0 0.000000 0.000000 0 0.000000 0.000000 0 0.000000 0.000000 0 0.000000 0.000000 0 0.000000 0.000000 0 0.000000 0.000000 0 0.000000 0.000000 0 0.000000 0.000000 0 0.000000 0.000000 0 0.000000 0.000000 0 0.000000 0.000000 0 0.000000 0.000000 0 0.000000 0.000000 0 0.000000 0.000000 0
0 0.273060 0.477568 0.125200 0.195075 0.236000 0.414414 1 0.240000 0.405405 1 0.230000 0.408408 1 0.248000 0.414414 1 0.224000 0.420420 1 0.250000 0.438438 1 0.226000 0.447447 1 0.284000 0.471471 1 0.228000 0.513514 1 0.322000 0.483483 1 0.256000 0.507508 1 0.260000 0.528529 1 0.244000 0.540541 1 0.308000 0.525526 1 0.302000 0.531532 1 0.000000 0.000000 0 0.000000 0.000000 0
0 0.169280 0.490841 0.164120 0.204865 0.208000 0.450450 1 0.212000 0.444444 1 0.204000 0.444444 1 0.000000 0.000000 0 0.192000 0.450450 1 0.190000 0.465465 1 0.192000 0.468468 1 0.000000 0.000000 0 0.220000 0.510511 1 0.000000 0.000000 0 0.250000 0.528529 1 0.192000 0.528529 1 0.190000 0.534535 1 0.000000 0.000000 0 0.220000 0.507508 1 0.000000 0.000000 0 0.248000 0.561562 1
0 0.094900 0.498153 0.103160 0.193604 0.090000 0.438438 1 0.094000 0.429429 1 0.084000 0.429429 1 0.000000 0.000000 0 0.074000 0.435435 1 0.000000 0.000000 0 0.072000 0.462462 1 0.000000 0.000000 0 0.090000 0.519520 1 0.000000 0.000000 0 0.126000 0.561562 1 0.000000 0.000000 0 0.068000 0.573574 1 0.000000 0.000000 0 0.100000 0.564565 1 0.000000 0.000000 0 0.128000 0.591592 1
0 0.868400 0.376682 0.039160 0.251201 0.862000 0.270270 1 0.864000 0.264264 1 0.858000 0.267267 1 0.000000 0.000000 0 0.000000 0.000000 0 0.874000 0.291291 1 0.854000 0.294294 1 0.000000 0.000000 0 0.866000 0.327327 1 0.000000 0.000000 0 0.878000 0.327327 1 0.876000 0.366366 1 0.860000 0.366366 1 0.874000 0.426426 1 0.864000 0.429429 1 0.864000 0.480480 1 0.854000 0.480480 1
0 0.659390 0.458213 0.100500 0.137928 0.632000 0.414414 1 0.636000 0.408408 1 0.628000 0.408408 1 0.640000 0.408408 1 0.624000 0.414414 1 0.646000 0.432432 1 0.614000 0.450450 1 0.684000 0.441441 1 0.000000 0.000000 0 0.694000 0.477477 1 0.000000 0.000000 0 0.648000 0.471471 1 0.634000 0.492492 1 0.680000 0.462462 1 0.658000 0.471471 1 0.702000 0.510511 1 0.692000 0.522523 1
0 0.357700 0.303619 0.070600 0.184835 0.000000 0.000000 0 0.000000 0.000000 0 0.000000 0.000000 0 0.000000 0.000000 0 0.000000 0.000000 0 0.000000 0.000000 0 0.000000 0.000000 0 0.000000 0.000000 0 0.000000 0.000000 0 0.000000 0.000000 0 0.000000 0.000000 0 0.000000 0.000000 0 0.000000 0.000000 0 0.000000 0.000000 0 0.000000 0.000000 0 0.000000 0.000000 0 0.000000 0.000000 0
0 0.231460 0.333694 0.040600 0.203544 0.000000 0.000000 0 0.000000 0.000000 0 0.000000 0.000000 0 0.000000 0.000000 0 0.000000 0.000000 0 0.000000 0.000000 0 0.000000 0.000000 0 0.000000 0.000000 0 0.000000 0.000000 0 0.000000 0.000000 0 0.000000 0.000000 0 0.000000 0.000000 0 0.000000 0.000000 0 0.000000 0.000000 0 0.000000 0.000000 0 0.000000 0.000000 0 0.000000 0.000000 0
0 0.266750 0.327868 0.058140 0.253754 0.274000 0.240240 1 0.276000 0.234234 1 0.270000 0.234234 1 0.284000 0.234234 1 0.262000 0.234234 1 0.280000 0.267267 1 0.260000 0.270270 1 0.284000 0.321321 1 0.244000 0.312312 1 0.288000 0.366366 1 0.268000 0.342342 1 0.280000 0.366366 1 0.262000 0.369369 1 0.278000 0.438438 1 0.262000 0.444444 1 0.000000 0.000000 0 0.000000 0.000000 0
0 0.316000 0.332538 0.057120 0.242432 0.300000 0.243243 1 0.304000 0.237237 1 0.296000 0.237237 1 0.308000 0.237237 1 0.290000 0.243243 1 0.312000 0.267267 1 0.290000 0.273273 1 0.342000 0.315315 1 0.308000 0.333333 1 0.316000 0.318318 1 0.322000 0.327327 1 0.318000 0.369369 1 0.302000 0.369369 1 0.000000 0.000000 0 0.000000 0.000000 0 0.000000 0.000000 0 0.000000 0.000000 0
0 0.715060 0.354159 0.015640 0.043273 0.000000 0.000000 0 0.000000 0.000000 0 0.000000 0.000000 0 0.000000 0.000000 0 0.000000 0.000000 0 0.000000 0.000000 0 0.000000 0.000000 0 0.000000 0.000000 0 0.000000 0.000000 0 0.000000 0.000000 0 0.000000 0.000000 0 0.000000 0.000000 0 0.000000 0.000000 0 0.000000 0.000000 0 0.000000 0.000000 0 0.000000 0.000000 0 0.000000 0.000000 0