0 0.369227 0.629052 0.081359 0.212396 0.387500 0.543750 1 0.000000 0.000000 0 0.384375 0.537500 1 0.000000 0.000000 0 0.375000 0.541667 1 0.000000 0.000000 0 0.368750 0.564583 1 0.000000 0.000000 0 0.368750 0.597917 1 0.384375 0.622917 1 0.376563 0.627083 1 0.362500 0.627083 1 0.365625 0.629167 1 0.365625 0.662500 1 0.385937 0.668750 1 0.340625 0.708333 1 0.389062 0.714583 1
0 0.534555 0.675063 0.081922 0.249667 0.000000 0.000000 0 0.000000 0.000000 0 0.000000 0.000000 0 0.000000 0.000000 0 0.000000 0.000000 0 0.521875 0.600000 1 0.554688 0.597917 1 0.512500 0.635417 1 0.557813 0.639583 1 0.000000 0.000000 0 0.000000 0.000000 0 0.521875 0.658333 1 0.540625 0.658333 1 0.529687 0.716667 1 0.553125 0.718750 1 0.504687 0.764583 1 0.553125 0.787500 1
0 0.639250 0.636469 0.058375 0.200854 0.000000 0.000000 0 0.000000 0.000000 0 0.000000 0.000000 0 0.000000 0.000000 0 0.643750 0.554167 1 0.626563 0.566667 1 0.634375 0.570833 1 0.000000 0.000000 0 0.642188 0.604167 1 0.000000 0.000000 0 0.654687 0.637500 1 0.623437 0.616667 1 0.631250 0.618750 1 0.637500 0.675000 1 0.626563 0.668750 1 0.648438 0.716667 1 0.615625 0.725000 1
0 0.759664 0.639625 0.042672 0.237083 0.778125 0.552083 1 0.000000 0.000000 0 0.776563 0.543750 1 0.000000 0.000000 0 0.765625 0.539583 1 0.767188 0.564583 1 0.756250 0.564583 1 0.000000 0.000000 0 0.762500 0.589583 1 0.000000 0.000000 0 0.000000 0.000000 0 0.765625 0.629167 1 0.754687 0.631250 1 0.765625 0.685417 1 0.757812 0.685417 1 0.759375 0.727083 1 0.750000 0.731250 1
0 0.787172 0.663354 0.060844 0.255625 0.000000 0.000000 0 0.000000 0.000000 0 0.000000 0.000000 0 0.770312 0.556250 1 0.000000 0.000000 0 0.773438 0.581250 1 0.803125 0.579167 1 0.767188 0.618750 1 0.000000 0.000000 0 0.000000 0.000000 0 0.000000 0.000000 0 0.784375 0.658333 1 0.806250 0.654167 1 0.789062 0.712500 1 0.000000 0.000000 0 0.795312 0.770833 1 0.000000 0.000000 0
0 0.815094 0.659771 0.040719 0.239125 0.000000 0.000000 0 0.000000 0.000000 0 0.000000 0.000000 0 0.795312 0.558333 1 0.000000 0.000000 0 0.000000 0.000000 0 0.809375 0.581250 1 0.000000 0.000000 0 0.820312 0.622917 1 0.000000 0.000000 0 0.000000 0.000000 0 0.000000 0.000000 0 0.814063 0.662500 1 0.000000 0.000000 0 0.810937 0.712500 1 0.000000 0.000000 0 0.809375 0.760417 1
0 0.957234 0.664865 0.068375 0.221604 0.000000 0.000000 0 0.000000 0.000000 0 0.000000 0.000000 0 0.000000 0.000000 0 0.000000 0.000000 0 0.934375 0.577083 1 0.965625 0.570833 1 0.931250 0.606250 1 0.000000 0.000000 0 0.000000 0.000000 0 0.000000 0.000000 0 0.954688 0.635417 1 0.978125 0.633333 1 0.956250 0.689583 1 0.978125 0.679167 1 0.959375 0.754167 1 0.971875 0.722917 1
0 0.648945 0.534979 0.041078 0.102708 0.000000 0.000000 0 0.000000 0.000000 0 0.000000 0.000000 0 0.000000 0.000000 0 0.000000 0.000000 0 0.000000 0.000000 0 0.000000 0.000000 0 0.000000 0.000000 0 0.000000 0.000000 0 0.000000 0.000000 0 0.000000 0.000000 0 0.000000 0.000000 0 0.000000 0.000000 0 0.000000 0.000000 0 0.000000 0.000000 0 0.000000 0.000000 0 0.000000 0.000000 0
0 0.952555 0.532187 0.032047 0.045750 0.000000 0.000000 0 0.000000 0.000000 0 0.000000 0.000000 0 0.000000 0.000000 0 0.000000 0.000000 0 0.000000 0.000000 0 0.000000 0.000000 0 0.000000 0.000000 0 0.000000 0.000000 0 0.000000 0.000000 0 0.000000 0.000000 0 0.000000 0.000000 0 0.000000 0.000000 0 0.000000 0.000000 0 0.000000 0.000000 0 0.000000 0.000000 0 0.000000 0.000000 0
0 0.799383 0.530844 0.023922 0.064521 0.000000 0.000000 0 0.000000 0.000000 0 0.000000 0.000000 0 0.000000 0.000000 0 0.000000 0.000000 0 0.000000 0.000000 0 0.000000 0.000000 0 0.000000 0.000000 0 0.000000 0.000000 0 0.000000 0.000000 0 0.000000 0.000000 0 0.000000 0.000000 0 0.000000 0.000000 0 0.000000 0.000000 0 0.000000 0.000000 0 0.000000 0.000000 0 0.000000 0.000000 0
0 0.030633 0.625312 0.051609 0.258000 0.000000 0.000000 0 0.000000 0.000000 0 0.000000 0.000000 0 0.000000 0.000000 0 0.039062 0.518750 1 0.010937 0.543750 1 0.042188 0.545833 1 0.000000 0.000000 0 0.050000 0.575000 1 0.000000 0.000000 0 0.000000 0.000000 0 0.014063 0.620833 1 0.037500 0.620833 1 0.015625 0.685417 1 0.039062 0.685417 1 0.014063 0.739583 1 0.037500 0.739583 1
0 0.760000 0.507771 0.032250 0.112750 0.000000 0.000000 0 0.000000 0.000000 0 0.000000 0.000000 0 0.000000 0.000000 0 0.000000 0.000000 0 0.000000 0.000000 0 0.000000 0.000000 0 0.000000 0.000000 0 0.000000 0.000000 0 0.000000 0.000000 0 0.000000 0.000000 0 0.000000 0.000000 0 0.000000 0.000000 0 0.000000 0.000000 0 0.000000 0.000000 0 0.000000 0.000000 0 0.000000 0.000000 0
0 0.881672 0.665260 0.068625 0.242021 0.000000 0.000000 0 0.000000 0.000000 0 0.000000 0.000000 0 0.000000 0.000000 0 0.000000 0.000000 0 0.850000 0.600000 1 0.873437 0.593750 1 0.000000 0.000000 0 0.000000 0.000000 0 0.000000 0.000000 0 0.000000 0.000000 0 0.865625 0.666667 1 0.879687 0.664583 1 0.000000 0.000000 0 0.000000 0.000000 0 0.875000 0.775000 1 0.892188 0.772917 1