0 0.508595 0.356180 0.498501 0.680891 0.503513 0.176563 1 0.512881 0.159375 1 0.477752 0.162500 1 0.000000 0.000000 0 0.000000 0.000000 0 0.000000 0.000000 0 0.477752 0.168750 1 0.679157 0.104688 1 0.000000 0.000000 0 0.557377 0.076563 1 0.660422 0.184375 1 0.604215 0.354687 1 0.482436 0.318750 1 0.601874 0.489063 1 0.456674 0.404687 1 0.505855 0.632812 1 0.318501 0.554688 1
0 0.697834 0.495352 0.170000 0.152109 0.681499 0.451562 1 0.693208 0.443750 1 0.674473 0.445312 1 0.716628 0.446875 1 0.000000 0.000000 0 0.733021 0.470313 1 0.686183 0.470313 1 0.700234 0.509375 1 0.641686 0.507812 1 0.676815 0.471875 1 0.674473 0.504687 1 0.782201 0.537500 1 0.000000 0.000000 0 0.686183 0.529687 1 0.613583 0.532813 1 0.660422 0.560937 1 0.665105 0.560937 1
0 0.812155 0.353305 0.151101 0.129609 0.817330 0.315625 1 0.829040 0.310937 1 0.805621 0.310937 1 0.850117 0.315625 1 0.798595 0.317188 1 0.878220 0.350000 1 0.791569 0.356250 1 0.000000 0.000000 0 0.751756 0.406250 1 0.850117 0.345313 1 0.768150 0.356250 1 0.000000 0.000000 0 0.000000 0.000000 0 0.000000 0.000000 0 0.000000 0.000000 0 0.000000 0.000000 0 0.000000 0.000000 0
0 0.891956 0.379836 0.099977 0.072109 0.866511 0.376563 1 0.880562 0.370312 1 0.857143 0.371875 1 0.901639 0.373437 1 0.000000 0.000000 0 0.918033 0.404687 1 0.864169 0.401562 1 0.000000 0.000000 0 0.000000 0.000000 0 0.000000 0.000000 0 0.000000 0.000000 0 0.000000 0.000000 0 0.000000 0.000000 0 0.000000 0.000000 0 0.000000 0.000000 0 0.000000 0.000000 0 0.000000 0.000000 0
0 0.975785 0.329797 0.048431 0.173687 0.978923 0.282813 1 0.995316 0.273438 1 0.971897 0.273438 1 0.000000 0.000000 0 0.000000 0.000000 0 0.000000 0.000000 0 0.967213 0.331250 1 0.000000 0.000000 0 0.964871 0.392188 1 0.000000 0.000000 0 0.967213 0.434375 1 0.000000 0.000000 0 0.000000 0.000000 0 0.000000 0.000000 0 0.000000 0.000000 0 0.000000 0.000000 0 0.000000 0.000000 0
0 0.273244 0.318281 0.167143 0.166531 0.316159 0.254688 1 0.318501 0.250000 1 0.311475 0.250000 1 0.000000 0.000000 0 0.297424 0.253125 1 0.327869 0.275000 1 0.276347 0.273438 1 0.344262 0.293750 1 0.245902 0.292187 1 0.346604 0.304688 1 0.213115 0.298438 1 0.323185 0.325000 1 0.288056 0.325000 1 0.339578 0.364063 1 0.292740 0.362500 1 0.339578 0.395313 1 0.292740 0.393750 1
0 0.188958 0.426727 0.118337 0.149141 0.156909 0.379688 1 0.163934 0.375000 1 0.154567 0.375000 1 0.189696 0.375000 1 0.000000 0.000000 0 0.213115 0.406250 1 0.152225 0.406250 1 0.215457 0.446875 1 0.000000 0.000000 0 0.194379 0.468750 1 0.000000 0.000000 0 0.215457 0.479687 1 0.000000 0.000000 0 0.000000 0.000000 0 0.000000 0.000000 0 0.000000 0.000000 0 0.000000 0.000000 0
0 0.284087 0.384680 0.093091 0.069703 0.000000 0.000000 0 0.000000 0.000000 0 0.000000 0.000000 0 0.000000 0.000000 0 0.000000 0.000000 0 0.000000 0.000000 0 0.000000 0.000000 0 0.000000 0.000000 0 0.000000 0.000000 0 0.000000 0.000000 0 0.000000 0.000000 0 0.000000 0.000000 0 0.000000 0.000000 0 0.000000 0.000000 0 0.000000 0.000000 0 0.000000 0.000000 0 0.000000 0.000000 0
0 0.054895 0.454016 0.109789 0.155531 0.032787 0.409375 1 0.035129 0.403125 1 0.000000 0.000000 0 0.049180 0.393750 1 0.000000 0.000000 0 0.077283 0.414062 1 0.032787 0.414062 1 0.096019 0.451562 1 0.030445 0.440625 1 0.051522 0.450000 1 0.011710 0.437500 1 0.070258 0.484375 1 0.032787 0.484375 1 0.070258 0.532813 1 0.021077 0.532813 1 0.000000 0.000000 0 0.000000 0.000000 0
0 0.052096 0.546148 0.104192 0.137703 0.049180 0.498437 1 0.056206 0.493750 1 0.044496 0.495312 1 0.072600 0.495312 1 0.000000 0.000000 0 0.081967 0.512500 1 0.058548 0.514062 1 0.035129 0.540625 1 0.021077 0.534375 1 0.030445 0.514062 1 0.000000 0.000000 0 0.086651 0.559375 1 0.072600 0.551562 1 0.021077 0.553125 1 0.002342 0.551562 1 0.046838 0.598437 1 0.032787 0.596875 1
0 0.290094 0.457219 0.119578 0.168844 0.278689 0.398438 1 0.285714 0.392188 1 0.274005 0.392188 1 0.302108 0.398438 1 0.000000 0.000000 0 0.327869 0.428125 1 0.250585 0.429688 1 0.332553 0.470313 1 0.241218 0.470313 1 0.000000 0.000000 0 0.245902 0.500000 1 0.304450 0.507812 1 0.264637 0.506250 1 0.000000 0.000000 0 0.000000 0.000000 0 0.000000 0.000000 0 0.000000 0.000000 0
0 0.372600 0.414367 0.059672 0.065016 0.000000 0.000000 0 0.000000 0.000000 0 0.000000 0.000000 0 0.000000 0.000000 0 0.000000 0.000000 0 0.000000 0.000000 0 0.000000 0.000000 0 0.000000 0.000000 0 0.000000 0.000000 0 0.000000 0.000000 0 0.000000 0.000000 0 0.000000 0.000000 0 0.000000 0.000000 0 0.000000 0.000000 0 0.000000 0.000000 0 0.000000 0.000000 0 0.000000 0.000000 0
0 0.451874 0.539828 0.132646 0.149875 0.459016 0.493750 1 0.468384 0.490625 1 0.454333 0.490625 1 0.487119 0.495312 1 0.000000 0.000000 0 0.491803 0.515625 1 0.461358 0.517188 1 0.487119 0.548438 1 0.000000 0.000000 0 0.437939 0.553125 1 0.000000 0.000000 0 0.484778 0.557813 1 0.451991 0.557813 1 0.447307 0.564063 1 0.405152 0.560937 1 0.421546 0.601562 1 0.421546 0.568750 1