0 0.161016 0.702700 0.076188 0.367429 0.165625 0.549528 1 0.170313 0.544811 1 0.157812 0.542453 1 0.179688 0.551887 1 0.150000 0.547170 1 0.181250 0.601415 1 0.148438 0.599057 1 0.189062 0.672170 1 0.140625 0.662736 1 0.176563 0.733491 1 0.132812 0.726415 1 0.170313 0.733491 1 0.146875 0.731132 1 0.170313 0.832547 1 0.135937 0.825472 1 0.175000 0.903302 1 0.154688 0.898585 1
0 0.364664 0.686722 0.122109 0.376415 0.351562 0.537736 1 0.356250 0.530660 1 0.345313 0.530660 1 0.364063 0.530660 1 0.339062 0.533019 1 0.368750 0.575472 1 0.328125 0.589623 1 0.417187 0.613208 1 0.321875 0.648585 1 0.395313 0.676887 1 0.307812 0.707547 1 0.367188 0.709906 1 0.332813 0.714623 1 0.370312 0.827830 1 0.339062 0.834906 1 0.381250 0.915094 1 0.343750 0.917453 1
0 0.447375 0.629222 0.090813 0.368538 0.429688 0.509434 1 0.435937 0.504717 1 0.000000 0.000000 0 0.454688 0.502358 1 0.000000 0.000000 0 0.478125 0.551887 1 0.440625 0.554245 1 0.485938 0.620283 1 0.440625 0.627358 1 0.475000 0.698113 1 0.431250 0.698113 1 0.457813 0.686321 1 0.431250 0.681604 1 0.423438 0.785377 1 0.446875 0.799528 1 0.000000 0.000000 0 0.000000 0.000000 0
0 0.450594 0.361568 0.200500 0.276203 0.442188 0.306604 1 0.440625 0.299528 1 0.000000 0.000000 0 0.450000 0.278302 1 0.000000 0.000000 0 0.489063 0.287736 1 0.450000 0.278302 1 0.529687 0.349057 1 0.418750 0.308962 1 0.532813 0.417453 1 0.381250 0.341981 1 0.526563 0.351415 1 0.503125 0.349057 1 0.459375 0.363208 1 0.464062 0.405660 1 0.515625 0.433962 1 0.525000 0.455189 1
0 0.222102 0.624422 0.014359 0.068986 0.000000 0.000000 0 0.000000 0.000000 0 0.000000 0.000000 0 0.000000 0.000000 0 0.000000 0.000000 0 0.000000 0.000000 0 0.000000 0.000000 0 0.000000 0.000000 0 0.000000 0.000000 0 0.000000 0.000000 0 0.000000 0.000000 0 0.000000 0.000000 0 0.000000 0.000000 0 0.000000 0.000000 0 0.000000 0.000000 0 0.000000 0.000000 0 0.000000 0.000000 0
0 0.557547 0.731462 0.111656 0.532594 0.551562 0.516509 1 0.559375 0.509434 1 0.545312 0.509434 1 0.568750 0.509434 1 0.539062 0.507075 1 0.585938 0.573113 1 0.532813 0.575472 1 0.604688 0.648585 1 0.525000 0.655660 1 0.593750 0.716981 1 0.512500 0.702830 1 0.579688 0.726415 1 0.532813 0.726415 1 0.568750 0.832547 1 0.537500 0.832547 1 0.564063 0.959906 1 0.573438 0.917453 1
0 0.958609 0.800495 0.082781 0.399009 0.960938 0.653302 1 0.968750 0.646226 1 0.954688 0.643868 1 0.000000 0.000000 0 0.000000 0.000000 0 0.998437 0.709906 1 0.935937 0.714623 1 0.000000 0.000000 0 0.926562 0.787736 1 0.995313 0.830189 1 0.962500 0.830189 1 0.000000 0.000000 0 0.000000 0.000000 0 0.000000 0.000000 0 0.000000 0.000000 0 0.000000 0.000000 0 0.000000 0.000000 0
0 0.651211 0.641274 0.019453 0.020189 0.000000 0.000000 0 0.000000 0.000000 0 0.000000 0.000000 0 0.000000 0.000000 0 0.000000 0.000000 0 0.000000 0.000000 0 0.000000 0.000000 0 0.000000 0.000000 0 0.000000 0.000000 0 0.000000 0.000000 0 0.000000 0.000000 0 0.000000 0.000000 0 0.000000 0.000000 0 0.000000 0.000000 0 0.000000 0.000000 0 0.000000 0.000000 0 0.000000 0.000000 0
0 0.741617 0.629245 0.014609 0.028726 0.000000 0.000000 0 0.000000 0.000000 0 0.000000 0.000000 0 0.000000 0.000000 0 0.000000 0.000000 0 0.000000 0.000000 0 0.000000 0.000000 0 0.000000 0.000000 0 0.000000 0.000000 0 0.000000 0.000000 0 0.000000 0.000000 0 0.000000 0.000000 0 0.000000 0.000000 0 0.000000 0.000000 0 0.000000 0.000000 0 0.000000 0.000000 0 0.000000 0.000000 0
0 0.831836 0.711875 0.121797 0.540354 0.807813 0.492925 1 0.814063 0.481132 1 0.800000 0.481132 1 0.828125 0.483491 1 0.000000 0.000000 0 0.837500 0.554245 1 0.792188 0.547170 1 0.860938 0.622642 1 0.787500 0.629717 1 0.871875 0.683962 1 0.784375 0.669811 1 0.832812 0.716981 1 0.800000 0.716981 1 0.826562 0.827830 1 0.807813 0.825472 1 0.842187 0.938679 1 0.829688 0.933962 1
0 0.878000 0.600153 0.017844 0.068986 0.000000 0.000000 0 0.000000 0.000000 0 0.000000 0.000000 0 0.000000 0.000000 0 0.000000 0.000000 0 0.000000 0.000000 0 0.000000 0.000000 0 0.000000 0.000000 0 0.000000 0.000000 0 0.000000 0.000000 0 0.000000 0.000000 0 0.000000 0.000000 0 0.000000 0.000000 0 0.000000 0.000000 0 0.000000 0.000000 0 0.000000 0.000000 0 0.000000 0.000000 0