0 0.182164 0.464040 0.286359 0.770796 0.160938 0.182670 1 0.170313 0.170960 1 0.153125 0.168618 1 0.200000 0.173302 1 0.000000 0.000000 0 0.228125 0.278689 1 0.107813 0.281030 1 0.242188 0.412178 1 0.082812 0.370023 1 0.204687 0.461358 1 0.101562 0.454333 1 0.207813 0.494145 1 0.129688 0.489461 1 0.278125 0.604215 1 0.060937 0.620609 1 0.296875 0.817330 1 0.059375 0.819672 1
0 0.427641 0.449590 0.225156 0.583958 0.412500 0.227166 1 0.421875 0.215457 1 0.406250 0.217799 1 0.437500 0.220141 1 0.000000 0.000000 0 0.459375 0.266979 1 0.376563 0.269321 1 0.000000 0.000000 0 0.367188 0.365340 1 0.000000 0.000000 0 0.376563 0.428571 1 0.437500 0.426230 1 0.389062 0.421546 1 0.501563 0.524590 1 0.345313 0.529274 1 0.523438 0.651054 1 0.328125 0.648712 1
0 0.565922 0.376756 0.157281 0.308126 0.556250 0.292740 1 0.564063 0.281030 1 0.548438 0.283372 1 0.579688 0.283372 1 0.540625 0.288056 1 0.604688 0.339578 1 0.528125 0.346604 1 0.628125 0.444965 1 0.500000 0.447307 1 0.587500 0.456674 1 0.495312 0.522248 1 0.595313 0.508197 1 0.532813 0.510539 1 0.645312 0.597190 1 0.510938 0.583138 1 0.000000 0.000000 0 0.000000 0.000000 0
0 0.694117 0.458700 0.126328 0.426487 0.662500 0.306792 1 0.667188 0.295082 1 0.656250 0.295082 1 0.679688 0.295082 1 0.645312 0.297424 1 0.693750 0.358314 1 0.639062 0.362998 1 0.709375 0.426230 1 0.000000 0.000000 0 0.684375 0.466042 1 0.000000 0.000000 0 0.692187 0.503513 1 0.639062 0.503513 1 0.723437 0.562061 1 0.000000 0.000000 0 0.725000 0.674473 1 0.000000 0.000000 0
0 0.771516 0.407389 0.099156 0.167658 0.768750 0.370023 1 0.775000 0.360656 1 0.765625 0.360656 1 0.782813 0.362998 1 0.757812 0.360656 1 0.800000 0.412178 1 0.743750 0.419204 1 0.810937 0.451991 1 0.723437 0.470726 1 0.801562 0.461358 1 0.000000 0.000000 0 0.800000 0.505855 1 0.757812 0.510539 1 0.839063 0.566745 1 0.000000 0.000000 0 0.000000 0.000000 0 0.000000 0.000000 0
0 0.869070 0.492400 0.099016 0.245878 0.871875 0.409836 1 0.875000 0.405152 1 0.868750 0.405152 1 0.882812 0.402810 1 0.864062 0.405152 1 0.892188 0.433255 1 0.853125 0.442623 1 0.903125 0.473068 1 0.842187 0.482436 1 0.895312 0.491803 1 0.835938 0.508197 1 0.889062 0.510539 1 0.859375 0.512881 1 0.909375 0.540984 1 0.834375 0.548009 1 0.925000 0.594848 1 0.826562 0.601874 1
0 0.924875 0.503618 0.064000 0.221007 0.896875 0.435597 1 0.901563 0.426230 1 0.000000 0.000000 0 0.910937 0.423888 1 0.000000 0.000000 0 0.929688 0.456674 1 0.893750 0.454333 1 0.935937 0.496487 1 0.000000 0.000000 0 0.926562 0.522248 1 0.000000 0.000000 0 0.921875 0.526932 1 0.896875 0.526932 1 0.943750 0.566745 1 0.000000 0.000000 0 0.950000 0.615925 1 0.000000 0.000000 0
0 0.946297 0.447635 0.037844 0.080187 0.000000 0.000000 0 0.000000 0.000000 0 0.000000 0.000000 0 0.000000 0.000000 0 0.000000 0.000000 0 0.000000 0.000000 0 0.000000 0.000000 0 0.000000 0.000000 0 0.000000 0.000000 0 0.000000 0.000000 0 0.000000 0.000000 0 0.000000 0.000000 0 0.000000 0.000000 0 0.000000 0.000000 0 0.000000 0.000000 0 0.000000 0.000000 0 0.000000 0.000000 0
0 0.988227 0.472892 0.023547 0.109297 0.000000 0.000000 0 0.000000 0.000000 0 0.000000 0.000000 0 0.000000 0.000000 0 0.000000 0.000000 0 0.000000 0.000000 0 0.000000 0.000000 0 0.000000 0.000000 0 0.000000 0.000000 0 0.000000 0.000000 0 0.000000 0.000000 0 0.000000 0.000000 0 0.000000 0.000000 0 0.000000 0.000000 0 0.000000 0.000000 0 0.000000 0.000000 0 0.000000 0.000000 0
0 0.975906 0.500738 0.048188 0.176745 0.000000 0.000000 0 0.000000 0.000000 0 0.000000 0.000000 0 0.000000 0.000000 0 0.000000 0.000000 0 0.000000 0.000000 0 0.000000 0.000000 0 0.000000 0.000000 0 0.000000 0.000000 0 0.000000 0.000000 0 0.000000 0.000000 0 0.000000 0.000000 0 0.000000 0.000000 0 0.000000 0.000000 0 0.000000 0.000000 0 0.000000 0.000000 0 0.000000 0.000000 0
0 0.828414 0.450773 0.026703 0.089180 0.000000 0.000000 0 0.000000 0.000000 0 0.000000 0.000000 0 0.000000 0.000000 0 0.000000 0.000000 0 0.000000 0.000000 0 0.000000 0.000000 0 0.000000 0.000000 0 0.000000 0.000000 0 0.000000 0.000000 0 0.000000 0.000000 0 0.000000 0.000000 0 0.000000 0.000000 0 0.000000 0.000000 0 0.000000 0.000000 0 0.000000 0.000000 0 0.000000 0.000000 0
0 0.320187 0.364087 0.101094 0.263396 0.315625 0.306792 1 0.320312 0.297424 1 0.306250 0.297424 1 0.339062 0.292740 1 0.293750 0.297424 1 0.357812 0.346604 1 0.275000 0.372365 1 0.362500 0.433255 1 0.278125 0.454333 1 0.340625 0.494145 1 0.000000 0.000000 0 0.000000 0.000000 0 0.000000 0.000000 0 0.000000 0.000000 0 0.000000 0.000000 0 0.000000 0.000000 0 0.000000 0.000000 0