0 0.538844 0.500785 0.077250 0.364145 0.000000 0.000000 0 0.000000 0.000000 0 0.000000 0.000000 0 0.000000 0.000000 0 0.000000 0.000000 0 0.550000 0.398126 1 0.525000 0.395785 1 0.560937 0.454333 1 0.501563 0.451991 1 0.531250 0.463700 1 0.510938 0.444965 1 0.545312 0.487119 1 0.523438 0.484778 1 0.525000 0.569087 1 0.543750 0.573770 1 0.529687 0.639344 1 0.551562 0.658080 1
0 0.703172 0.659543 0.209906 0.343817 0.623437 0.566745 1 0.623437 0.550351 1 0.000000 0.000000 0 0.637500 0.540984 1 0.000000 0.000000 0 0.664062 0.587822 1 0.678125 0.545667 1 0.689063 0.667447 1 0.673438 0.641686 1 0.687500 0.763466 1 0.640625 0.697892 1 0.728125 0.695550 1 0.700000 0.660422 1 0.704688 0.803279 1 0.632812 0.667447 1 0.775000 0.770492 1 0.668750 0.772834 1
0 0.880086 0.589883 0.158922 0.519110 0.889062 0.374707 1 0.901563 0.370023 1 0.887500 0.362998 1 0.917188 0.386417 1 0.000000 0.000000 0 0.931250 0.449649 1 0.862500 0.433255 1 0.934375 0.543326 1 0.857812 0.512881 1 0.906250 0.613583 1 0.829688 0.576112 1 0.925000 0.587822 1 0.885938 0.583138 1 0.914062 0.674473 1 0.825000 0.669789 1 0.940625 0.817330 1 0.818750 0.791569 1
0 0.296602 0.473302 0.100891 0.386136 0.300000 0.318501 1 0.304688 0.309133 1 0.295312 0.309133 1 0.312500 0.311475 1 0.000000 0.000000 0 0.331250 0.355972 1 0.276562 0.362998 1 0.335938 0.414520 1 0.262500 0.419204 1 0.301563 0.407494 1 0.254688 0.400468 1 0.318750 0.466042 1 0.281250 0.466042 1 0.320312 0.552693 1 0.281250 0.545667 1 0.328125 0.639344 1 0.271875 0.632319 1
0 0.146602 0.469731 0.233359 0.594169 0.148438 0.236534 1 0.000000 0.000000 0 0.140625 0.231850 1 0.000000 0.000000 0 0.114062 0.227166 1 0.150000 0.243560 1 0.084375 0.259953 1 0.178125 0.238876 1 0.037500 0.339578 1 0.228125 0.220141 1 0.037500 0.283372 1 0.151562 0.400468 1 0.098437 0.402810 1 0.160938 0.578454 1 0.096875 0.583138 1 0.146875 0.711944 1 0.054688 0.707260 1
0 0.965437 0.551487 0.053594 0.338852 0.964063 0.416862 1 0.970313 0.409836 1 0.959375 0.409836 1 0.978125 0.416862 1 0.956250 0.416862 1 0.987500 0.459016 1 0.942187 0.449649 1 0.985938 0.512881 1 0.000000 0.000000 0 0.959375 0.482436 1 0.000000 0.000000 0 0.975000 0.531616 1 0.948438 0.529274 1 0.971875 0.627635 1 0.946875 0.627635 1 0.971875 0.700234 1 0.945312 0.702576 1
0 0.849203 0.425129 0.053469 0.159719 0.000000 0.000000 0 0.000000 0.000000 0 0.000000 0.000000 0 0.000000 0.000000 0 0.000000 0.000000 0 0.000000 0.000000 0 0.000000 0.000000 0 0.000000 0.000000 0 0.000000 0.000000 0 0.000000 0.000000 0 0.000000 0.000000 0 0.000000 0.000000 0 0.000000 0.000000 0 0.000000 0.000000 0 0.000000 0.000000 0 0.000000 0.000000 0 0.000000 0.000000 0
0 0.451109 0.380714 0.020594 0.096792 0.000000 0.000000 0 0.000000 0.000000 0 0.000000 0.000000 0 0.000000 0.000000 0 0.000000 0.000000 0 0.000000 0.000000 0 0.000000 0.000000 0 0.000000 0.000000 0 0.000000 0.000000 0 0.000000 0.000000 0 0.000000 0.000000 0 0.000000 0.000000 0 0.000000 0.000000 0 0.000000 0.000000 0 0.000000 0.000000 0 0.000000 0.000000 0 0.000000 0.000000 0
0 0.168695 0.425445 0.017422 0.130000 0.000000 0.000000 0 0.000000 0.000000 0 0.000000 0.000000 0 0.000000 0.000000 0 0.000000 0.000000 0 0.000000 0.000000 0 0.000000 0.000000 0 0.000000 0.000000 0 0.000000 0.000000 0 0.000000 0.000000 0 0.000000 0.000000 0 0.000000 0.000000 0 0.000000 0.000000 0 0.000000 0.000000 0 0.000000 0.000000 0 0.000000 0.000000 0 0.000000 0.000000 0
0 0.885961 0.549286 0.099547 0.470468 0.000000 0.000000 0 0.000000 0.000000 0 0.000000 0.000000 0 0.000000 0.000000 0 0.000000 0.000000 0 0.921875 0.419204 1 0.860938 0.419204 1 0.000000 0.000000 0 0.843750 0.477752 1 0.000000 0.000000 0 0.842187 0.519906 1 0.912500 0.536300 1 0.864062 0.529274 1 0.910937 0.620609 1 0.862500 0.615925 1 0.903125 0.735363 1 0.867188 0.737705 1
0 0.491016 0.480890 0.067469 0.404496 0.485938 0.320843 1 0.490625 0.311475 1 0.000000 0.000000 0 0.507812 0.316159 1 0.000000 0.000000 0 0.521875 0.360656 1 0.479687 0.360656 1 0.503125 0.416862 1 0.465625 0.414520 1 0.487500 0.367681 1 0.493750 0.419204 1 0.509375 0.489461 1 0.479687 0.489461 1 0.520312 0.573770 1 0.485938 0.573770 1 0.529687 0.651054 1 0.492188 0.658080 1
0 0.301727 0.582096 0.023734 0.061241 0.000000 0.000000 0 0.000000 0.000000 0 0.000000 0.000000 0 0.000000 0.000000 0 0.000000 0.000000 0 0.000000 0.000000 0 0.000000 0.000000 0 0.000000 0.000000 0 0.000000 0.000000 0 0.000000 0.000000 0 0.000000 0.000000 0 0.000000 0.000000 0 0.000000 0.000000 0 0.000000 0.000000 0 0.000000 0.000000 0 0.000000 0.000000 0 0.000000 0.000000 0