0 0.547625 0.633619 0.139844 0.329874 0.540625 0.502092 1 0.545312 0.495816 1 0.534375 0.493724 1 0.554688 0.500000 1 0.529687 0.495816 1 0.562500 0.537657 1 0.514062 0.537657 1 0.592187 0.583682 1 0.496875 0.587866 1 0.609375 0.633891 1 0.492188 0.631799 1 0.553125 0.635983 1 0.523438 0.635983 1 0.546875 0.723849 1 0.534375 0.725941 1 0.531250 0.788703 1 0.543750 0.790795 1
0 0.109930 0.691726 0.219859 0.593326 0.056250 0.483264 1 0.076563 0.464435 1 0.060937 0.466527 1 0.128125 0.497908 1 0.000000 0.000000 0 0.170313 0.615063 1 0.059375 0.594142 1 0.182812 0.794979 1 0.000000 0.000000 0 0.065625 0.753138 1 0.000000 0.000000 0 0.160938 0.916318 1 0.059375 0.947699 1 0.000000 0.000000 0 0.000000 0.000000 0 0.000000 0.000000 0 0.000000 0.000000 0
0 0.863516 0.657301 0.213156 0.662929 0.910937 0.395397 1 0.917188 0.382845 1 0.889062 0.387029 1 0.000000 0.000000 0 0.851562 0.416318 1 0.912500 0.539749 1 0.795312 0.541841 1 0.926562 0.709205 1 0.779687 0.738494 1 0.940625 0.828452 1 0.792188 0.876569 1 0.912500 0.851464 1 0.814063 0.855649 1 0.000000 0.000000 0 0.000000 0.000000 0 0.000000 0.000000 0 0.000000 0.000000 0
0 0.970758 0.614508 0.058484 0.261569 0.000000 0.000000 0 0.000000 0.000000 0 0.000000 0.000000 0 0.000000 0.000000 0 0.995313 0.516736 1 0.000000 0.000000 0 0.978125 0.541841 1 0.000000 0.000000 0 0.946875 0.589958 1 0.000000 0.000000 0 0.990625 0.615063 1 0.000000 0.000000 0 0.960938 0.656904 1 0.000000 0.000000 0 0.965625 0.738494 1 0.000000 0.000000 0 0.957812 0.792887 1
0 0.375953 0.751695 0.164469 0.469665 0.354687 0.573222 1 0.362500 0.562762 1 0.350000 0.562762 1 0.384375 0.556485 1 0.000000 0.000000 0 0.421875 0.600418 1 0.339062 0.604603 1 0.440625 0.658996 1 0.301563 0.667364 1 0.412500 0.688285 1 0.331250 0.602510 1 0.398438 0.774059 1 0.359375 0.776151 1 0.396875 0.891213 1 0.354687 0.872385 1 0.387500 0.993724 1 0.379688 0.945607 1
0 0.673797 0.539561 0.027781 0.124435 0.000000 0.000000 0 0.000000 0.000000 0 0.000000 0.000000 0 0.000000 0.000000 0 0.000000 0.000000 0 0.000000 0.000000 0 0.000000 0.000000 0 0.000000 0.000000 0 0.000000 0.000000 0 0.000000 0.000000 0 0.000000 0.000000 0 0.000000 0.000000 0 0.000000 0.000000 0 0.000000 0.000000 0 0.000000 0.000000 0 0.000000 0.000000 0 0.000000 0.000000 0
0 0.743687 0.548536 0.037344 0.160795 0.750000 0.485356 1 0.751563 0.479079 1 0.746875 0.479079 1 0.000000 0.000000 0 0.000000 0.000000 0 0.732812 0.495816 1 0.754687 0.504184 1 0.731250 0.525105 1 0.759375 0.535565 1 0.000000 0.000000 0 0.000000 0.000000 0 0.735938 0.537657 1 0.751563 0.539749 1 0.746875 0.579498 1 0.740625 0.579498 1 0.745313 0.617155 1 0.735938 0.612971 1
0 0.414438 0.551402 0.062031 0.122385 0.000000 0.000000 0 0.000000 0.000000 0 0.000000 0.000000 0 0.000000 0.000000 0 0.000000 0.000000 0 0.000000 0.000000 0 0.000000 0.000000 0 0.000000 0.000000 0 0.000000 0.000000 0 0.000000 0.000000 0 0.000000 0.000000 0 0.000000 0.000000 0 0.000000 0.000000 0 0.000000 0.000000 0 0.000000 0.000000 0 0.000000 0.000000 0 0.000000 0.000000 0
0 0.704539 0.515136 0.012266 0.061695 0.000000 0.000000 0 0.000000 0.000000 0 0.000000 0.000000 0 0.000000 0.000000 0 0.000000 0.000000 0 0.000000 0.000000 0 0.000000 0.000000 0 0.000000 0.000000 0 0.000000 0.000000 0 0.000000 0.000000 0 0.000000 0.000000 0 0.000000 0.000000 0 0.000000 0.000000 0 0.000000 0.000000 0 0.000000 0.000000 0 0.000000 0.000000 0 0.000000 0.000000 0
0 0.774930 0.522416 0.026953 0.099644 0.000000 0.000000 0 0.000000 0.000000 0 0.000000 0.000000 0 0.000000 0.000000 0 0.000000 0.000000 0 0.000000 0.000000 0 0.000000 0.000000 0 0.000000 0.000000 0 0.000000 0.000000 0 0.000000 0.000000 0 0.000000 0.000000 0 0.000000 0.000000 0 0.000000 0.000000 0 0.000000 0.000000 0 0.000000 0.000000 0 0.000000 0.000000 0 0.000000 0.000000 0
0 0.793406 0.498305 0.036500 0.049707 0.000000 0.000000 0 0.000000 0.000000 0 0.000000 0.000000 0 0.000000 0.000000 0 0.000000 0.000000 0 0.000000 0.000000 0 0.000000 0.000000 0 0.000000 0.000000 0 0.000000 0.000000 0 0.000000 0.000000 0 0.000000 0.000000 0 0.000000 0.000000 0 0.000000 0.000000 0 0.000000 0.000000 0 0.000000 0.000000 0 0.000000 0.000000 0 0.000000 0.000000 0