0 0.824422 0.453548 0.289531 0.732581 0.762500 0.179724 1 0.773438 0.161290 1 0.757812 0.161290 1 0.800000 0.161290 1 0.000000 0.000000 0 0.837500 0.267281 1 0.732812 0.232719 1 0.854688 0.384793 1 0.696875 0.322581 1 0.829688 0.447005 1 0.710938 0.352535 1 0.815625 0.476959 1 0.748437 0.476959 1 0.853125 0.605991 1 0.701562 0.615207 1 0.925000 0.755760 1 0.720313 0.776498 1
0 0.659031 0.347972 0.062625 0.130645 0.651563 0.306452 1 0.653125 0.301843 1 0.648438 0.301843 1 0.659375 0.304147 1 0.643750 0.304147 1 0.664062 0.331797 1 0.635938 0.331797 1 0.662500 0.359447 1 0.635938 0.364055 1 0.650000 0.377880 1 0.646875 0.377880 1 0.657813 0.384793 1 0.642188 0.384793 1 0.664062 0.368664 1 0.632812 0.382488 1 0.678125 0.405530 1 0.650000 0.407834 1
0 0.378508 0.409827 0.166609 0.608548 0.376563 0.165899 1 0.385937 0.154378 1 0.368750 0.154378 1 0.398438 0.165899 1 0.362500 0.161290 1 0.428125 0.230415 1 0.334375 0.232719 1 0.443750 0.304147 1 0.000000 0.000000 0 0.443750 0.343318 1 0.000000 0.000000 0 0.401562 0.398618 1 0.350000 0.398618 1 0.414062 0.525346 1 0.323437 0.506912 1 0.425000 0.686636 1 0.312500 0.652074 1
0 0.543813 0.213882 0.055625 0.228641 0.540625 0.126728 1 0.543750 0.119816 1 0.537500 0.119816 1 0.550000 0.124424 1 0.532813 0.124424 1 0.557813 0.152074 1 0.525000 0.154378 1 0.550000 0.184332 1 0.518750 0.193548 1 0.526563 0.182028 1 0.543750 0.184332 1 0.551562 0.235023 1 0.528125 0.235023 1 0.557813 0.297235 1 0.526563 0.294931 1 0.000000 0.000000 0 0.000000 0.000000 0
0 0.867086 0.410104 0.185922 0.604493 0.857812 0.165899 1 0.864062 0.156682 1 0.851562 0.154378 1 0.879687 0.163594 1 0.842187 0.158986 1 0.898438 0.228111 1 0.823438 0.232719 1 0.921875 0.299539 1 0.000000 0.000000 0 0.928125 0.331797 1 0.000000 0.000000 0 0.882812 0.407834 1 0.835938 0.410138 1 0.892188 0.527650 1 0.806250 0.529954 1 0.906250 0.661290 1 0.793750 0.642857 1
0 0.072969 0.336532 0.068844 0.141590 0.064062 0.294931 1 0.068750 0.290323 1 0.060937 0.290323 1 0.073438 0.294931 1 0.056250 0.294931 1 0.079687 0.315668 1 0.050000 0.315668 1 0.093750 0.334101 1 0.056250 0.341014 1 0.096875 0.350230 1 0.079687 0.352535 1 0.075000 0.377880 1 0.050000 0.377880 1 0.095312 0.361751 1 0.071875 0.364055 1 0.098437 0.419355 1 0.079687 0.419355 1
0 0.066141 0.215507 0.062344 0.237650 0.067187 0.124424 1 0.070312 0.119816 1 0.065625 0.119816 1 0.078125 0.124424 1 0.059375 0.124424 1 0.082812 0.152074 1 0.051562 0.154378 1 0.081250 0.186636 1 0.043750 0.193548 1 0.057813 0.182028 1 0.068750 0.186636 1 0.079687 0.239631 1 0.054688 0.239631 1 0.085938 0.304147 1 0.056250 0.304147 1 0.092188 0.366359 1 0.062500 0.368664 1
0 0.130664 0.343675 0.059703 0.123249 0.126562 0.304147 1 0.129688 0.299539 1 0.121875 0.299539 1 0.132812 0.301843 1 0.118750 0.299539 1 0.134375 0.324885 1 0.109375 0.324885 1 0.132812 0.361751 1 0.117188 0.364055 1 0.135937 0.391705 1 0.134375 0.391705 1 0.129688 0.377880 1 0.115625 0.380184 1 0.151562 0.403226 1 0.135937 0.405530 1 0.000000 0.000000 0 0.000000 0.000000 0
0 0.329109 0.466705 0.293906 0.749447 0.282813 0.177419 1 0.292187 0.161290 1 0.273438 0.161290 1 0.312500 0.158986 1 0.000000 0.000000 0 0.353125 0.264977 1 0.243750 0.244240 1 0.365625 0.384793 1 0.218750 0.324885 1 0.340625 0.437788 1 0.231250 0.343318 1 0.328125 0.474654 1 0.265625 0.458525 1 0.364063 0.592166 1 0.229687 0.585253 1 0.450000 0.774194 1 0.232813 0.762673 1
0 0.548828 0.341221 0.064875 0.143502 0.539062 0.294931 1 0.542188 0.290323 1 0.535937 0.290323 1 0.548438 0.292627 1 0.529687 0.294931 1 0.548438 0.317972 1 0.523438 0.317972 1 0.562500 0.331797 1 0.531250 0.343318 1 0.568750 0.352535 1 0.557813 0.354839 1 0.550000 0.382488 1 0.529687 0.384793 1 0.570312 0.361751 1 0.540625 0.361751 1 0.575000 0.405530 1 0.551562 0.407834 1
0 0.602016 0.344954 0.057406 0.125945 0.600000 0.304147 1 0.601562 0.299539 1 0.596875 0.299539 1 0.000000 0.000000 0 0.590625 0.301843 1 0.607812 0.324885 1 0.585938 0.322581 1 0.604688 0.361751 1 0.592187 0.368664 1 0.610938 0.394009 1 0.607812 0.391705 1 0.604688 0.375576 1 0.589063 0.377880 1 0.628125 0.403226 1 0.606250 0.403226 1 0.000000 0.000000 0 0.000000 0.000000 0
0 0.179742 0.344516 0.056766 0.123318 0.178125 0.304147 1 0.181250 0.299539 1 0.175000 0.301843 1 0.185938 0.306452 1 0.170313 0.306452 1 0.190625 0.324885 1 0.160938 0.329493 1 0.190625 0.350230 1 0.160938 0.366359 1 0.181250 0.373272 1 0.171875 0.373272 1 0.179688 0.366359 1 0.168750 0.368664 1 0.190625 0.366359 1 0.162500 0.377880 1 0.000000 0.000000 0 0.000000 0.000000 0