0 0.392953 0.537166 0.247938 0.702717 0.493750 0.269321 1 0.000000 0.000000 0 0.489063 0.257611 1 0.000000 0.000000 0 0.467187 0.259953 1 0.421875 0.313817 1 0.437500 0.323185 1 0.376563 0.426230 1 0.415625 0.428571 1 0.423438 0.503513 1 0.475000 0.515222 1 0.412500 0.508197 1 0.392188 0.498829 1 0.459375 0.660422 1 0.370312 0.683841 1 0.453125 0.843091 1 0.270313 0.805621 1
0 0.353898 0.327717 0.057453 0.265972 0.000000 0.000000 0 0.357812 0.217799 1 0.350000 0.217799 1 0.000000 0.000000 0 0.340625 0.222482 1 0.364063 0.257611 1 0.331250 0.262295 1 0.000000 0.000000 0 0.000000 0.000000 0 0.000000 0.000000 0 0.000000 0.000000 0 0.000000 0.000000 0 0.000000 0.000000 0 0.371875 0.348946 1 0.346875 0.351288 1 0.368750 0.430913 1 0.345313 0.433255 1
0 0.242547 0.554110 0.168656 0.722600 0.284375 0.257611 1 0.000000 0.000000 0 0.279687 0.245902 1 0.000000 0.000000 0 0.256250 0.243560 1 0.201563 0.318501 1 0.273438 0.306792 1 0.190625 0.444965 1 0.318750 0.386417 1 0.171875 0.538642 1 0.000000 0.000000 0 0.212500 0.489461 1 0.256250 0.496487 1 0.235937 0.693208 1 0.281250 0.693208 1 0.254688 0.868852 1 0.195312 0.817330 1
0 0.837727 0.434075 0.158578 0.468618 0.793750 0.248244 1 0.796875 0.241218 1 0.000000 0.000000 0 0.804688 0.243560 1 0.000000 0.000000 0 0.801562 0.290398 1 0.845313 0.290398 1 0.787500 0.353630 1 0.873437 0.348946 1 0.778125 0.379391 1 0.843750 0.372365 1 0.817187 0.414520 1 0.845313 0.416862 1 0.818750 0.540984 1 0.806250 0.538642 1 0.882812 0.522248 1 0.795312 0.627635 1
0 0.763188 0.138689 0.060000 0.140047 0.000000 0.000000 0 0.000000 0.000000 0 0.000000 0.000000 0 0.000000 0.000000 0 0.000000 0.000000 0 0.770312 0.126464 1 0.740625 0.117096 1 0.782813 0.173302 1 0.737500 0.163934 1 0.748437 0.173302 1 0.725000 0.163934 1 0.771875 0.199063 1 0.748437 0.189696 1 0.000000 0.000000 0 0.000000 0.000000 0 0.000000 0.000000 0 0.000000 0.000000 0
0 0.708609 0.128103 0.061750 0.135457 0.706250 0.091335 1 0.710938 0.086651 1 0.701562 0.086651 1 0.717187 0.081967 1 0.695312 0.079625 1 0.725000 0.107728 1 0.681250 0.107728 1 0.735938 0.149883 1 0.681250 0.156909 1 0.731250 0.166276 1 0.709375 0.166276 1 0.720313 0.170960 1 0.693750 0.170960 1 0.739062 0.177986 1 0.681250 0.177986 1 0.742188 0.217799 1 0.681250 0.220141 1
0 0.130641 0.106745 0.106656 0.133677 0.128125 0.079625 1 0.129688 0.070258 1 0.123438 0.072600 1 0.142187 0.074941 1 0.112500 0.077283 1 0.148438 0.110070 1 0.103125 0.112412 1 0.175000 0.161593 1 0.090625 0.163934 1 0.000000 0.000000 0 0.000000 0.000000 0 0.000000 0.000000 0 0.000000 0.000000 0 0.000000 0.000000 0 0.000000 0.000000 0 0.000000 0.000000 0 0.000000 0.000000 0
0 0.188211 0.324485 0.097453 0.337026 0.000000 0.000000 0 0.000000 0.000000 0 0.000000 0.000000 0 0.189062 0.194379 1 0.000000 0.000000 0 0.168750 0.250585 1 0.226562 0.248244 1 0.150000 0.327869 1 0.000000 0.000000 0 0.156250 0.372365 1 0.000000 0.000000 0 0.184375 0.395785 1 0.225000 0.395785 1 0.196875 0.475410 1 0.000000 0.000000 0 0.000000 0.000000 0 0.000000 0.000000 0
0 0.091750 0.428536 0.108688 0.255621 0.000000 0.000000 0 0.000000 0.000000 0 0.075000 0.327869 1 0.000000 0.000000 0 0.000000 0.000000 0 0.087500 0.360656 1 0.051562 0.367681 1 0.114062 0.346604 1 0.071875 0.337237 1 0.134375 0.330211 1 0.093750 0.337237 1 0.090625 0.491803 1 0.057813 0.491803 1 0.093750 0.576112 1 0.064062 0.583138 1 0.000000 0.000000 0 0.000000 0.000000 0
0 0.825594 0.110749 0.087313 0.221499 0.812500 0.025761 1 0.814063 0.021077 1 0.807813 0.021077 1 0.000000 0.000000 0 0.801562 0.023419 1 0.828125 0.060890 1 0.790625 0.056206 1 0.845313 0.100703 1 0.801562 0.091335 1 0.859375 0.088993 1 0.810937 0.058548 1 0.823438 0.135831 1 0.793750 0.135831 1 0.000000 0.000000 0 0.000000 0.000000 0 0.000000 0.000000 0 0.000000 0.000000 0
0 0.503844 0.365667 0.116906 0.413068 0.000000 0.000000 0 0.000000 0.000000 0 0.000000 0.000000 0 0.000000 0.000000 0 0.000000 0.000000 0 0.498437 0.234192 1 0.521875 0.231850 1 0.489063 0.306792 1 0.545312 0.285714 1 0.000000 0.000000 0 0.000000 0.000000 0 0.495312 0.323185 1 0.520312 0.325527 1 0.471875 0.440281 1 0.473438 0.437939 1 0.476562 0.526932 1 0.543750 0.508197 1
0 0.307484 0.249578 0.053594 0.120000 0.000000 0.000000 0 0.314063 0.222482 1 0.306250 0.222482 1 0.000000 0.000000 0 0.293750 0.222482 1 0.320312 0.252927 1 0.284375 0.255269 1 0.326562 0.297424 1 0.000000 0.000000 0 0.309375 0.304450 1 0.000000 0.000000 0 0.000000 0.000000 0 0.000000 0.000000 0 0.000000 0.000000 0 0.000000 0.000000 0 0.000000 0.000000 0 0.000000 0.000000 0