0 0.547625 0.564424 0.272687 0.871153 0.553125 0.284706 1 0.567187 0.256471 1 0.537500 0.275294 1 0.601562 0.256471 1 0.523438 0.303529 1 0.656250 0.414118 1 0.509375 0.432941 1 0.656250 0.576471 1 0.467187 0.609412 1 0.645312 0.425882 1 0.553125 0.592941 1 0.629687 0.698824 1 0.510938 0.705882 1 0.618750 0.924706 1 0.515625 0.922353 1 0.000000 0.000000 0 0.000000 0.000000 0
0 0.731219 0.768541 0.164156 0.435953 0.740625 0.717647 1 0.757812 0.701176 1 0.720313 0.703529 1 0.779687 0.689412 1 0.690625 0.710588 1 0.785937 0.783529 1 0.679688 0.811765 1 0.845313 0.868235 1 0.657813 0.894118 1 0.812500 0.792941 1 0.731250 0.828235 1 0.785937 0.995294 1 0.000000 0.000000 0 0.000000 0.000000 0 0.000000 0.000000 0 0.000000 0.000000 0 0.000000 0.000000 0
0 0.871492 0.832588 0.256672 0.298871 0.881250 0.877647 1 0.901563 0.847059 1 0.859375 0.840000 1 0.925000 0.858824 1 0.817187 0.856471 1 0.942187 0.976471 1 0.000000 0.000000 0 0.000000 0.000000 0 0.000000 0.000000 0 0.000000 0.000000 0 0.000000 0.000000 0 0.000000 0.000000 0 0.000000 0.000000 0 0.000000 0.000000 0 0.000000 0.000000 0 0.000000 0.000000 0 0.000000 0.000000 0
0 0.955141 0.689882 0.089719 0.552800 0.948438 0.489412 1 0.950000 0.475294 1 0.000000 0.000000 0 0.971875 0.494118 1 0.000000 0.000000 0 0.950000 0.576471 1 0.000000 0.000000 0 0.939063 0.672941 1 0.000000 0.000000 0 0.925000 0.691765 1 0.000000 0.000000 0 0.975000 0.764706 1 0.000000 0.000000 0 0.973437 0.875294 1 0.000000 0.000000 0 0.971875 0.983529 1 0.000000 0.000000 0
0 0.418922 0.264329 0.129469 0.528659 0.403125 0.056471 1 0.414062 0.044706 1 0.400000 0.047059 1 0.000000 0.000000 0 0.000000 0.000000 0 0.425000 0.124706 1 0.446875 0.108235 1 0.421875 0.221176 1 0.000000 0.000000 0 0.385937 0.232941 1 0.000000 0.000000 0 0.417187 0.280000 1 0.443750 0.265882 1 0.442188 0.472941 1 0.468750 0.449412 1 0.000000 0.000000 0 0.000000 0.000000 0
0 0.080555 0.500000 0.161109 1.000000 0.000000 0.000000 0 0.000000 0.000000 0 0.000000 0.000000 0 0.000000 0.000000 0 0.012500 0.018824 1 0.000000 0.000000 0 0.067187 0.240000 1 0.000000 0.000000 0 0.109375 0.536471 1 0.000000 0.000000 0 0.132812 0.731765 1 0.000000 0.000000 0 0.009375 0.684706 1 0.000000 0.000000 0 0.000000 0.000000 0 0.000000 0.000000 0 0.000000 0.000000 0
0 0.388742 0.679776 0.159672 0.640447 0.421875 0.447059 1 0.423438 0.432941 1 0.406250 0.437647 1 0.426563 0.414118 1 0.370312 0.435294 1 0.437500 0.522353 1 0.353125 0.522353 1 0.000000 0.000000 0 0.334375 0.562353 1 0.000000 0.000000 0 0.334375 0.454118 1 0.435937 0.734118 1 0.387500 0.736471 1 0.451562 0.875294 1 0.390625 0.884706 1 0.429688 0.981176 1 0.000000 0.000000 0
0 0.363250 0.115494 0.078812 0.226471 0.379688 0.035294 1 0.382812 0.030588 1 0.375000 0.028235 1 0.392188 0.028235 1 0.367188 0.028235 1 0.000000 0.000000 0 0.350000 0.089412 1 0.000000 0.000000 0 0.328125 0.188235 1 0.000000 0.000000 0 0.000000 0.000000 0 0.000000 0.000000 0 0.359375 0.216471 1 0.000000 0.000000 0 0.000000 0.000000 0 0.000000 0.000000 0 0.000000 0.000000 0
0 0.723633 0.366165 0.253453 0.728235 0.000000 0.000000 0 0.000000 0.000000 0 0.000000 0.000000 0 0.000000 0.000000 0 0.000000 0.000000 0 0.645312 0.054118 1 0.775000 0.047059 1 0.612500 0.221176 1 0.820312 0.200000 1 0.000000 0.000000 0 0.815625 0.362353 1 0.653125 0.374118 1 0.760938 0.367059 1 0.651563 0.590588 1 0.756250 0.595294 1 0.000000 0.000000 0 0.771875 0.816471 1
0 0.309156 0.647271 0.072469 0.586635 0.000000 0.000000 0 0.000000 0.000000 0 0.000000 0.000000 0 0.000000 0.000000 0 0.000000 0.000000 0 0.000000 0.000000 0 0.000000 0.000000 0 0.000000 0.000000 0 0.309375 0.468235 1 0.375000 0.357647 1 0.292187 0.407059 1 0.000000 0.000000 0 0.000000 0.000000 0 0.000000 0.000000 0 0.000000 0.000000 0 0.000000 0.000000 0 0.320312 0.863529 1
0 0.236742 0.468612 0.157828 0.524659 0.000000 0.000000 0 0.000000 0.000000 0 0.000000 0.000000 0 0.000000 0.000000 0 0.000000 0.000000 0 0.273438 0.308235 1 0.207813 0.322353 1 0.000000 0.000000 0 0.000000 0.000000 0 0.275000 0.385882 1 0.206250 0.388235 1 0.270313 0.454118 1 0.228125 0.463529 1 0.278125 0.576471 1 0.234375 0.590588 1 0.271875 0.654118 1 0.248438 0.670588 1
0 0.471867 0.233106 0.058328 0.423435 0.000000 0.000000 0 0.000000 0.000000 0 0.000000 0.000000 0 0.000000 0.000000 0 0.000000 0.000000 0 0.456250 0.110588 1 0.484375 0.101176 1 0.000000 0.000000 0 0.000000 0.000000 0 0.000000 0.000000 0 0.000000 0.000000 0 0.467187 0.249412 1 0.484375 0.235294 1 0.465625 0.352941 1 0.478125 0.343529 1 0.000000 0.000000 0 0.000000 0.000000 0