0 0.521234 0.643903 0.179031 0.553028 0.531250 0.469444 1 0.537500 0.455556 1 0.521875 0.461111 1 0.548438 0.458333 1 0.510938 0.466667 1 0.576562 0.538889 1 0.498437 0.522222 1 0.581250 0.622222 1 0.470313 0.563889 1 0.571875 0.705556 1 0.456250 0.491667 1 0.537500 0.686111 1 0.503125 0.677778 1 0.556250 0.808333 1 0.500000 0.777778 1 0.567187 0.897222 1 0.507812 0.866667 1
0 0.632539 0.154625 0.038109 0.235528 0.643750 0.072222 1 0.000000 0.000000 0 0.640625 0.063889 1 0.000000 0.000000 0 0.000000 0.000000 0 0.640625 0.094444 1 0.629687 0.100000 1 0.000000 0.000000 0 0.628125 0.138889 1 0.000000 0.000000 0 0.629687 0.177778 1 0.640625 0.169444 1 0.632812 0.169444 1 0.634375 0.205556 1 0.628125 0.205556 1 0.631250 0.238889 1 0.621875 0.255556 1
0 0.669555 0.131611 0.054484 0.241000 0.685937 0.044444 1 0.000000 0.000000 0 0.682813 0.038889 1 0.000000 0.000000 0 0.675000 0.038889 1 0.675000 0.061111 1 0.667188 0.066667 1 0.671875 0.097222 1 0.681250 0.100000 1 0.684375 0.080556 1 0.696875 0.086111 1 0.682813 0.138889 1 0.671875 0.138889 1 0.682813 0.169444 1 0.667188 0.177778 1 0.678125 0.216667 1 0.650000 0.213889 1
0 0.501086 0.129208 0.046953 0.255250 0.517188 0.036111 1 0.000000 0.000000 0 0.515625 0.030556 1 0.000000 0.000000 0 0.507812 0.033333 1 0.514062 0.052778 1 0.495312 0.063889 1 0.000000 0.000000 0 0.495312 0.111111 1 0.000000 0.000000 0 0.495312 0.141667 1 0.507812 0.138889 1 0.501563 0.144444 1 0.509375 0.183333 1 0.504687 0.183333 1 0.496875 0.219444 1 0.490625 0.227778 1
0 0.457852 0.108722 0.041359 0.194944 0.000000 0.000000 0 0.000000 0.000000 0 0.000000 0.000000 0 0.000000 0.000000 0 0.000000 0.000000 0 0.000000 0.000000 0 0.000000 0.000000 0 0.000000 0.000000 0 0.000000 0.000000 0 0.000000 0.000000 0 0.000000 0.000000 0 0.000000 0.000000 0 0.000000 0.000000 0 0.000000 0.000000 0 0.000000 0.000000 0 0.000000 0.000000 0 0.000000 0.000000 0
0 0.430047 0.096083 0.047500 0.182944 0.000000 0.000000 0 0.000000 0.000000 0 0.000000 0.000000 0 0.000000 0.000000 0 0.000000 0.000000 0 0.432812 0.022222 1 0.426563 0.025000 1 0.000000 0.000000 0 0.423438 0.052778 1 0.000000 0.000000 0 0.432812 0.066667 1 0.429688 0.083333 1 0.425000 0.088889 1 0.435937 0.122222 1 0.418750 0.127778 1 0.434375 0.155556 1 0.407813 0.163889 1
0 0.188656 0.137792 0.084125 0.275583 0.000000 0.000000 0 0.000000 0.000000 0 0.000000 0.000000 0 0.000000 0.000000 0 0.000000 0.000000 0 0.000000 0.000000 0 0.000000 0.000000 0 0.160938 0.036111 1 0.209375 0.036111 1 0.000000 0.000000 0 0.221875 0.088889 1 0.181250 0.086111 1 0.204687 0.086111 1 0.190625 0.163889 1 0.201563 0.166667 1 0.190625 0.244444 1 0.201563 0.263889 1
0 0.104070 0.130472 0.054578 0.239667 0.110937 0.052778 1 0.000000 0.000000 0 0.110937 0.044444 1 0.000000 0.000000 0 0.103125 0.038889 1 0.000000 0.000000 0 0.096875 0.061111 1 0.000000 0.000000 0 0.092188 0.100000 1 0.000000 0.000000 0 0.093750 0.127778 1 0.096875 0.141667 1 0.104688 0.141667 1 0.104688 0.180556 1 0.110937 0.186111 1 0.100000 0.219444 1 0.107813 0.222222 1
0 0.224594 0.168903 0.039062 0.125194 0.000000 0.000000 0 0.000000 0.000000 0 0.000000 0.000000 0 0.000000 0.000000 0 0.000000 0.000000 0 0.000000 0.000000 0 0.000000 0.000000 0 0.000000 0.000000 0 0.000000 0.000000 0 0.000000 0.000000 0 0.000000 0.000000 0 0.000000 0.000000 0 0.000000 0.000000 0 0.000000 0.000000 0 0.000000 0.000000 0 0.000000 0.000000 0 0.000000 0.000000 0
0 0.318352 0.085083 0.036203 0.168222 0.000000 0.000000 0 0.000000 0.000000 0 0.000000 0.000000 0 0.000000 0.000000 0 0.000000 0.000000 0 0.000000 0.000000 0 0.000000 0.000000 0 0.000000 0.000000 0 0.000000 0.000000 0 0.000000 0.000000 0 0.000000 0.000000 0 0.000000 0.000000 0 0.000000 0.000000 0 0.000000 0.000000 0 0.000000 0.000000 0 0.000000 0.000000 0 0.000000 0.000000 0
0 0.974234 0.321347 0.051531 0.379583 0.000000 0.000000 0 0.000000 0.000000 0 0.000000 0.000000 0 0.000000 0.000000 0 0.987500 0.186111 1 0.000000 0.000000 0 0.979688 0.219444 1 0.000000 0.000000 0 0.967187 0.252778 1 0.000000 0.000000 0 0.973437 0.294444 1 0.000000 0.000000 0 0.985938 0.297222 1 0.000000 0.000000 0 0.981250 0.369444 1 0.000000 0.000000 0 0.964063 0.447222 1
0 0.365320 0.120458 0.047797 0.240917 0.000000 0.000000 0 0.000000 0.000000 0 0.000000 0.000000 0 0.000000 0.000000 0 0.000000 0.000000 0 0.000000 0.000000 0 0.000000 0.000000 0 0.000000 0.000000 0 0.364063 0.044444 1 0.000000 0.000000 0 0.379688 0.083333 1 0.370312 0.050000 1 0.356250 0.055556 1 0.375000 0.122222 1 0.373437 0.130556 1 0.360938 0.202778 1 0.364063 0.211111 1
0 0.394609 0.137028 0.042094 0.194278 0.403125 0.072222 1 0.406250 0.066667 1 0.401562 0.069444 1 0.000000 0.000000 0 0.000000 0.000000 0 0.403125 0.091667 1 0.389062 0.100000 1 0.403125 0.116667 1 0.390625 0.125000 1 0.406250 0.133333 1 0.393750 0.150000 1 0.401562 0.141667 1 0.396875 0.147222 1 0.389062 0.177778 1 0.406250 0.175000 1 0.381250 0.200000 1 0.406250 0.213889 1