0 0.738203 0.600000 0.094375 0.467417 0.700000 0.400000 1 0.704688 0.393750 1 0.693750 0.391667 1 0.720313 0.397917 1 0.000000 0.000000 0 0.737500 0.447917 1 0.693750 0.450000 1 0.775000 0.493750 1 0.717187 0.502083 1 0.754687 0.552083 1 0.700000 0.550000 1 0.732812 0.587500 1 0.703125 0.587500 1 0.737500 0.681250 1 0.707812 0.668750 1 0.745313 0.804167 1 0.720313 0.781250 1
0 0.568820 0.522104 0.069109 0.334833 0.560937 0.397917 1 0.567187 0.387500 1 0.556250 0.387500 1 0.575000 0.389583 1 0.546875 0.393750 1 0.587500 0.439583 1 0.542188 0.439583 1 0.593750 0.487500 1 0.531250 0.491667 1 0.548438 0.483333 1 0.573438 0.483333 1 0.573438 0.550000 1 0.542188 0.550000 1 0.585938 0.656250 1 0.545312 0.658333 1 0.604688 0.739583 1 0.551562 0.750000 1
0 0.655617 0.548312 0.111234 0.444958 0.634375 0.368750 1 0.640625 0.360417 1 0.628125 0.364583 1 0.650000 0.366667 1 0.620313 0.372917 1 0.675000 0.416667 1 0.612500 0.433333 1 0.690625 0.481250 1 0.603125 0.495833 1 0.690625 0.539583 1 0.604688 0.550000 1 0.673438 0.562500 1 0.625000 0.564583 1 0.690625 0.637500 1 0.629687 0.635417 1 0.706250 0.737500 1 0.637500 0.727083 1
0 0.439078 0.554302 0.075750 0.244479 0.440625 0.470833 1 0.446875 0.462500 1 0.432812 0.464583 1 0.453125 0.468750 1 0.426563 0.468750 1 0.464062 0.508333 1 0.414062 0.514583 1 0.454688 0.577083 1 0.421875 0.583333 1 0.445312 0.639583 1 0.425000 0.633333 1 0.448437 0.597917 1 0.423438 0.600000 1 0.450000 0.662500 1 0.426563 0.664583 1 0.000000 0.000000 0 0.000000 0.000000 0
0 0.362117 0.588344 0.088703 0.432563 0.381250 0.412500 1 0.384375 0.404167 1 0.373437 0.402083 1 0.000000 0.000000 0 0.359375 0.408333 1 0.395313 0.464583 1 0.342187 0.462500 1 0.000000 0.000000 0 0.325000 0.529167 1 0.000000 0.000000 0 0.356250 0.556250 1 0.385937 0.600000 1 0.346875 0.602083 1 0.393750 0.654167 1 0.350000 0.681250 1 0.375000 0.735417 1 0.350000 0.760417 1
0 0.291828 0.689750 0.116750 0.220958 0.267188 0.625000 1 0.273438 0.614583 1 0.257812 0.616667 1 0.284375 0.625000 1 0.253125 0.631250 1 0.293750 0.650000 1 0.246875 0.670833 1 0.335938 0.695833 1 0.245312 0.737500 1 0.306250 0.718750 1 0.253125 0.777083 1 0.301563 0.731250 1 0.268750 0.745833 1 0.337500 0.718750 1 0.245312 0.789583 1 0.325000 0.781250 1 0.000000 0.000000 0
0 0.200617 0.645490 0.121922 0.473271 0.228125 0.450000 1 0.232813 0.443750 1 0.218750 0.441667 1 0.000000 0.000000 0 0.206250 0.445833 1 0.240625 0.502083 1 0.189062 0.495833 1 0.248438 0.564583 1 0.171875 0.566667 1 0.000000 0.000000 0 0.175000 0.650000 1 0.235937 0.643750 1 0.204687 0.643750 1 0.225000 0.725000 1 0.184375 0.725000 1 0.214062 0.822917 1 0.153125 0.822917 1
0 0.216305 0.476115 0.115734 0.246812 0.248438 0.400000 1 0.253125 0.387500 1 0.239063 0.385417 1 0.000000 0.000000 0 0.226562 0.391667 1 0.260937 0.460417 1 0.195312 0.439583 1 0.259375 0.527083 1 0.167187 0.502083 1 0.250000 0.583333 1 0.184375 0.572917 1 0.237500 0.585417 1 0.196875 0.583333 1 0.000000 0.000000 0 0.000000 0.000000 0 0.000000 0.000000 0 0.000000 0.000000 0
0 0.223312 0.731458 0.032031 0.092125 0.000000 0.000000 0 0.000000 0.000000 0 0.000000 0.000000 0 0.000000 0.000000 0 0.000000 0.000000 0 0.000000 0.000000 0 0.000000 0.000000 0 0.000000 0.000000 0 0.000000 0.000000 0 0.000000 0.000000 0 0.000000 0.000000 0 0.000000 0.000000 0 0.000000 0.000000 0 0.000000 0.000000 0 0.000000 0.000000 0 0.000000 0.000000 0 0.000000 0.000000 0
0 0.573875 0.755052 0.143250 0.242688 0.554688 0.681250 1 0.562500 0.672917 1 0.546875 0.675000 1 0.576562 0.666667 1 0.000000 0.000000 0 0.598437 0.704167 1 0.528125 0.710417 1 0.617188 0.772917 1 0.521875 0.781250 1 0.587500 0.820833 1 0.554688 0.820833 1 0.592187 0.795833 1 0.551562 0.795833 1 0.635938 0.810417 1 0.514062 0.810417 1 0.545312 0.841667 1 0.598437 0.850000 1
0 0.503773 0.404844 0.084203 0.171021 0.501563 0.354167 1 0.506250 0.347917 1 0.495312 0.347917 1 0.515625 0.354167 1 0.485938 0.354167 1 0.540625 0.406250 1 0.471875 0.408333 1 0.000000 0.000000 0 0.000000 0.000000 0 0.000000 0.000000 0 0.000000 0.000000 0 0.526563 0.527083 1 0.487500 0.527083 1 0.000000 0.000000 0 0.000000 0.000000 0 0.000000 0.000000 0 0.000000 0.000000 0
0 0.512664 0.618250 0.076016 0.378375 0.504687 0.468750 1 0.509375 0.458333 1 0.496875 0.458333 1 0.518750 0.462500 1 0.489063 0.464583 1 0.537500 0.508333 1 0.478125 0.510417 1 0.532813 0.570833 1 0.490625 0.570833 1 0.521875 0.614583 1 0.506250 0.622917 1 0.528125 0.625000 1 0.501563 0.627083 1 0.523438 0.691667 1 0.501563 0.695833 1 0.528125 0.777083 1 0.506250 0.775000 1
0 0.234375 0.855479 0.125000 0.229167 0.206250 0.766667 1 0.207813 0.756250 1 0.196875 0.766667 1 0.217188 0.752083 1 0.189062 0.777083 1 0.243750 0.791667 1 0.206250 0.804167 1 0.279687 0.820833 1 0.207813 0.866667 1 0.262500 0.818750 1 0.234375 0.837500 1 0.245312 0.864583 1 0.214062 0.868750 1 0.273438 0.862500 1 0.232813 0.870833 1 0.260937 0.914583 1 0.225000 0.935417 1