0 0.296016 0.467927 0.067500 0.282687 0.310937 0.354167 1 0.314063 0.350000 1 0.304688 0.350000 1 0.318750 0.352083 1 0.301563 0.352083 1 0.309375 0.383333 1 0.290625 0.381250 1 0.321875 0.414583 1 0.273438 0.408333 1 0.317188 0.439583 1 0.279687 0.445833 1 0.310937 0.445833 1 0.292187 0.447917 1 0.307812 0.510417 1 0.285938 0.520833 1 0.304688 0.575000 1 0.285938 0.581250 1
0 0.370812 0.462896 0.054344 0.279125 0.368750 0.358333 1 0.370312 0.352083 1 0.364063 0.352083 1 0.375000 0.354167 1 0.357812 0.358333 1 0.382812 0.393750 1 0.351562 0.385417 1 0.384375 0.427083 1 0.348438 0.429167 1 0.390625 0.456250 1 0.356250 0.458333 1 0.378125 0.460417 1 0.360938 0.460417 1 0.375000 0.522917 1 0.365625 0.518750 1 0.373437 0.575000 1 0.357812 0.577083 1
0 0.418820 0.469667 0.052234 0.238208 0.418750 0.370833 1 0.421875 0.364583 1 0.417187 0.364583 1 0.000000 0.000000 0 0.000000 0.000000 0 0.434375 0.395833 1 0.401562 0.393750 1 0.442188 0.429167 1 0.393750 0.425000 1 0.429688 0.427083 1 0.417187 0.437500 1 0.428125 0.452083 1 0.407813 0.450000 1 0.426563 0.520833 1 0.407813 0.514583 1 0.428125 0.572917 1 0.407813 0.572917 1
0 0.469906 0.479979 0.055719 0.234167 0.457813 0.389583 1 0.460938 0.387500 1 0.453125 0.387500 1 0.465625 0.389583 1 0.450000 0.395833 1 0.481250 0.406250 1 0.446875 0.420833 1 0.000000 0.000000 0 0.450000 0.452083 1 0.000000 0.000000 0 0.448437 0.475000 1 0.482812 0.479167 1 0.456250 0.479167 1 0.487500 0.529167 1 0.462500 0.533333 1 0.492188 0.585417 1 0.470313 0.583333 1
0 0.505883 0.494677 0.052078 0.222729 0.495312 0.406250 1 0.496875 0.400000 1 0.492188 0.400000 1 0.000000 0.000000 0 0.000000 0.000000 0 0.514062 0.420833 1 0.485938 0.425000 1 0.000000 0.000000 0 0.000000 0.000000 0 0.000000 0.000000 0 0.000000 0.000000 0 0.515625 0.485417 1 0.498437 0.487500 1 0.510938 0.537500 1 0.512500 0.545833 1 0.496875 0.587500 1 0.521875 0.581250 1
0 0.568914 0.487625 0.114297 0.249375 0.525000 0.387500 1 0.529687 0.381250 1 0.521875 0.383333 1 0.535937 0.381250 1 0.000000 0.000000 0 0.551562 0.402083 1 0.523438 0.414583 1 0.571875 0.429167 1 0.000000 0.000000 0 0.565625 0.456250 1 0.000000 0.000000 0 0.571875 0.472917 1 0.546875 0.483333 1 0.585938 0.527083 1 0.554688 0.537500 1 0.617188 0.579167 1 0.554688 0.589583 1
0 0.127367 0.394385 0.006422 0.019229 0.000000 0.000000 0 0.000000 0.000000 0 0.000000 0.000000 0 0.000000 0.000000 0 0.000000 0.000000 0 0.000000 0.000000 0 0.000000 0.000000 0 0.000000 0.000000 0 0.000000 0.000000 0 0.000000 0.000000 0 0.000000 0.000000 0 0.000000 0.000000 0 0.000000 0.000000 0 0.000000 0.000000 0 0.000000 0.000000 0 0.000000 0.000000 0 0.000000 0.000000 0
0 0.148750 0.395396 0.022500 0.025250 0.000000 0.000000 0 0.000000 0.000000 0 0.000000 0.000000 0 0.000000 0.000000 0 0.000000 0.000000 0 0.000000 0.000000 0 0.000000 0.000000 0 0.000000 0.000000 0 0.000000 0.000000 0 0.000000 0.000000 0 0.000000 0.000000 0 0.000000 0.000000 0 0.000000 0.000000 0 0.000000 0.000000 0 0.000000 0.000000 0 0.000000 0.000000 0 0.000000 0.000000 0
0 0.044641 0.416073 0.032125 0.043771 0.000000 0.000000 0 0.000000 0.000000 0 0.000000 0.000000 0 0.000000 0.000000 0 0.000000 0.000000 0 0.000000 0.000000 0 0.000000 0.000000 0 0.000000 0.000000 0 0.000000 0.000000 0 0.000000 0.000000 0 0.000000 0.000000 0 0.000000 0.000000 0 0.000000 0.000000 0 0.000000 0.000000 0 0.000000 0.000000 0 0.000000 0.000000 0 0.000000 0.000000 0
0 0.169555 0.396531 0.019391 0.022812 0.000000 0.000000 0 0.000000 0.000000 0 0.000000 0.000000 0 0.000000 0.000000 0 0.000000 0.000000 0 0.000000 0.000000 0 0.000000 0.000000 0 0.000000 0.000000 0 0.000000 0.000000 0 0.000000 0.000000 0 0.000000 0.000000 0 0.000000 0.000000 0 0.000000 0.000000 0 0.000000 0.000000 0 0.000000 0.000000 0 0.000000 0.000000 0 0.000000 0.000000 0
0 0.240328 0.387073 0.010250 0.030979 0.000000 0.000000 0 0.000000 0.000000 0 0.000000 0.000000 0 0.000000 0.000000 0 0.000000 0.000000 0 0.000000 0.000000 0 0.000000 0.000000 0 0.000000 0.000000 0 0.000000 0.000000 0 0.000000 0.000000 0 0.000000 0.000000 0 0.000000 0.000000 0 0.000000 0.000000 0 0.000000 0.000000 0 0.000000 0.000000 0 0.000000 0.000000 0 0.000000 0.000000 0
0 0.974492 0.440833 0.028234 0.043500 0.000000 0.000000 0 0.000000 0.000000 0 0.000000 0.000000 0 0.000000 0.000000 0 0.000000 0.000000 0 0.000000 0.000000 0 0.000000 0.000000 0 0.000000 0.000000 0 0.000000 0.000000 0 0.000000 0.000000 0 0.000000 0.000000 0 0.000000 0.000000 0 0.000000 0.000000 0 0.000000 0.000000 0 0.000000 0.000000 0 0.000000 0.000000 0 0.000000 0.000000 0
0 0.137609 0.389167 0.007375 0.014125 0.000000 0.000000 0 0.000000 0.000000 0 0.000000 0.000000 0 0.000000 0.000000 0 0.000000 0.000000 0 0.000000 0.000000 0 0.000000 0.000000 0 0.000000 0.000000 0 0.000000 0.000000 0 0.000000 0.000000 0 0.000000 0.000000 0 0.000000 0.000000 0 0.000000 0.000000 0 0.000000 0.000000 0 0.000000 0.000000 0 0.000000 0.000000 0 0.000000 0.000000 0