0 0.402805 0.451803 0.092859 0.336674 0.435937 0.332553 1 0.000000 0.000000 0 0.431250 0.325527 1 0.000000 0.000000 0 0.420312 0.323185 1 0.429688 0.337237 1 0.404687 0.353630 1 0.000000 0.000000 0 0.398438 0.414520 1 0.000000 0.000000 0 0.425000 0.421546 1 0.412500 0.449649 1 0.395313 0.442623 1 0.412500 0.531616 1 0.410938 0.512881 1 0.404687 0.597190 1 0.373437 0.573770 1
0 0.159680 0.388759 0.091453 0.296628 0.176563 0.274005 1 0.179688 0.269321 1 0.173437 0.269321 1 0.184375 0.276347 1 0.165625 0.271663 1 0.189062 0.306792 1 0.156250 0.302108 1 0.198437 0.344262 1 0.146875 0.341920 1 0.189062 0.341920 1 0.142187 0.381733 1 0.181250 0.395785 1 0.154688 0.393443 1 0.182812 0.449649 1 0.145313 0.447307 1 0.181250 0.510539 1 0.137500 0.510539 1
0 0.814148 0.422670 0.036734 0.111522 0.000000 0.000000 0 0.000000 0.000000 0 0.000000 0.000000 0 0.000000 0.000000 0 0.000000 0.000000 0 0.000000 0.000000 0 0.000000 0.000000 0 0.000000 0.000000 0 0.000000 0.000000 0 0.000000 0.000000 0 0.000000 0.000000 0 0.000000 0.000000 0 0.000000 0.000000 0 0.000000 0.000000 0 0.000000 0.000000 0 0.000000 0.000000 0 0.000000 0.000000 0
0 0.217680 0.078934 0.031984 0.086159 0.000000 0.000000 0 0.000000 0.000000 0 0.000000 0.000000 0 0.000000 0.000000 0 0.000000 0.000000 0 0.000000 0.000000 0 0.000000 0.000000 0 0.000000 0.000000 0 0.000000 0.000000 0 0.000000 0.000000 0 0.000000 0.000000 0 0.000000 0.000000 0 0.000000 0.000000 0 0.000000 0.000000 0 0.000000 0.000000 0 0.000000 0.000000 0 0.000000 0.000000 0
0 0.081727 0.355597 0.048891 0.120141 0.084375 0.313817 1 0.085938 0.311475 1 0.081250 0.309133 1 0.000000 0.000000 0 0.078125 0.311475 1 0.090625 0.332553 1 0.071875 0.330211 1 0.096875 0.355972 1 0.064062 0.351288 1 0.095312 0.372365 1 0.062500 0.365340 1 0.087500 0.374707 1 0.068750 0.370023 1 0.085938 0.402810 1 0.070312 0.400468 1 0.000000 0.000000 0 0.000000 0.000000 0
0 0.475305 0.461897 0.119984 0.318642 0.510938 0.358314 1 0.000000 0.000000 0 0.512500 0.346604 1 0.000000 0.000000 0 0.501563 0.344262 1 0.484375 0.381733 1 0.479687 0.360656 1 0.000000 0.000000 0 0.490625 0.423888 1 0.000000 0.000000 0 0.521875 0.428571 1 0.457813 0.456674 1 0.445312 0.449649 1 0.467187 0.531616 1 0.468750 0.531616 1 0.465625 0.604215 1 0.428125 0.606557 1
0 0.475555 0.478806 0.122141 0.220609 0.000000 0.000000 0 0.000000 0.000000 0 0.000000 0.000000 0 0.000000 0.000000 0 0.000000 0.000000 0 0.512500 0.384075 1 0.465625 0.381733 1 0.526563 0.407494 1 0.000000 0.000000 0 0.529687 0.426230 1 0.000000 0.000000 0 0.504687 0.456674 1 0.473438 0.454333 1 0.509375 0.503513 1 0.448437 0.501171 1 0.509375 0.564403 1 0.429688 0.564403 1
0 0.541289 0.421276 0.053609 0.249906 0.535937 0.325527 1 0.539062 0.318501 1 0.534375 0.320843 1 0.543750 0.318501 1 0.000000 0.000000 0 0.551562 0.346604 1 0.528125 0.346604 1 0.562500 0.377049 1 0.000000 0.000000 0 0.548438 0.386417 1 0.000000 0.000000 0 0.550000 0.412178 1 0.532813 0.412178 1 0.550000 0.468384 1 0.529687 0.468384 1 0.550000 0.524590 1 0.535937 0.524590 1
0 0.695586 0.450644 0.094109 0.305644 0.693750 0.334895 1 0.700000 0.327869 1 0.692187 0.327869 1 0.709375 0.330211 1 0.000000 0.000000 0 0.721875 0.358314 1 0.679688 0.353630 1 0.734375 0.400468 1 0.665625 0.381733 1 0.718750 0.419204 1 0.656250 0.402810 1 0.707812 0.435597 1 0.679688 0.428571 1 0.687500 0.510539 1 0.693750 0.498829 1 0.668750 0.517564 1 0.698438 0.571429 1
0 0.125133 0.065714 0.034609 0.091335 0.000000 0.000000 0 0.000000 0.000000 0 0.000000 0.000000 0 0.000000 0.000000 0 0.000000 0.000000 0 0.000000 0.000000 0 0.000000 0.000000 0 0.000000 0.000000 0 0.000000 0.000000 0 0.000000 0.000000 0 0.000000 0.000000 0 0.000000 0.000000 0 0.000000 0.000000 0 0.000000 0.000000 0 0.000000 0.000000 0 0.000000 0.000000 0 0.000000 0.000000 0
0 0.165523 0.061148 0.034922 0.088946 0.000000 0.000000 0 0.000000 0.000000 0 0.000000 0.000000 0 0.000000 0.000000 0 0.000000 0.000000 0 0.000000 0.000000 0 0.000000 0.000000 0 0.000000 0.000000 0 0.000000 0.000000 0 0.000000 0.000000 0 0.000000 0.000000 0 0.000000 0.000000 0 0.000000 0.000000 0 0.000000 0.000000 0 0.000000 0.000000 0 0.000000 0.000000 0 0.000000 0.000000 0
0 0.192055 0.070129 0.036547 0.102084 0.000000 0.000000 0 0.000000 0.000000 0 0.000000 0.000000 0 0.000000 0.000000 0 0.000000 0.000000 0 0.000000 0.000000 0 0.000000 0.000000 0 0.000000 0.000000 0 0.000000 0.000000 0 0.000000 0.000000 0 0.000000 0.000000 0 0.000000 0.000000 0 0.000000 0.000000 0 0.000000 0.000000 0 0.000000 0.000000 0 0.000000 0.000000 0 0.000000 0.000000 0
0 0.135766 0.370398 0.022594 0.099719 0.000000 0.000000 0 0.000000 0.000000 0 0.000000 0.000000 0 0.000000 0.000000 0 0.000000 0.000000 0 0.000000 0.000000 0 0.000000 0.000000 0 0.000000 0.000000 0 0.000000 0.000000 0 0.000000 0.000000 0 0.000000 0.000000 0 0.000000 0.000000 0 0.000000 0.000000 0 0.000000 0.000000 0 0.000000 0.000000 0 0.000000 0.000000 0 0.000000 0.000000 0