0 0.292227 0.911365 0.056797 0.173229 0.310937 0.833333 1 0.000000 0.000000 0 0.306250 0.829167 1 0.000000 0.000000 0 0.300000 0.833333 1 0.306250 0.850000 1 0.285938 0.854167 1 0.000000 0.000000 0 0.290625 0.872917 1 0.000000 0.000000 0 0.314063 0.885417 1 0.309375 0.910417 1 0.292187 0.908333 1 0.314063 0.947917 1 0.287500 0.958333 1 0.000000 0.000000 0 0.278125 0.991667 1
0 0.343734 0.944094 0.063563 0.111813 0.350000 0.914583 1 0.000000 0.000000 0 0.348438 0.910417 1 0.000000 0.000000 0 0.337500 0.912500 1 0.346875 0.929167 1 0.331250 0.935417 1 0.000000 0.000000 0 0.315625 0.966667 1 0.000000 0.000000 0 0.000000 0.000000 0 0.000000 0.000000 0 0.000000 0.000000 0 0.000000 0.000000 0 0.000000 0.000000 0 0.000000 0.000000 0 0.000000 0.000000 0
0 0.497203 0.902333 0.073156 0.179875 0.000000 0.000000 0 0.000000 0.000000 0 0.000000 0.000000 0 0.000000 0.000000 0 0.000000 0.000000 0 0.000000 0.000000 0 0.507812 0.912500 1 0.000000 0.000000 0 0.515625 0.935417 1 0.000000 0.000000 0 0.528125 0.914583 1 0.510938 0.956250 1 0.507812 0.956250 1 0.520312 0.991667 1 0.506250 0.995833 1 0.000000 0.000000 0 0.000000 0.000000 0
0 0.596133 0.901573 0.045391 0.174896 0.610938 0.841667 1 0.000000 0.000000 0 0.609375 0.837500 1 0.000000 0.000000 0 0.600000 0.839583 1 0.600000 0.854167 1 0.585938 0.862500 1 0.000000 0.000000 0 0.582812 0.893750 1 0.000000 0.000000 0 0.589063 0.933333 1 0.600000 0.925000 1 0.593750 0.927083 1 0.587500 0.968750 1 0.607812 0.970833 1 0.000000 0.000000 0 0.000000 0.000000 0
0 0.646336 0.910156 0.041703 0.179688 0.000000 0.000000 0 0.000000 0.000000 0 0.000000 0.000000 0 0.000000 0.000000 0 0.000000 0.000000 0 0.632812 0.856250 1 0.654687 0.877083 1 0.614062 0.883333 1 0.656250 0.902083 1 0.614062 0.902083 1 0.657813 0.920833 1 0.653125 0.918750 1 0.637500 0.927083 1 0.660937 0.960417 1 0.635938 0.966667 1 0.642188 0.991667 1 0.000000 0.000000 0
0 0.840992 0.475854 0.045734 0.159250 0.842187 0.412500 1 0.842187 0.408333 1 0.839063 0.410417 1 0.000000 0.000000 0 0.832812 0.412500 1 0.850000 0.429167 1 0.826562 0.429167 1 0.856250 0.447917 1 0.826562 0.454167 1 0.854688 0.464583 1 0.829688 0.470833 1 0.848437 0.464583 1 0.835938 0.464583 1 0.848437 0.500000 1 0.834375 0.506250 1 0.850000 0.531250 1 0.834375 0.533333 1
0 0.430250 0.944906 0.047250 0.110187 0.000000 0.000000 0 0.000000 0.000000 0 0.000000 0.000000 0 0.000000 0.000000 0 0.000000 0.000000 0 0.000000 0.000000 0 0.000000 0.000000 0 0.000000 0.000000 0 0.000000 0.000000 0 0.000000 0.000000 0 0.000000 0.000000 0 0.000000 0.000000 0 0.000000 0.000000 0 0.000000 0.000000 0 0.000000 0.000000 0 0.000000 0.000000 0 0.000000 0.000000 0
0 0.690195 0.515948 0.049734 0.164896 0.000000 0.000000 0 0.000000 0.000000 0 0.000000 0.000000 0 0.000000 0.000000 0 0.000000 0.000000 0 0.000000 0.000000 0 0.000000 0.000000 0 0.000000 0.000000 0 0.000000 0.000000 0 0.000000 0.000000 0 0.000000 0.000000 0 0.000000 0.000000 0 0.000000 0.000000 0 0.000000 0.000000 0 0.000000 0.000000 0 0.000000 0.000000 0 0.000000 0.000000 0
0 0.897195 0.485687 0.037672 0.139833 0.893750 0.429167 1 0.895312 0.427083 1 0.892188 0.425000 1 0.900000 0.427083 1 0.000000 0.000000 0 0.904687 0.443750 1 0.884375 0.441667 1 0.904687 0.468750 1 0.881250 0.466667 1 0.904687 0.487500 1 0.881250 0.485417 1 0.901563 0.483333 1 0.884375 0.483333 1 0.898438 0.518750 1 0.887500 0.514583 1 0.898438 0.543750 1 0.889062 0.539583 1
0 0.101898 0.410562 0.057453 0.140542 0.000000 0.000000 0 0.000000 0.000000 0 0.000000 0.000000 0 0.000000 0.000000 0 0.000000 0.000000 0 0.103125 0.354167 1 0.123438 0.360417 1 0.000000 0.000000 0 0.120313 0.379167 1 0.000000 0.000000 0 0.117188 0.393750 1 0.092188 0.387500 1 0.107813 0.393750 1 0.087500 0.429167 1 0.110937 0.431250 1 0.087500 0.458333 1 0.109375 0.462500 1
0 0.018570 0.305427 0.033609 0.150937 0.000000 0.000000 0 0.000000 0.000000 0 0.000000 0.000000 0 0.000000 0.000000 0 0.000000 0.000000 0 0.000000 0.000000 0 0.015625 0.256250 1 0.000000 0.000000 0 0.028125 0.275000 1 0.000000 0.000000 0 0.000000 0.000000 0 0.003125 0.293750 1 0.014063 0.293750 1 0.003125 0.329167 1 0.018750 0.331250 1 0.004687 0.360417 1 0.021875 0.362500 1
0 0.514172 0.950771 0.050063 0.098458 0.000000 0.000000 0 0.000000 0.000000 0 0.000000 0.000000 0 0.000000 0.000000 0 0.000000 0.000000 0 0.000000 0.000000 0 0.000000 0.000000 0 0.000000 0.000000 0 0.000000 0.000000 0 0.000000 0.000000 0 0.000000 0.000000 0 0.000000 0.000000 0 0.000000 0.000000 0 0.000000 0.000000 0 0.000000 0.000000 0 0.000000 0.000000 0 0.000000 0.000000 0
0 0.371836 0.900677 0.050516 0.190437 0.000000 0.000000 0 0.000000 0.000000 0 0.000000 0.000000 0 0.000000 0.000000 0 0.000000 0.000000 0 0.000000 0.000000 0 0.000000 0.000000 0 0.000000 0.000000 0 0.000000 0.000000 0 0.000000 0.000000 0 0.000000 0.000000 0 0.000000 0.000000 0 0.000000 0.000000 0 0.000000 0.000000 0 0.000000 0.000000 0 0.000000 0.000000 0 0.000000 0.000000 0