0 0.372125 0.453686 0.185656 0.475835 0.359375 0.260579 1 0.367188 0.253898 1 0.357812 0.251670 1 0.390625 0.260579 1 0.000000 0.000000 0 0.395313 0.282851 1 0.359375 0.298441 1 0.428125 0.293987 1 0.400000 0.334076 1 0.437500 0.282851 1 0.446875 0.293987 1 0.371875 0.440980 1 0.337500 0.429844 1 0.389062 0.538976 1 0.365625 0.530067 1 0.410938 0.657016 1 0.298438 0.599109 1
0 0.655555 0.535869 0.223266 0.314811 0.643750 0.427617 1 0.650000 0.416481 1 0.000000 0.000000 0 0.670312 0.423163 1 0.000000 0.000000 0 0.676562 0.472160 1 0.000000 0.000000 0 0.639062 0.543430 1 0.000000 0.000000 0 0.595313 0.550111 1 0.000000 0.000000 0 0.740625 0.576837 1 0.718750 0.570156 1 0.664062 0.590200 1 0.671875 0.545657 1 0.720313 0.670379 1 0.715625 0.657016 1
0 0.754070 0.351002 0.069266 0.094209 0.750000 0.336303 1 0.754687 0.327394 1 0.746875 0.327394 1 0.000000 0.000000 0 0.000000 0.000000 0 0.781250 0.371938 1 0.732812 0.369710 1 0.000000 0.000000 0 0.000000 0.000000 0 0.000000 0.000000 0 0.000000 0.000000 0 0.000000 0.000000 0 0.000000 0.000000 0 0.000000 0.000000 0 0.000000 0.000000 0 0.000000 0.000000 0 0.000000 0.000000 0
0 0.807984 0.470780 0.171844 0.420223 0.771875 0.320713 1 0.776563 0.314031 1 0.000000 0.000000 0 0.800000 0.316258 1 0.000000 0.000000 0 0.823438 0.363029 1 0.785937 0.363029 1 0.806250 0.447661 1 0.000000 0.000000 0 0.762500 0.469933 1 0.795312 0.472160 1 0.857812 0.472160 1 0.825000 0.472160 1 0.832812 0.543430 1 0.781250 0.523385 1 0.876563 0.654788 1 0.796875 0.634744 1
0 0.776703 0.156203 0.106719 0.262383 0.765625 0.066815 1 0.773438 0.057906 1 0.762500 0.057906 1 0.785937 0.062361 1 0.000000 0.000000 0 0.793750 0.086860 1 0.756250 0.086860 1 0.817187 0.140312 1 0.726562 0.131403 1 0.773438 0.151448 1 0.743750 0.146993 1 0.796875 0.198218 1 0.768750 0.195991 1 0.000000 0.000000 0 0.000000 0.000000 0 0.000000 0.000000 0 0.000000 0.000000 0
0 0.563922 0.213597 0.122906 0.358686 0.551562 0.071269 1 0.556250 0.064588 1 0.548438 0.064588 1 0.570312 0.066815 1 0.000000 0.000000 0 0.581250 0.091314 1 0.535937 0.091314 1 0.606250 0.133630 1 0.510938 0.133630 1 0.571875 0.144766 1 0.542188 0.133630 1 0.579688 0.193764 1 0.551562 0.195991 1 0.589063 0.314031 1 0.556250 0.316258 1 0.000000 0.000000 0 0.609375 0.378619 1
0 0.420859 0.201414 0.094281 0.395033 0.406250 0.042316 1 0.410938 0.037862 1 0.403125 0.035635 1 0.428125 0.037862 1 0.000000 0.000000 0 0.434375 0.071269 1 0.396875 0.071269 1 0.451562 0.129176 1 0.378125 0.126949 1 0.414062 0.140312 1 0.385937 0.138085 1 0.432812 0.193764 1 0.407813 0.193764 1 0.446875 0.296214 1 0.406250 0.293987 1 0.000000 0.000000 0 0.000000 0.000000 0
0 0.320625 0.205913 0.115563 0.352004 0.345313 0.066815 1 0.348438 0.060134 1 0.337500 0.060134 1 0.000000 0.000000 0 0.326562 0.064588 1 0.351562 0.095768 1 0.310937 0.086860 1 0.346875 0.144766 1 0.279687 0.131403 1 0.340625 0.091314 1 0.315625 0.131403 1 0.342187 0.207127 1 0.310937 0.207127 1 0.348438 0.302895 1 0.278125 0.269488 1 0.000000 0.000000 0 0.309375 0.347439 1
0 0.193914 0.222472 0.129266 0.386503 0.171875 0.075724 1 0.176563 0.066815 1 0.168750 0.069042 1 0.189062 0.066815 1 0.000000 0.000000 0 0.201563 0.091314 1 0.157812 0.091314 1 0.239063 0.124722 1 0.142187 0.122494 1 0.196875 0.131403 1 0.160938 0.126949 1 0.218750 0.187082 1 0.190625 0.189310 1 0.225000 0.300668 1 0.206250 0.291759 1 0.198437 0.358575 1 0.217188 0.367483 1
0 0.091680 0.178241 0.093016 0.350245 0.079687 0.044543 1 0.087500 0.035635 1 0.075000 0.035635 1 0.101562 0.040089 1 0.000000 0.000000 0 0.103125 0.071269 1 0.070312 0.071269 1 0.125000 0.118040 1 0.045312 0.115813 1 0.092188 0.122494 1 0.060937 0.118040 1 0.109375 0.173719 1 0.085938 0.175947 1 0.115625 0.273942 1 0.081250 0.271715 1 0.121875 0.351893 1 0.090625 0.347439 1
0 0.807430 0.058563 0.041078 0.065323 0.000000 0.000000 0 0.000000 0.000000 0 0.000000 0.000000 0 0.000000 0.000000 0 0.000000 0.000000 0 0.000000 0.000000 0 0.000000 0.000000 0 0.000000 0.000000 0 0.000000 0.000000 0 0.000000 0.000000 0 0.000000 0.000000 0 0.000000 0.000000 0 0.000000 0.000000 0 0.000000 0.000000 0 0.000000 0.000000 0 0.000000 0.000000 0 0.000000 0.000000 0
0 0.700477 0.047784 0.078891 0.053296 0.000000 0.000000 0 0.000000 0.000000 0 0.000000 0.000000 0 0.000000 0.000000 0 0.000000 0.000000 0 0.000000 0.000000 0 0.000000 0.000000 0 0.000000 0.000000 0 0.000000 0.000000 0 0.000000 0.000000 0 0.000000 0.000000 0 0.000000 0.000000 0 0.000000 0.000000 0 0.000000 0.000000 0 0.000000 0.000000 0 0.000000 0.000000 0 0.000000 0.000000 0
0 0.929477 0.216069 0.104297 0.388263 0.000000 0.000000 0 0.928125 0.053452 1 0.918750 0.053452 1 0.943750 0.057906 1 0.000000 0.000000 0 0.948438 0.093541 1 0.910937 0.095768 1 0.967187 0.126949 1 0.873437 0.129176 1 0.921875 0.151448 1 0.889062 0.142539 1 0.951562 0.224944 1 0.920312 0.227171 1 0.956250 0.318486 1 0.909375 0.311804 1 0.957812 0.391982 1 0.906250 0.391982 1