0 0.345437 0.503185 0.042406 0.224965 0.342187 0.423888 1 0.345313 0.414520 1 0.339062 0.412178 1 0.351562 0.416862 1 0.334375 0.414520 1 0.353125 0.444965 1 0.331250 0.449649 1 0.357812 0.484778 1 0.000000 0.000000 0 0.332813 0.491803 1 0.000000 0.000000 0 0.348438 0.517564 1 0.331250 0.515222 1 0.340625 0.580796 1 0.335938 0.578454 1 0.000000 0.000000 0 0.000000 0.000000 0
0 0.585359 0.521136 0.421719 0.710890 0.629687 0.372365 1 0.000000 0.000000 0 0.617188 0.344262 1 0.000000 0.000000 0 0.571875 0.332553 1 0.557813 0.381733 1 0.498437 0.426230 1 0.664062 0.283372 1 0.585938 0.597190 1 0.740625 0.234192 1 0.687500 0.714286 1 0.492188 0.597190 1 0.418750 0.587822 1 0.618750 0.540984 1 0.451562 0.653396 1 0.614062 0.784543 1 0.401562 0.775176 1
0 0.307234 0.502459 0.047781 0.234567 0.317188 0.435597 1 0.320312 0.430913 1 0.314063 0.430913 1 0.000000 0.000000 0 0.309375 0.435597 1 0.328125 0.459016 1 0.306250 0.456674 1 0.328125 0.494145 1 0.296875 0.494145 1 0.314063 0.468384 1 0.303125 0.470726 1 0.317188 0.538642 1 0.303125 0.536300 1 0.320312 0.594848 1 0.292187 0.597190 1 0.000000 0.000000 0 0.000000 0.000000 0
0 0.102055 0.449766 0.037953 0.287681 0.101562 0.334895 1 0.104688 0.323185 1 0.100000 0.323185 1 0.000000 0.000000 0 0.095312 0.325527 1 0.109375 0.358314 1 0.092188 0.360656 1 0.110937 0.391101 1 0.000000 0.000000 0 0.106250 0.426230 1 0.000000 0.000000 0 0.101562 0.435597 1 0.089063 0.433255 1 0.103125 0.510539 1 0.092188 0.505855 1 0.101562 0.564403 1 0.093750 0.557377 1
0 0.686547 0.480749 0.067406 0.375082 0.000000 0.000000 0 0.000000 0.000000 0 0.000000 0.000000 0 0.000000 0.000000 0 0.000000 0.000000 0 0.689063 0.353630 1 0.000000 0.000000 0 0.712500 0.440281 1 0.000000 0.000000 0 0.693750 0.512881 1 0.000000 0.000000 0 0.681250 0.484778 1 0.000000 0.000000 0 0.684375 0.592506 1 0.700000 0.604215 1 0.000000 0.000000 0 0.000000 0.000000 0
0 0.977141 0.559508 0.045719 0.311663 0.000000 0.000000 0 0.000000 0.000000 0 0.000000 0.000000 0 0.981250 0.437939 1 0.000000 0.000000 0 0.971875 0.468384 1 0.000000 0.000000 0 0.964063 0.526932 1 0.000000 0.000000 0 0.950000 0.557377 1 0.000000 0.000000 0 0.979688 0.576112 1 0.000000 0.000000 0 0.967187 0.660422 1 0.992188 0.662763 1 0.970313 0.737705 1 0.989062 0.742389 1
0 0.771055 0.500562 0.096359 0.277049 0.778125 0.395785 1 0.784375 0.388759 1 0.776563 0.386417 1 0.796875 0.398126 1 0.000000 0.000000 0 0.812500 0.430913 1 0.764062 0.430913 1 0.815625 0.482436 1 0.000000 0.000000 0 0.773438 0.473068 1 0.762500 0.470726 1 0.789062 0.548009 1 0.779687 0.548009 1 0.000000 0.000000 0 0.000000 0.000000 0 0.000000 0.000000 0 0.000000 0.000000 0
0 0.149625 0.481358 0.050156 0.207916 0.000000 0.000000 0 0.000000 0.000000 0 0.000000 0.000000 0 0.000000 0.000000 0 0.000000 0.000000 0 0.000000 0.000000 0 0.000000 0.000000 0 0.000000 0.000000 0 0.000000 0.000000 0 0.000000 0.000000 0 0.000000 0.000000 0 0.000000 0.000000 0 0.000000 0.000000 0 0.000000 0.000000 0 0.000000 0.000000 0 0.000000 0.000000 0 0.000000 0.000000 0
0 0.422422 0.417717 0.051375 0.121007 0.000000 0.000000 0 0.000000 0.000000 0 0.000000 0.000000 0 0.000000 0.000000 0 0.000000 0.000000 0 0.000000 0.000000 0 0.000000 0.000000 0 0.000000 0.000000 0 0.000000 0.000000 0 0.000000 0.000000 0 0.000000 0.000000 0 0.000000 0.000000 0 0.000000 0.000000 0 0.000000 0.000000 0 0.000000 0.000000 0 0.000000 0.000000 0 0.000000 0.000000 0
0 0.737023 0.474368 0.039516 0.198197 0.726562 0.409836 1 0.731250 0.402810 1 0.721875 0.400468 1 0.737500 0.409836 1 0.000000 0.000000 0 0.737500 0.451991 1 0.000000 0.000000 0 0.735938 0.477752 1 0.000000 0.000000 0 0.720313 0.484778 1 0.000000 0.000000 0 0.721875 0.524590 1 0.000000 0.000000 0 0.000000 0.000000 0 0.000000 0.000000 0 0.000000 0.000000 0 0.000000 0.000000 0
0 0.908531 0.558595 0.056656 0.277283 0.917188 0.461358 1 0.921875 0.451991 1 0.914062 0.451991 1 0.000000 0.000000 0 0.907813 0.456674 1 0.925000 0.480094 1 0.895312 0.477752 1 0.928125 0.522248 1 0.887500 0.515222 1 0.929688 0.475410 1 0.912500 0.475410 1 0.917188 0.569087 1 0.898438 0.569087 1 0.915625 0.632319 1 0.896875 0.629977 1 0.914062 0.683841 1 0.898438 0.683841 1
0 0.320852 0.395199 0.045328 0.109930 0.000000 0.000000 0 0.000000 0.000000 0 0.000000 0.000000 0 0.000000 0.000000 0 0.000000 0.000000 0 0.000000 0.000000 0 0.000000 0.000000 0 0.000000 0.000000 0 0.000000 0.000000 0 0.000000 0.000000 0 0.000000 0.000000 0 0.000000 0.000000 0 0.000000 0.000000 0 0.000000 0.000000 0 0.000000 0.000000 0 0.000000 0.000000 0 0.000000 0.000000 0
0 0.848281 0.549532 0.064031 0.276956 0.000000 0.000000 0 0.000000 0.000000 0 0.000000 0.000000 0 0.000000 0.000000 0 0.000000 0.000000 0 0.000000 0.000000 0 0.000000 0.000000 0 0.000000 0.000000 0 0.000000 0.000000 0 0.000000 0.000000 0 0.000000 0.000000 0 0.000000 0.000000 0 0.000000 0.000000 0 0.000000 0.000000 0 0.000000 0.000000 0 0.000000 0.000000 0 0.000000 0.000000 0