0 0.218406 0.519052 0.424844 0.939461 0.242188 0.269321 1 0.250000 0.229508 1 0.204687 0.222482 1 0.000000 0.000000 0 0.131250 0.203747 1 0.240625 0.435597 1 0.084375 0.451991 1 0.242188 0.686183 1 0.125000 0.730679 1 0.353125 0.742389 1 0.312500 0.768150 1 0.000000 0.000000 0 0.000000 0.000000 0 0.000000 0.000000 0 0.000000 0.000000 0 0.000000 0.000000 0 0.000000 0.000000 0
0 0.865477 0.316464 0.032453 0.072131 0.000000 0.000000 0 0.000000 0.000000 0 0.000000 0.000000 0 0.000000 0.000000 0 0.000000 0.000000 0 0.000000 0.000000 0 0.000000 0.000000 0 0.000000 0.000000 0 0.000000 0.000000 0 0.000000 0.000000 0 0.000000 0.000000 0 0.000000 0.000000 0 0.000000 0.000000 0 0.000000 0.000000 0 0.000000 0.000000 0 0.000000 0.000000 0 0.000000 0.000000 0
0 0.705508 0.598536 0.205859 0.730843 0.743750 0.402810 1 0.754687 0.372365 1 0.726562 0.379391 1 0.000000 0.000000 0 0.679688 0.393443 1 0.770312 0.515222 1 0.645312 0.529274 1 0.787500 0.653396 1 0.618750 0.721311 1 0.839063 0.754098 1 0.717187 0.735363 1 0.773438 0.854801 1 0.695312 0.875878 1 0.000000 0.000000 0 0.000000 0.000000 0 0.000000 0.000000 0 0.000000 0.000000 0
0 0.931047 0.624028 0.137906 0.719110 0.937500 0.412178 1 0.954688 0.386417 1 0.925000 0.386417 1 0.993750 0.391101 1 0.000000 0.000000 0 0.000000 0.000000 0 0.882812 0.503513 1 0.000000 0.000000 0 0.901563 0.679157 1 0.943750 0.718970 1 0.928125 0.505855 1 0.992188 0.740047 1 0.925000 0.742389 1 0.000000 0.000000 0 0.000000 0.000000 0 0.000000 0.000000 0 0.000000 0.000000 0
0 0.822930 0.463735 0.077234 0.341429 0.000000 0.000000 0 0.000000 0.000000 0 0.000000 0.000000 0 0.000000 0.000000 0 0.000000 0.000000 0 0.796875 0.362998 1 0.826562 0.365340 1 0.000000 0.000000 0 0.809375 0.393443 1 0.000000 0.000000 0 0.837500 0.428571 1 0.796875 0.451991 1 0.821875 0.447307 1 0.000000 0.000000 0 0.831250 0.531616 1 0.000000 0.000000 0 0.840625 0.615925 1
0 0.400703 0.373443 0.041844 0.189227 0.000000 0.000000 0 0.000000 0.000000 0 0.000000 0.000000 0 0.400000 0.302108 1 0.000000 0.000000 0 0.414062 0.313817 1 0.400000 0.318501 1 0.409375 0.334895 1 0.396875 0.339578 1 0.400000 0.313817 1 0.390625 0.351288 1 0.410938 0.367681 1 0.400000 0.367681 1 0.414062 0.419204 1 0.393750 0.416862 1 0.414062 0.451991 1 0.395313 0.447307 1
0 0.489516 0.511230 0.142438 0.433700 0.539062 0.421546 1 0.550000 0.402810 1 0.526563 0.405152 1 0.000000 0.000000 0 0.489063 0.412178 1 0.550000 0.522248 1 0.443750 0.555035 1 0.000000 0.000000 0 0.434375 0.695550 1 0.000000 0.000000 0 0.000000 0.000000 0 0.000000 0.000000 0 0.000000 0.000000 0 0.000000 0.000000 0 0.000000 0.000000 0 0.000000 0.000000 0 0.000000 0.000000 0
0 0.438898 0.362763 0.027141 0.164122 0.000000 0.000000 0 0.000000 0.000000 0 0.000000 0.000000 0 0.000000 0.000000 0 0.000000 0.000000 0 0.000000 0.000000 0 0.000000 0.000000 0 0.000000 0.000000 0 0.000000 0.000000 0 0.000000 0.000000 0 0.000000 0.000000 0 0.000000 0.000000 0 0.000000 0.000000 0 0.000000 0.000000 0 0.000000 0.000000 0 0.000000 0.000000 0 0.000000 0.000000 0
0 0.526273 0.691183 0.215078 0.617635 0.543750 0.517564 1 0.556250 0.487119 1 0.520312 0.505855 1 0.000000 0.000000 0 0.493750 0.526932 1 0.610938 0.634660 1 0.457813 0.653396 1 0.000000 0.000000 0 0.432812 0.857143 1 0.640625 0.819672 1 0.467187 0.889930 1 0.567187 0.929742 1 0.493750 0.927400 1 0.000000 0.000000 0 0.000000 0.000000 0 0.000000 0.000000 0 0.000000 0.000000 0
0 0.331469 0.322494 0.042625 0.132951 0.000000 0.000000 0 0.000000 0.000000 0 0.000000 0.000000 0 0.000000 0.000000 0 0.000000 0.000000 0 0.000000 0.000000 0 0.000000 0.000000 0 0.000000 0.000000 0 0.000000 0.000000 0 0.000000 0.000000 0 0.000000 0.000000 0 0.000000 0.000000 0 0.000000 0.000000 0 0.000000 0.000000 0 0.000000 0.000000 0 0.000000 0.000000 0 0.000000 0.000000 0
0 0.866516 0.475422 0.057719 0.313607 0.862500 0.377049 1 0.868750 0.362998 1 0.859375 0.365340 1 0.881250 0.365340 1 0.000000 0.000000 0 0.884375 0.395785 1 0.850000 0.393443 1 0.887500 0.435597 1 0.839063 0.426230 1 0.862500 0.482436 1 0.000000 0.000000 0 0.882812 0.494145 1 0.857812 0.496487 1 0.879687 0.573770 1 0.857812 0.576112 1 0.000000 0.000000 0 0.000000 0.000000 0
0 0.076406 0.337822 0.034719 0.104684 0.000000 0.000000 0 0.000000 0.000000 0 0.000000 0.000000 0 0.000000 0.000000 0 0.000000 0.000000 0 0.000000 0.000000 0 0.000000 0.000000 0 0.000000 0.000000 0 0.000000 0.000000 0 0.000000 0.000000 0 0.000000 0.000000 0 0.000000 0.000000 0 0.000000 0.000000 0 0.000000 0.000000 0 0.000000 0.000000 0 0.000000 0.000000 0 0.000000 0.000000 0
0 0.058914 0.303899 0.017328 0.041569 0.000000 0.000000 0 0.000000 0.000000 0 0.000000 0.000000 0 0.000000 0.000000 0 0.000000 0.000000 0 0.000000 0.000000 0 0.000000 0.000000 0 0.000000 0.000000 0 0.000000 0.000000 0 0.000000 0.000000 0 0.000000 0.000000 0 0.000000 0.000000 0 0.000000 0.000000 0 0.000000 0.000000 0 0.000000 0.000000 0 0.000000 0.000000 0 0.000000 0.000000 0