0 0.909519 0.746016 0.180962 0.353688 0.953052 0.600000 1 0.962441 0.598437 1 0.000000 0.000000 0 0.990610 0.606250 1 0.000000 0.000000 0 0.000000 0.000000 0 0.948357 0.632812 1 0.000000 0.000000 0 0.931925 0.696875 1 0.000000 0.000000 0 0.910798 0.735938 1 0.000000 0.000000 0 0.934272 0.748437 1 0.000000 0.000000 0 0.892019 0.818750 1 0.000000 0.000000 0 0.849765 0.890625 1
0 0.613263 0.452969 0.129202 0.266875 0.652582 0.353125 1 0.664319 0.350000 1 0.647887 0.348438 1 0.000000 0.000000 0 0.640845 0.343750 1 0.661972 0.373437 1 0.607981 0.367188 1 0.000000 0.000000 0 0.579812 0.398438 1 0.000000 0.000000 0 0.622066 0.414062 1 0.631455 0.462500 1 0.575117 0.456250 1 0.617371 0.509375 1 0.575117 0.507812 1 0.615023 0.562500 1 0.570423 0.556250 1
0 0.713944 0.451758 0.121972 0.278766 0.690141 0.339062 1 0.694836 0.334375 1 0.683099 0.334375 1 0.718310 0.337500 1 0.000000 0.000000 0 0.734742 0.359375 1 0.666667 0.364063 1 0.774648 0.385937 1 0.000000 0.000000 0 0.000000 0.000000 0 0.000000 0.000000 0 0.718310 0.446875 1 0.673709 0.446875 1 0.715962 0.507812 1 0.673709 0.503125 1 0.715962 0.565625 1 0.678404 0.570312 1
0 0.794930 0.442211 0.111690 0.294422 0.765258 0.331250 1 0.769953 0.321875 1 0.000000 0.000000 0 0.798122 0.326562 1 0.000000 0.000000 0 0.823944 0.353125 1 0.791080 0.360938 1 0.784038 0.385937 1 0.786385 0.406250 1 0.772300 0.354687 1 0.765258 0.439063 1 0.800469 0.454688 1 0.772300 0.459375 1 0.807512 0.517188 1 0.776995 0.514062 1 0.802817 0.562500 1 0.776995 0.560937 1
0 0.919977 0.452805 0.124930 0.307859 0.000000 0.000000 0 0.000000 0.000000 0 0.000000 0.000000 0 0.920188 0.323437 1 0.960094 0.323437 1 0.938967 0.350000 1 0.960094 0.351562 1 0.946009 0.403125 1 0.000000 0.000000 0 0.924883 0.446875 1 0.899061 0.445312 1 0.938967 0.451562 1 0.906103 0.450000 1 0.946009 0.520312 1 0.917840 0.523438 1 0.950704 0.576562 1 0.917840 0.578125 1
0 0.105775 0.712383 0.106995 0.186422 0.122066 0.639062 1 0.124413 0.635938 1 0.115023 0.635938 1 0.000000 0.000000 0 0.093897 0.642188 1 0.136150 0.668750 1 0.068075 0.673438 1 0.154930 0.700000 1 0.065728 0.704688 1 0.129108 0.703125 1 0.096244 0.704688 1 0.115023 0.739062 1 0.077465 0.739062 1 0.000000 0.000000 0 0.000000 0.000000 0 0.000000 0.000000 0 0.000000 0.000000 0
0 0.032570 0.609641 0.060962 0.104875 0.000000 0.000000 0 0.000000 0.000000 0 0.000000 0.000000 0 0.000000 0.000000 0 0.000000 0.000000 0 0.000000 0.000000 0 0.000000 0.000000 0 0.000000 0.000000 0 0.000000 0.000000 0 0.000000 0.000000 0 0.000000 0.000000 0 0.000000 0.000000 0 0.000000 0.000000 0 0.000000 0.000000 0 0.000000 0.000000 0 0.000000 0.000000 0 0.000000 0.000000 0
0 0.029437 0.680648 0.058169 0.257953 0.014085 0.567187 1 0.000000 0.000000 0 0.004695 0.564063 1 0.000000 0.000000 0 0.000000 0.000000 0 0.023474 0.614062 1 0.000000 0.000000 0 0.039906 0.660937 1 0.000000 0.000000 0 0.042254 0.693750 1 0.000000 0.000000 0 0.000000 0.000000 0 0.000000 0.000000 0 0.000000 0.000000 0 0.000000 0.000000 0 0.000000 0.000000 0 0.000000 0.000000 0
0 0.448404 0.479945 0.236150 0.245859 0.471831 0.401562 1 0.000000 0.000000 0 0.000000 0.000000 0 0.000000 0.000000 0 0.450704 0.389062 1 0.401408 0.393750 1 0.450704 0.414062 1 0.455399 0.414062 1 0.488263 0.470313 1 0.497653 0.390625 1 0.544601 0.501563 1 0.349765 0.484375 1 0.399061 0.479687 1 0.436620 0.495312 1 0.469484 0.456250 1 0.431925 0.570312 1 0.481221 0.535937 1
0 0.262242 0.610281 0.057113 0.058500 0.000000 0.000000 0 0.000000 0.000000 0 0.000000 0.000000 0 0.000000 0.000000 0 0.000000 0.000000 0 0.000000 0.000000 0 0.000000 0.000000 0 0.000000 0.000000 0 0.000000 0.000000 0 0.000000 0.000000 0 0.000000 0.000000 0 0.000000 0.000000 0 0.000000 0.000000 0 0.000000 0.000000 0 0.000000 0.000000 0 0.000000 0.000000 0 0.000000 0.000000 0
0 0.316843 0.617383 0.053263 0.058016 0.000000 0.000000 0 0.000000 0.000000 0 0.000000 0.000000 0 0.000000 0.000000 0 0.000000 0.000000 0 0.000000 0.000000 0 0.000000 0.000000 0 0.000000 0.000000 0 0.000000 0.000000 0 0.000000 0.000000 0 0.000000 0.000000 0 0.000000 0.000000 0 0.000000 0.000000 0 0.000000 0.000000 0 0.000000 0.000000 0 0.000000 0.000000 0 0.000000 0.000000 0
0 0.111362 0.611789 0.105493 0.113203 0.119718 0.575000 1 0.124413 0.571875 1 0.112676 0.571875 1 0.000000 0.000000 0 0.098592 0.575000 1 0.140845 0.600000 1 0.084507 0.601562 1 0.143192 0.637500 1 0.077465 0.628125 1 0.091549 0.654687 1 0.072770 0.650000 1 0.131455 0.660937 1 0.089202 0.659375 1 0.000000 0.000000 0 0.000000 0.000000 0 0.000000 0.000000 0 0.000000 0.000000 0
0 0.829038 0.694156 0.055869 0.047938 0.000000 0.000000 0 0.000000 0.000000 0 0.000000 0.000000 0 0.000000 0.000000 0 0.000000 0.000000 0 0.000000 0.000000 0 0.000000 0.000000 0 0.000000 0.000000 0 0.000000 0.000000 0 0.000000 0.000000 0 0.000000 0.000000 0 0.000000 0.000000 0 0.000000 0.000000 0 0.000000 0.000000 0 0.000000 0.000000 0 0.000000 0.000000 0 0.000000 0.000000 0