0 0.438892 0.603720 0.494251 0.578720 0.541916 0.458000 1 0.000000 0.000000 0 0.523952 0.452000 1 0.000000 0.000000 0 0.497006 0.450000 1 0.500000 0.550000 1 0.467066 0.462000 1 0.547904 0.592000 1 0.485030 0.400000 1 0.631737 0.558000 1 0.544910 0.348000 1 0.359281 0.600000 1 0.314371 0.572000 1 0.377246 0.732000 1 0.248503 0.684000 1 0.293413 0.842000 1 0.215569 0.786000 1
0 0.030135 0.114270 0.059910 0.135220 0.000000 0.000000 0 0.000000 0.000000 0 0.000000 0.000000 0 0.000000 0.000000 0 0.000000 0.000000 0 0.000000 0.000000 0 0.000000 0.000000 0 0.000000 0.000000 0 0.000000 0.000000 0 0.000000 0.000000 0 0.000000 0.000000 0 0.000000 0.000000 0 0.000000 0.000000 0 0.000000 0.000000 0 0.000000 0.000000 0 0.000000 0.000000 0 0.000000 0.000000 0
0 0.057844 0.060980 0.103413 0.121960 0.053892 0.006000 1 0.056886 0.002000 1 0.044910 0.002000 1 0.065868 0.004000 1 0.035928 0.008000 1 0.080838 0.030000 1 0.023952 0.028000 1 0.089820 0.050000 1 0.023952 0.052000 1 0.074850 0.026000 1 0.065868 0.056000 1 0.071856 0.074000 1 0.032934 0.076000 1 0.086826 0.056000 1 0.050898 0.060000 1 0.092814 0.108000 1 0.065868 0.110000 1
0 0.758817 0.295660 0.115539 0.082720 0.763473 0.274000 1 0.766467 0.270000 1 0.751497 0.270000 1 0.000000 0.000000 0 0.730539 0.274000 1 0.781437 0.296000 1 0.721557 0.296000 1 0.805389 0.328000 1 0.718563 0.328000 1 0.000000 0.000000 0 0.000000 0.000000 0 0.000000 0.000000 0 0.000000 0.000000 0 0.000000 0.000000 0 0.000000 0.000000 0 0.000000 0.000000 0 0.000000 0.000000 0
0 0.282635 0.115270 0.095269 0.141420 0.302395 0.064000 1 0.000000 0.000000 0 0.293413 0.062000 1 0.000000 0.000000 0 0.281437 0.066000 1 0.314371 0.094000 1 0.257485 0.092000 1 0.308383 0.118000 1 0.236527 0.122000 1 0.000000 0.000000 0 0.251497 0.122000 1 0.305389 0.146000 1 0.257485 0.144000 1 0.317365 0.154000 1 0.296407 0.122000 1 0.000000 0.000000 0 0.293413 0.172000 1
0 0.380344 0.128190 0.107814 0.165980 0.353293 0.068000 1 0.359281 0.062000 1 0.350299 0.062000 1 0.380240 0.066000 1 0.000000 0.000000 0 0.416168 0.086000 1 0.344311 0.092000 1 0.419162 0.100000 1 0.344311 0.130000 1 0.407186 0.170000 1 0.353293 0.202000 1 0.000000 0.000000 0 0.000000 0.000000 0 0.395210 0.112000 1 0.341317 0.154000 1 0.000000 0.000000 0 0.000000 0.000000 0
0 0.482365 0.127620 0.117964 0.162720 0.479042 0.066000 1 0.485030 0.062000 1 0.473054 0.064000 1 0.000000 0.000000 0 0.458084 0.064000 1 0.502994 0.090000 1 0.446108 0.090000 1 0.523952 0.128000 1 0.437126 0.132000 1 0.502994 0.102000 1 0.452096 0.108000 1 0.500000 0.142000 1 0.452096 0.144000 1 0.502994 0.156000 1 0.461078 0.156000 1 0.000000 0.000000 0 0.464072 0.208000 1
0 0.412829 0.034540 0.107874 0.069080 0.000000 0.000000 0 0.000000 0.000000 0 0.000000 0.000000 0 0.000000 0.000000 0 0.000000 0.000000 0 0.000000 0.000000 0 0.000000 0.000000 0 0.000000 0.000000 0 0.000000 0.000000 0 0.000000 0.000000 0 0.000000 0.000000 0 0.000000 0.000000 0 0.000000 0.000000 0 0.000000 0.000000 0 0.000000 0.000000 0 0.000000 0.000000 0 0.000000 0.000000 0
0 0.879701 0.248320 0.164850 0.164040 0.889222 0.198000 1 0.892216 0.192000 1 0.880240 0.192000 1 0.000000 0.000000 0 0.865269 0.192000 1 0.907186 0.218000 1 0.844311 0.224000 1 0.943114 0.242000 1 0.829341 0.264000 1 0.898204 0.272000 1 0.844311 0.272000 1 0.904192 0.278000 1 0.862275 0.284000 1 0.934132 0.248000 1 0.817365 0.282000 1 0.928144 0.314000 1 0.823353 0.350000 1
0 0.914626 0.173160 0.113982 0.134680 0.000000 0.000000 0 0.000000 0.000000 0 0.000000 0.000000 0 0.000000 0.000000 0 0.000000 0.000000 0 0.000000 0.000000 0 0.000000 0.000000 0 0.000000 0.000000 0 0.000000 0.000000 0 0.000000 0.000000 0 0.000000 0.000000 0 0.000000 0.000000 0 0.000000 0.000000 0 0.000000 0.000000 0 0.000000 0.000000 0 0.000000 0.000000 0 0.000000 0.000000 0
0 0.969326 0.063310 0.061347 0.126020 0.000000 0.000000 0 0.000000 0.000000 0 0.000000 0.000000 0 0.000000 0.000000 0 0.000000 0.000000 0 0.000000 0.000000 0 0.000000 0.000000 0 0.000000 0.000000 0 0.000000 0.000000 0 0.000000 0.000000 0 0.000000 0.000000 0 0.000000 0.000000 0 0.000000 0.000000 0 0.000000 0.000000 0 0.000000 0.000000 0 0.000000 0.000000 0 0.000000 0.000000 0
0 0.821108 0.014580 0.083234 0.029160 0.000000 0.000000 0 0.000000 0.000000 0 0.000000 0.000000 0 0.000000 0.000000 0 0.000000 0.000000 0 0.000000 0.000000 0 0.000000 0.000000 0 0.000000 0.000000 0 0.000000 0.000000 0 0.000000 0.000000 0 0.000000 0.000000 0 0.000000 0.000000 0 0.000000 0.000000 0 0.000000 0.000000 0 0.000000 0.000000 0 0.000000 0.000000 0 0.000000 0.000000 0
0 0.800883 0.182890 0.110569 0.129780 0.811377 0.140000 1 0.817365 0.134000 1 0.805389 0.134000 1 0.000000 0.000000 0 0.790419 0.138000 1 0.847305 0.158000 1 0.772455 0.160000 1 0.847305 0.192000 1 0.760479 0.188000 1 0.808383 0.196000 1 0.790419 0.196000 1 0.826347 0.216000 1 0.772455 0.214000 1 0.808383 0.192000 1 0.778443 0.192000 1 0.811377 0.238000 1 0.778443 0.240000 1