0 0.154930 0.592137 0.158260 0.788790 0.000000 0.000000 0 0.000000 0.000000 0 0.000000 0.000000 0 0.000000 0.000000 0 0.000000 0.000000 0 0.158000 0.399194 1 0.200000 0.379032 1 0.144000 0.616935 1 0.000000 0.000000 0 0.104000 0.487903 1 0.000000 0.000000 0 0.176000 0.717742 1 0.210000 0.701613 1 0.000000 0.000000 0 0.160000 0.979839 1 0.000000 0.000000 0 0.000000 0.000000 0
0 0.412770 0.566452 0.161980 0.840081 0.364000 0.342742 1 0.360000 0.310484 1 0.000000 0.000000 0 0.384000 0.302419 1 0.000000 0.000000 0 0.394000 0.447581 1 0.470000 0.419355 1 0.392000 0.677419 1 0.000000 0.000000 0 0.350000 0.786290 1 0.000000 0.000000 0 0.384000 0.879032 1 0.450000 0.830645 1 0.000000 0.000000 0 0.000000 0.000000 0 0.000000 0.000000 0 0.000000 0.000000 0
0 0.832970 0.548871 0.233540 0.902258 0.000000 0.000000 0 0.830000 0.233871 1 0.000000 0.000000 0 0.852000 0.221774 1 0.000000 0.000000 0 0.866000 0.375000 1 0.932000 0.362903 1 0.860000 0.604839 1 0.000000 0.000000 0 0.772000 0.544355 1 0.000000 0.000000 0 0.864000 0.798387 1 0.924000 0.758065 1 0.000000 0.000000 0 0.000000 0.000000 0 0.000000 0.000000 0 0.000000 0.000000 0
0 0.616050 0.454738 0.077380 0.714718 0.594000 0.189516 1 0.594000 0.169355 1 0.000000 0.000000 0 0.610000 0.157258 1 0.000000 0.000000 0 0.630000 0.225806 1 0.610000 0.225806 1 0.626000 0.330645 1 0.000000 0.000000 0 0.602000 0.423387 1 0.594000 0.302419 1 0.614000 0.423387 1 0.592000 0.423387 1 0.620000 0.608871 1 0.612000 0.612903 1 0.624000 0.754032 1 0.614000 0.733871 1
0 0.508800 0.419234 0.103560 0.600887 0.466000 0.205645 1 0.470000 0.189516 1 0.000000 0.000000 0 0.486000 0.169355 1 0.000000 0.000000 0 0.506000 0.225806 1 0.514000 0.225806 1 0.000000 0.000000 0 0.000000 0.000000 0 0.000000 0.000000 0 0.000000 0.000000 0 0.500000 0.423387 1 0.510000 0.423387 1 0.492000 0.548387 1 0.512000 0.560484 1 0.494000 0.681452 1 0.512000 0.689516 1
0 0.572420 0.397923 0.057360 0.471492 0.000000 0.000000 0 0.000000 0.000000 0 0.000000 0.000000 0 0.000000 0.000000 0 0.000000 0.000000 0 0.556000 0.266129 1 0.598000 0.258065 1 0.000000 0.000000 0 0.000000 0.000000 0 0.000000 0.000000 0 0.000000 0.000000 0 0.564000 0.383065 1 0.586000 0.383065 1 0.564000 0.491935 1 0.572000 0.491935 1 0.570000 0.596774 1 0.582000 0.600806 1
0 0.796120 0.331290 0.049040 0.338065 0.000000 0.000000 0 0.776000 0.205645 1 0.000000 0.000000 0 0.786000 0.197581 1 0.000000 0.000000 0 0.786000 0.266129 1 0.806000 0.245968 1 0.000000 0.000000 0 0.000000 0.000000 0 0.000000 0.000000 0 0.000000 0.000000 0 0.000000 0.000000 0 0.000000 0.000000 0 0.000000 0.000000 0 0.000000 0.000000 0 0.000000 0.000000 0 0.000000 0.000000 0
0 0.759290 0.286855 0.055380 0.278548 0.000000 0.000000 0 0.000000 0.000000 0 0.000000 0.000000 0 0.000000 0.000000 0 0.000000 0.000000 0 0.000000 0.000000 0 0.000000 0.000000 0 0.000000 0.000000 0 0.000000 0.000000 0 0.000000 0.000000 0 0.000000 0.000000 0 0.000000 0.000000 0 0.000000 0.000000 0 0.000000 0.000000 0 0.000000 0.000000 0 0.000000 0.000000 0 0.000000 0.000000 0
0 0.494530 0.469879 0.062780 0.591613 0.000000 0.000000 0 0.000000 0.000000 0 0.000000 0.000000 0 0.000000 0.000000 0 0.000000 0.000000 0 0.470000 0.314516 1 0.502000 0.286290 1 0.000000 0.000000 0 0.522000 0.338710 1 0.000000 0.000000 0 0.000000 0.000000 0 0.478000 0.475806 1 0.502000 0.447581 1 0.000000 0.000000 0 0.500000 0.620968 1 0.000000 0.000000 0 0.504000 0.729839 1
0 0.967000 0.372984 0.066000 0.560484 0.000000 0.000000 0 0.000000 0.000000 0 0.000000 0.000000 0 0.000000 0.000000 0 0.982000 0.141129 1 0.000000 0.000000 0 0.962000 0.205645 1 0.000000 0.000000 0 0.940000 0.278226 1 0.000000 0.000000 0 0.944000 0.326613 1 0.988000 0.350806 1 0.962000 0.346774 1 0.994000 0.487903 1 0.958000 0.487903 1 0.990000 0.592742 1 0.950000 0.596774 1
0 0.726590 0.591391 0.142060 0.817218 0.692000 0.318548 1 0.692000 0.310484 1 0.000000 0.000000 0 0.712000 0.290323 1 0.000000 0.000000 0 0.736000 0.415323 1 0.752000 0.387097 1 0.726000 0.596774 1 0.000000 0.000000 0 0.708000 0.750000 1 0.702000 0.520161 1 0.742000 0.721774 1 0.762000 0.721774 1 0.758000 0.963710 1 0.776000 0.951613 1 0.000000 0.000000 0 0.000000 0.000000 0
0 0.448330 0.274012 0.077300 0.267540 0.000000 0.000000 0 0.000000 0.000000 0 0.000000 0.000000 0 0.436000 0.241935 1 0.000000 0.000000 0 0.440000 0.354839 1 0.464000 0.330645 1 0.000000 0.000000 0 0.000000 0.000000 0 0.000000 0.000000 0 0.000000 0.000000 0 0.000000 0.000000 0 0.000000 0.000000 0 0.000000 0.000000 0 0.000000 0.000000 0 0.000000 0.000000 0 0.000000 0.000000 0