0 0.061758 0.500000 0.123516 0.964056 0.073438 0.223776 1 0.000000 0.000000 0 0.064062 0.188811 1 0.000000 0.000000 0 0.010937 0.149184 1 0.012500 0.270396 1 0.000000 0.000000 0 0.045312 0.482517 1 0.000000 0.545455 1 0.090625 0.578089 1 0.068750 0.650350 1 0.040625 0.692308 1 0.014063 0.699301 1 0.000000 0.000000 0 0.000000 0.000000 0 0.000000 0.000000 0 0.000000 0.000000 0
0 0.141594 0.561795 0.225937 0.862937 0.200000 0.298368 1 0.204687 0.277389 1 0.187500 0.272727 1 0.000000 0.000000 0 0.143750 0.235431 1 0.178125 0.393939 1 0.084375 0.321678 1 0.181250 0.526807 1 0.101562 0.540793 1 0.203125 0.617716 1 0.178125 0.624709 1 0.164062 0.699301 1 0.104688 0.703963 1 0.000000 0.000000 0 0.071875 0.988345 1 0.000000 0.000000 0 0.000000 0.000000 0
0 0.355531 0.639639 0.155500 0.700443 0.409375 0.389277 1 0.412500 0.370629 1 0.400000 0.365967 1 0.000000 0.000000 0 0.354687 0.372960 1 0.392188 0.475524 1 0.318750 0.452214 1 0.000000 0.000000 0 0.298438 0.610723 1 0.000000 0.000000 0 0.346875 0.671329 1 0.384375 0.745921 1 0.329688 0.736597 1 0.400000 0.976690 1 0.000000 0.000000 0 0.000000 0.000000 0 0.000000 0.000000 0
0 0.590484 0.684277 0.126531 0.604499 0.592187 0.489510 1 0.595313 0.473193 1 0.581250 0.473193 1 0.000000 0.000000 0 0.548438 0.466200 1 0.617188 0.564103 1 0.517188 0.564103 1 0.625000 0.680653 1 0.000000 0.000000 0 0.637500 0.762238 1 0.000000 0.000000 0 0.600000 0.755245 1 0.521875 0.757576 1 0.600000 0.941725 1 0.521875 0.925408 1 0.000000 0.000000 0 0.000000 0.000000 0
0 0.677086 0.671911 0.131047 0.615711 0.681250 0.463869 1 0.685937 0.452214 1 0.673438 0.449883 1 0.000000 0.000000 0 0.635938 0.431235 1 0.692187 0.529138 1 0.600000 0.529138 1 0.707812 0.650350 1 0.000000 0.000000 0 0.726562 0.748252 1 0.000000 0.000000 0 0.678125 0.764569 1 0.643750 0.766900 1 0.000000 0.000000 0 0.000000 0.000000 0 0.000000 0.000000 0 0.000000 0.000000 0
0 0.756789 0.706911 0.126828 0.586177 0.745313 0.489510 1 0.753125 0.475524 1 0.734375 0.475524 1 0.000000 0.000000 0 0.709375 0.477855 1 0.787500 0.559441 1 0.681250 0.550117 1 0.800000 0.668998 1 0.682813 0.689977 1 0.804688 0.729604 1 0.726562 0.727273 1 0.773438 0.757576 1 0.710938 0.750583 1 0.775000 0.878788 1 0.717187 0.883450 1 0.000000 0.000000 0 0.000000 0.000000 0
0 0.978258 0.643823 0.043484 0.334825 0.000000 0.000000 0 0.000000 0.000000 0 0.992188 0.517483 1 0.000000 0.000000 0 0.976562 0.512821 1 0.000000 0.000000 0 0.956250 0.599068 1 0.000000 0.000000 0 0.951562 0.675991 1 0.000000 0.000000 0 0.964063 0.736597 1 0.000000 0.000000 0 0.000000 0.000000 0 0.000000 0.000000 0 0.000000 0.000000 0 0.000000 0.000000 0 0.000000 0.000000 0
0 0.890437 0.722855 0.082719 0.554289 0.887500 0.515152 1 0.892188 0.501166 1 0.878125 0.501166 1 0.000000 0.000000 0 0.851562 0.498834 1 0.907813 0.594406 1 0.000000 0.000000 0 0.914062 0.687646 1 0.000000 0.000000 0 0.920312 0.764569 1 0.859375 0.743590 1 0.900000 0.773893 1 0.862500 0.771562 1 0.000000 0.000000 0 0.000000 0.000000 0 0.000000 0.000000 0 0.000000 0.000000 0
0 0.814250 0.700967 0.115031 0.598065 0.837500 0.496503 1 0.846875 0.480186 1 0.829688 0.475524 1 0.000000 0.000000 0 0.806250 0.447552 1 0.851562 0.552448 1 0.762500 0.505828 1 0.860938 0.673660 1 0.000000 0.000000 0 0.850000 0.743590 1 0.000000 0.000000 0 0.828125 0.764569 1 0.767188 0.757576 1 0.834375 0.923077 1 0.764062 0.918415 1 0.000000 0.000000 0 0.000000 0.000000 0
0 0.952539 0.757704 0.085516 0.483660 0.000000 0.000000 0 0.960938 0.594406 1 0.945312 0.589744 1 0.000000 0.000000 0 0.925000 0.571096 1 0.971875 0.671329 1 0.898438 0.650350 1 0.985938 0.773893 1 0.000000 0.000000 0 0.956250 0.790210 1 0.000000 0.000000 0 0.945312 0.981352 1 0.000000 0.000000 0 0.000000 0.000000 0 0.000000 0.000000 0 0.000000 0.000000 0 0.000000 0.000000 0
0 0.264523 0.603601 0.187953 0.792797 0.328125 0.349650 1 0.000000 0.000000 0 0.323437 0.326340 1 0.000000 0.000000 0 0.278125 0.286713 1 0.229687 0.347319 1 0.226562 0.349650 1 0.000000 0.000000 0 0.239063 0.503497 1 0.000000 0.000000 0 0.307812 0.501166 1 0.243750 0.652681 1 0.239063 0.655012 1 0.000000 0.000000 0 0.223438 0.953380 1 0.000000 0.000000 0 0.000000 0.000000 0
0 0.971328 0.511503 0.023062 0.051632 0.000000 0.000000 0 0.000000 0.000000 0 0.000000 0.000000 0 0.000000 0.000000 0 0.000000 0.000000 0 0.000000 0.000000 0 0.000000 0.000000 0 0.000000 0.000000 0 0.000000 0.000000 0 0.000000 0.000000 0 0.000000 0.000000 0 0.000000 0.000000 0 0.000000 0.000000 0 0.000000 0.000000 0 0.000000 0.000000 0 0.000000 0.000000 0 0.000000 0.000000 0
0 0.478789 0.515653 0.128578 0.337086 0.512500 0.435897 1 0.512500 0.417249 1 0.496875 0.410256 1 0.000000 0.000000 0 0.465625 0.410256 1 0.506250 0.510490 1 0.426563 0.484848 1 0.000000 0.000000 0 0.000000 0.000000 0 0.000000 0.000000 0 0.437500 0.689977 1 0.503125 0.771562 1 0.464062 0.771562 1 0.000000 0.000000 0 0.000000 0.000000 0 0.000000 0.000000 0 0.000000 0.000000 0