0 0.951953 0.441577 0.064719 0.312351 0.943750 0.305155 1 0.946875 0.298969 1 0.939063 0.301031 1 0.956250 0.309278 1 0.934375 0.309278 1 0.953125 0.342268 1 0.000000 0.000000 0 0.954688 0.385567 1 0.000000 0.000000 0 0.956250 0.424742 1 0.000000 0.000000 0 0.943750 0.420619 1 0.951562 0.422680 1 0.953125 0.501031 1 0.962500 0.486598 1 0.967187 0.567010 1 0.970313 0.544330 1
0 0.875594 0.431402 0.092563 0.351959 0.876563 0.284536 1 0.881250 0.280412 1 0.873437 0.280412 1 0.887500 0.290722 1 0.865625 0.286598 1 0.900000 0.334021 1 0.848437 0.329897 1 0.914062 0.375258 1 0.839063 0.369072 1 0.898438 0.383505 1 0.864062 0.377320 1 0.889062 0.416495 1 0.857812 0.416495 1 0.881250 0.498969 1 0.859375 0.498969 1 0.876563 0.569072 1 0.851562 0.569072 1
0 0.813656 0.449680 0.068937 0.319856 0.807813 0.331959 1 0.810937 0.325773 1 0.803125 0.327835 1 0.815625 0.321649 1 0.793750 0.323711 1 0.826562 0.354639 1 0.787500 0.360825 1 0.835938 0.381443 1 0.795312 0.389691 1 0.835938 0.400000 1 0.806250 0.402062 1 0.823438 0.437113 1 0.803125 0.441237 1 0.823438 0.511340 1 0.807813 0.509278 1 0.821875 0.573196 1 0.809375 0.577320 1
0 0.763789 0.463649 0.066516 0.296165 0.760938 0.342268 1 0.764062 0.336082 1 0.756250 0.336082 1 0.000000 0.000000 0 0.000000 0.000000 0 0.784375 0.367010 1 0.740625 0.371134 1 0.792188 0.418557 1 0.739062 0.418557 1 0.784375 0.418557 1 0.753125 0.418557 1 0.778125 0.445361 1 0.756250 0.445361 1 0.778125 0.503093 1 0.753125 0.501031 1 0.779687 0.564948 1 0.756250 0.562887 1
0 0.706828 0.465155 0.068344 0.294103 0.695312 0.346392 1 0.698438 0.340206 1 0.690625 0.342268 1 0.707812 0.346392 1 0.687500 0.346392 1 0.725000 0.375258 1 0.675000 0.381443 1 0.734375 0.418557 1 0.668750 0.422680 1 0.720313 0.420619 1 0.678125 0.420619 1 0.718750 0.453608 1 0.690625 0.453608 1 0.720313 0.517526 1 0.695312 0.519588 1 0.725000 0.564948 1 0.696875 0.573196 1
0 0.644734 0.458577 0.072656 0.316412 0.640625 0.336082 1 0.643750 0.329897 1 0.635938 0.329897 1 0.000000 0.000000 0 0.000000 0.000000 0 0.660937 0.364948 1 0.626563 0.364948 1 0.675000 0.426804 1 0.618750 0.391753 1 0.657813 0.416495 1 0.620313 0.426804 1 0.653125 0.439175 1 0.631250 0.437113 1 0.656250 0.509278 1 0.632812 0.505155 1 0.657813 0.579381 1 0.635938 0.575258 1
0 0.532156 0.467381 0.072875 0.326804 0.532813 0.331959 1 0.537500 0.327835 1 0.526563 0.327835 1 0.000000 0.000000 0 0.000000 0.000000 0 0.551562 0.369072 1 0.512500 0.367010 1 0.564063 0.402062 1 0.504687 0.395876 1 0.551562 0.420619 1 0.509375 0.412371 1 0.545312 0.443299 1 0.523438 0.443299 1 0.545312 0.521649 1 0.525000 0.523711 1 0.543750 0.600000 1 0.526563 0.602062 1
0 0.475648 0.454381 0.074203 0.352763 0.476562 0.311340 1 0.479687 0.303093 1 0.470313 0.305155 1 0.487500 0.309278 1 0.467187 0.311340 1 0.504687 0.346392 1 0.453125 0.348454 1 0.515625 0.391753 1 0.445312 0.389691 1 0.503125 0.418557 1 0.468750 0.397938 1 0.492188 0.430928 1 0.467187 0.430928 1 0.492188 0.521649 1 0.467187 0.519588 1 0.492188 0.587629 1 0.470313 0.583505 1
0 0.410469 0.459062 0.075125 0.316887 0.403125 0.334021 1 0.407813 0.325773 1 0.398438 0.323711 1 0.000000 0.000000 0 0.000000 0.000000 0 0.426563 0.360825 1 0.384375 0.364948 1 0.443750 0.426804 1 0.379688 0.420619 1 0.437500 0.418557 1 0.392188 0.418557 1 0.420312 0.447423 1 0.401562 0.449485 1 0.425000 0.515464 1 0.404687 0.515464 1 0.429688 0.577320 1 0.410938 0.581443 1
0 0.295992 0.457258 0.067672 0.353979 0.281250 0.309278 1 0.285938 0.305155 1 0.276562 0.305155 1 0.293750 0.309278 1 0.270313 0.311340 1 0.303125 0.348454 1 0.264062 0.352577 1 0.318750 0.402062 1 0.000000 0.000000 0 0.304688 0.418557 1 0.000000 0.000000 0 0.296875 0.445361 1 0.271875 0.447423 1 0.301563 0.534021 1 0.282813 0.534021 1 0.303125 0.591753 1 0.282813 0.597938 1
0 0.173016 0.475361 0.066594 0.351505 0.170313 0.331959 1 0.173437 0.319588 1 0.162500 0.323711 1 0.181250 0.323711 1 0.157812 0.323711 1 0.195312 0.358763 1 0.145313 0.364948 1 0.193750 0.393814 1 0.148438 0.414433 1 0.195312 0.443299 1 0.162500 0.428866 1 0.190625 0.463918 1 0.150000 0.463918 1 0.192188 0.521649 1 0.157812 0.515464 1 0.192188 0.614433 1 0.164062 0.612371 1
0 0.348367 0.468897 0.065172 0.317629 0.339062 0.342268 1 0.342187 0.334021 1 0.334375 0.334021 1 0.000000 0.000000 0 0.000000 0.000000 0 0.362500 0.373196 1 0.323437 0.373196 1 0.370312 0.410309 1 0.318750 0.406186 1 0.362500 0.437113 1 0.321875 0.432990 1 0.354687 0.449485 1 0.335938 0.447423 1 0.359375 0.521649 1 0.337500 0.519588 1 0.365625 0.581443 1 0.337500 0.591753 1
0 0.238406 0.465670 0.084156 0.371423 0.232813 0.315464 1 0.237500 0.311340 1 0.226562 0.311340 1 0.243750 0.315464 1 0.218750 0.315464 1 0.256250 0.358763 1 0.209375 0.367010 1 0.270313 0.400000 1 0.204687 0.406186 1 0.251563 0.437113 1 0.228125 0.441237 1 0.256250 0.459794 1 0.223438 0.463918 1 0.253125 0.536082 1 0.226562 0.536082 1 0.253125 0.606186 1 0.231250 0.610309 1