0 0.207461 0.774270 0.206828 0.371350 0.220312 0.641873 1 0.221875 0.633609 1 0.212500 0.636364 1 0.000000 0.000000 0 0.200000 0.639118 1 0.225000 0.669421 1 0.187500 0.672176 1 0.235937 0.691460 1 0.159375 0.702479 1 0.229687 0.705234 1 0.126562 0.688705 1 0.232813 0.793388 1 0.207813 0.796143 1 0.262500 0.826446 1 0.184375 0.820937 1 0.281250 0.892562 1 0.159375 0.917355 1
0 0.170156 0.559298 0.044625 0.247190 0.184375 0.462810 1 0.184375 0.457300 1 0.181250 0.457300 1 0.000000 0.000000 0 0.171875 0.460055 1 0.184375 0.493113 1 0.164062 0.495868 1 0.000000 0.000000 0 0.156250 0.539945 1 0.000000 0.000000 0 0.000000 0.000000 0 0.179688 0.559229 1 0.167187 0.561983 1 0.179688 0.641873 1 0.165625 0.636364 1 0.178125 0.685950 1 0.159375 0.688705 1
0 0.083227 0.631171 0.089234 0.294738 0.117188 0.523416 1 0.000000 0.000000 0 0.115625 0.515152 1 0.000000 0.000000 0 0.103125 0.512397 1 0.109375 0.539945 1 0.087500 0.545455 1 0.095312 0.581267 1 0.070312 0.584022 1 0.087500 0.628099 1 0.065625 0.630854 1 0.076563 0.597796 1 0.062500 0.595041 1 0.089063 0.655647 1 0.060937 0.669421 1 0.096875 0.735537 1 0.053125 0.746556 1
0 0.469211 0.513815 0.056484 0.071543 0.000000 0.000000 0 0.000000 0.000000 0 0.000000 0.000000 0 0.000000 0.000000 0 0.000000 0.000000 0 0.000000 0.000000 0 0.000000 0.000000 0 0.000000 0.000000 0 0.000000 0.000000 0 0.000000 0.000000 0 0.000000 0.000000 0 0.000000 0.000000 0 0.000000 0.000000 0 0.000000 0.000000 0 0.000000 0.000000 0 0.000000 0.000000 0 0.000000 0.000000 0
0 0.621211 0.503085 0.032359 0.090689 0.000000 0.000000 0 0.000000 0.000000 0 0.000000 0.000000 0 0.000000 0.000000 0 0.000000 0.000000 0 0.000000 0.000000 0 0.000000 0.000000 0 0.000000 0.000000 0 0.000000 0.000000 0 0.000000 0.000000 0 0.000000 0.000000 0 0.000000 0.000000 0 0.000000 0.000000 0 0.000000 0.000000 0 0.000000 0.000000 0 0.000000 0.000000 0 0.000000 0.000000 0
0 0.676289 0.471543 0.047484 0.160220 0.675000 0.410468 1 0.676562 0.407713 1 0.671875 0.407713 1 0.681250 0.410468 1 0.667188 0.410468 1 0.692187 0.438017 1 0.662500 0.443526 1 0.692187 0.473829 1 0.662500 0.479339 1 0.679688 0.493113 1 0.671875 0.493113 1 0.682813 0.487603 1 0.671875 0.487603 1 0.689063 0.504132 1 0.654687 0.504132 1 0.687500 0.550964 1 0.665625 0.550964 1
0 0.719219 0.473926 0.048562 0.156446 0.000000 0.000000 0 0.000000 0.000000 0 0.000000 0.000000 0 0.000000 0.000000 0 0.000000 0.000000 0 0.000000 0.000000 0 0.000000 0.000000 0 0.000000 0.000000 0 0.000000 0.000000 0 0.000000 0.000000 0 0.000000 0.000000 0 0.000000 0.000000 0 0.000000 0.000000 0 0.000000 0.000000 0 0.000000 0.000000 0 0.000000 0.000000 0 0.000000 0.000000 0
0 0.870164 0.474656 0.049641 0.155592 0.871875 0.424242 1 0.875000 0.421488 1 0.870313 0.421488 1 0.879687 0.424242 1 0.867188 0.424242 1 0.887500 0.438017 1 0.859375 0.440771 1 0.882812 0.457300 1 0.853125 0.460055 1 0.860938 0.457300 1 0.876563 0.465565 1 0.878125 0.487603 1 0.859375 0.484848 1 0.873437 0.520661 1 0.856250 0.506887 1 0.000000 0.000000 0 0.000000 0.000000 0
0 0.779898 0.511143 0.034859 0.075069 0.000000 0.000000 0 0.000000 0.000000 0 0.000000 0.000000 0 0.000000 0.000000 0 0.000000 0.000000 0 0.000000 0.000000 0 0.000000 0.000000 0 0.000000 0.000000 0 0.000000 0.000000 0 0.000000 0.000000 0 0.000000 0.000000 0 0.000000 0.000000 0 0.000000 0.000000 0 0.000000 0.000000 0 0.000000 0.000000 0 0.000000 0.000000 0 0.000000 0.000000 0
0 0.556039 0.470826 0.037359 0.116143 0.000000 0.000000 0 0.000000 0.000000 0 0.000000 0.000000 0 0.000000 0.000000 0 0.000000 0.000000 0 0.000000 0.000000 0 0.000000 0.000000 0 0.000000 0.000000 0 0.000000 0.000000 0 0.000000 0.000000 0 0.000000 0.000000 0 0.000000 0.000000 0 0.000000 0.000000 0 0.000000 0.000000 0 0.000000 0.000000 0 0.000000 0.000000 0 0.000000 0.000000 0
0 0.950445 0.489862 0.047484 0.106226 0.000000 0.000000 0 0.000000 0.000000 0 0.000000 0.000000 0 0.000000 0.000000 0 0.000000 0.000000 0 0.000000 0.000000 0 0.000000 0.000000 0 0.000000 0.000000 0 0.000000 0.000000 0 0.000000 0.000000 0 0.000000 0.000000 0 0.000000 0.000000 0 0.000000 0.000000 0 0.000000 0.000000 0 0.000000 0.000000 0 0.000000 0.000000 0 0.000000 0.000000 0
0 0.579727 0.501377 0.034766 0.103691 0.000000 0.000000 0 0.000000 0.000000 0 0.000000 0.000000 0 0.000000 0.000000 0 0.000000 0.000000 0 0.000000 0.000000 0 0.000000 0.000000 0 0.000000 0.000000 0 0.000000 0.000000 0 0.000000 0.000000 0 0.000000 0.000000 0 0.000000 0.000000 0 0.000000 0.000000 0 0.000000 0.000000 0 0.000000 0.000000 0 0.000000 0.000000 0 0.000000 0.000000 0
0 0.599922 0.475468 0.031000 0.101185 0.000000 0.000000 0 0.000000 0.000000 0 0.000000 0.000000 0 0.000000 0.000000 0 0.000000 0.000000 0 0.000000 0.000000 0 0.000000 0.000000 0 0.000000 0.000000 0 0.000000 0.000000 0 0.000000 0.000000 0 0.000000 0.000000 0 0.000000 0.000000 0 0.000000 0.000000 0 0.000000 0.000000 0 0.000000 0.000000 0 0.000000 0.000000 0 0.000000 0.000000 0