0 0.674080 0.512444 0.167960 0.886056 0.660000 0.141667 1 0.672000 0.127778 1 0.648000 0.127778 1 0.694000 0.144444 1 0.000000 0.000000 0 0.728000 0.258333 1 0.612000 0.255556 1 0.728000 0.380556 1 0.604000 0.380556 1 0.742000 0.480556 1 0.596000 0.488889 1 0.704000 0.472222 1 0.630000 0.472222 1 0.704000 0.702778 1 0.650000 0.713889 1 0.708000 0.900000 1 0.674000 0.905556 1
0 0.285580 0.543833 0.176360 0.844944 0.278000 0.188889 1 0.292000 0.180556 1 0.260000 0.183333 1 0.304000 0.197222 1 0.250000 0.202778 1 0.328000 0.286111 1 0.228000 0.308333 1 0.360000 0.408333 1 0.208000 0.427778 1 0.364000 0.500000 1 0.254000 0.413889 1 0.318000 0.508333 1 0.260000 0.527778 1 0.322000 0.705556 1 0.272000 0.719444 1 0.318000 0.897222 1 0.284000 0.897222 1
0 0.818470 0.523792 0.164660 0.840806 0.832000 0.183333 1 0.844000 0.172222 1 0.820000 0.172222 1 0.000000 0.000000 0 0.808000 0.177778 1 0.866000 0.263889 1 0.786000 0.255556 1 0.880000 0.375000 1 0.754000 0.363889 1 0.854000 0.319444 1 0.808000 0.313889 1 0.846000 0.488889 1 0.790000 0.486111 1 0.858000 0.694444 1 0.786000 0.694444 1 0.864000 0.886111 1 0.790000 0.877778 1
0 0.117300 0.589889 0.108400 0.388778 0.118000 0.427778 1 0.124000 0.422222 1 0.112000 0.422222 1 0.140000 0.427778 1 0.000000 0.000000 0 0.150000 0.458333 1 0.096000 0.475000 1 0.158000 0.497222 1 0.082000 0.527778 1 0.132000 0.461111 1 0.076000 0.569444 1 0.144000 0.597222 1 0.112000 0.602778 1 0.146000 0.672222 1 0.112000 0.683333 1 0.152000 0.752778 1 0.124000 0.763889 1
0 0.940420 0.460042 0.046600 0.119361 0.000000 0.000000 0 0.000000 0.000000 0 0.000000 0.000000 0 0.000000 0.000000 0 0.000000 0.000000 0 0.000000 0.000000 0 0.000000 0.000000 0 0.000000 0.000000 0 0.000000 0.000000 0 0.000000 0.000000 0 0.000000 0.000000 0 0.000000 0.000000 0 0.000000 0.000000 0 0.000000 0.000000 0 0.000000 0.000000 0 0.000000 0.000000 0 0.000000 0.000000 0
0 0.194960 0.577528 0.046920 0.350556 0.158000 0.436111 1 0.164000 0.427778 1 0.156000 0.427778 1 0.178000 0.422222 1 0.000000 0.000000 0 0.202000 0.469444 1 0.166000 0.461111 1 0.202000 0.527778 1 0.000000 0.000000 0 0.194000 0.563889 1 0.000000 0.000000 0 0.196000 0.594444 1 0.186000 0.594444 1 0.202000 0.672222 1 0.198000 0.672222 1 0.204000 0.738889 1 0.200000 0.738889 1
0 0.595420 0.521347 0.097080 0.714583 0.614000 0.236111 1 0.624000 0.216667 1 0.606000 0.216667 1 0.000000 0.000000 0 0.590000 0.225000 1 0.666000 0.294444 1 0.568000 0.297222 1 0.000000 0.000000 0 0.546000 0.425000 1 0.000000 0.000000 0 0.000000 0.000000 0 0.664000 0.513889 1 0.592000 0.516667 1 0.678000 0.680556 1 0.592000 0.669444 1 0.686000 0.833333 1 0.588000 0.827778 1
0 0.026860 0.599097 0.053720 0.460750 0.000000 0.000000 0 0.000000 0.000000 0 0.000000 0.000000 0 0.000000 0.000000 0 0.000000 0.000000 0 0.010000 0.480556 1 0.000000 0.000000 0 0.036000 0.527778 1 0.000000 0.000000 0 0.018000 0.547222 1 0.000000 0.000000 0 0.008000 0.591667 1 0.000000 0.000000 0 0.006000 0.683333 1 0.000000 0.000000 0 0.000000 0.000000 0 0.000000 0.000000 0
0 0.356370 0.533083 0.100820 0.753500 0.324000 0.222222 1 0.332000 0.208333 1 0.316000 0.208333 1 0.352000 0.216667 1 0.000000 0.000000 0 0.384000 0.294444 1 0.000000 0.000000 0 0.000000 0.000000 0 0.000000 0.000000 0 0.000000 0.000000 0 0.000000 0.000000 0 0.000000 0.000000 0 0.000000 0.000000 0 0.366000 0.675000 1 0.326000 0.691667 1 0.376000 0.866667 1 0.338000 0.877778 1
0 0.474620 0.515986 0.230720 0.866861 0.458000 0.147222 1 0.472000 0.138889 1 0.446000 0.136111 1 0.492000 0.158333 1 0.000000 0.000000 0 0.534000 0.258333 1 0.406000 0.250000 1 0.532000 0.400000 1 0.380000 0.372222 1 0.536000 0.544444 1 0.368000 0.491667 1 0.500000 0.458333 1 0.438000 0.452778 1 0.494000 0.658333 1 0.438000 0.658333 1 0.502000 0.877778 1 0.454000 0.886111 1
0 0.072780 0.597833 0.052400 0.192889 0.000000 0.000000 0 0.000000 0.000000 0 0.000000 0.000000 0 0.000000 0.000000 0 0.000000 0.000000 0 0.000000 0.000000 0 0.000000 0.000000 0 0.000000 0.000000 0 0.000000 0.000000 0 0.000000 0.000000 0 0.000000 0.000000 0 0.000000 0.000000 0 0.000000 0.000000 0 0.000000 0.000000 0 0.000000 0.000000 0 0.000000 0.000000 0 0.000000 0.000000 0