0 0.423258 0.512190 0.479391 0.970328 0.501563 0.222482 1 0.501563 0.192037 1 0.476562 0.196721 1 0.000000 0.000000 0 0.403125 0.215457 1 0.578125 0.381733 1 0.303125 0.459016 1 0.635938 0.681499 1 0.303125 0.728337 1 0.560937 0.852459 1 0.253125 0.831382 1 0.534375 0.964871 1 0.392188 0.981265 1 0.000000 0.000000 0 0.000000 0.000000 0 0.000000 0.000000 0 0.000000 0.000000 0
0 0.880414 0.586768 0.201797 0.383981 0.885938 0.477752 1 0.893750 0.461358 1 0.876563 0.461358 1 0.903125 0.463700 1 0.864062 0.466042 1 0.934375 0.540984 1 0.829688 0.536300 1 0.954688 0.662763 1 0.800000 0.667447 1 0.907813 0.700234 1 0.851562 0.658080 1 0.917188 0.737705 1 0.835938 0.733021 1 0.000000 0.000000 0 0.856250 0.651054 1 0.000000 0.000000 0 0.903125 0.786885 1
0 0.728172 0.522272 0.195844 0.461077 0.739062 0.365340 1 0.748437 0.344262 1 0.723437 0.348946 1 0.767188 0.348946 1 0.706250 0.346604 1 0.792188 0.421546 1 0.670312 0.419204 1 0.792188 0.494145 1 0.646875 0.505855 1 0.728125 0.531616 1 0.668750 0.634660 1 0.000000 0.000000 0 0.000000 0.000000 0 0.759375 0.688525 1 0.703125 0.683841 1 0.000000 0.000000 0 0.000000 0.000000 0
0 0.847969 0.364157 0.118250 0.286581 0.831250 0.292740 1 0.842187 0.283372 1 0.828125 0.276347 1 0.867188 0.290398 1 0.000000 0.000000 0 0.882812 0.391101 1 0.798438 0.398126 1 0.881250 0.463700 1 0.000000 0.000000 0 0.804688 0.454333 1 0.000000 0.000000 0 0.000000 0.000000 0 0.000000 0.000000 0 0.000000 0.000000 0 0.000000 0.000000 0 0.000000 0.000000 0 0.000000 0.000000 0
0 0.081000 0.387237 0.109312 0.224356 0.000000 0.000000 0 0.000000 0.000000 0 0.000000 0.000000 0 0.000000 0.000000 0 0.085938 0.330211 1 0.110937 0.426230 1 0.045312 0.400468 1 0.000000 0.000000 0 0.000000 0.000000 0 0.000000 0.000000 0 0.000000 0.000000 0 0.000000 0.000000 0 0.000000 0.000000 0 0.000000 0.000000 0 0.000000 0.000000 0 0.000000 0.000000 0 0.000000 0.000000 0
0 0.954984 0.397389 0.089156 0.268595 0.984375 0.313817 1 0.993750 0.302108 1 0.975000 0.302108 1 0.000000 0.000000 0 0.957812 0.311475 1 0.000000 0.000000 0 0.937500 0.391101 1 0.000000 0.000000 0 0.926562 0.508197 1 0.000000 0.000000 0 0.000000 0.000000 0 0.000000 0.000000 0 0.946875 0.555035 1 0.000000 0.000000 0 0.000000 0.000000 0 0.000000 0.000000 0 0.000000 0.000000 0
0 0.889000 0.155843 0.149031 0.259742 0.000000 0.000000 0 0.000000 0.000000 0 0.000000 0.000000 0 0.000000 0.000000 0 0.878125 0.077283 1 0.914062 0.140515 1 0.851562 0.140515 1 0.000000 0.000000 0 0.828125 0.220141 1 0.000000 0.000000 0 0.862500 0.257611 1 0.907813 0.262295 1 0.859375 0.264637 1 0.000000 0.000000 0 0.834375 0.295082 1 0.000000 0.000000 0 0.000000 0.000000 0
0 0.234203 0.113864 0.105437 0.217611 0.250000 0.063232 1 0.257812 0.051522 1 0.245312 0.049180 1 0.000000 0.000000 0 0.228125 0.046838 1 0.262500 0.100703 1 0.203125 0.103044 1 0.000000 0.000000 0 0.200000 0.210773 1 0.000000 0.000000 0 0.229687 0.145199 1 0.251563 0.220141 1 0.212500 0.220141 1 0.000000 0.000000 0 0.000000 0.000000 0 0.000000 0.000000 0 0.000000 0.000000 0
0 0.286836 0.395176 0.084641 0.228150 0.000000 0.000000 0 0.000000 0.000000 0 0.000000 0.000000 0 0.326562 0.355972 1 0.281250 0.360656 1 0.337500 0.421546 1 0.303125 0.440281 1 0.000000 0.000000 0 0.256250 0.489461 1 0.000000 0.000000 0 0.271875 0.517564 1 0.000000 0.000000 0 0.000000 0.000000 0 0.000000 0.000000 0 0.000000 0.000000 0 0.000000 0.000000 0 0.000000 0.000000 0
0 0.175797 0.388970 0.106844 0.208571 0.190625 0.348946 1 0.000000 0.000000 0 0.182812 0.341920 1 0.000000 0.000000 0 0.000000 0.000000 0 0.000000 0.000000 0 0.153125 0.430913 1 0.000000 0.000000 0 0.210938 0.480094 1 0.000000 0.000000 0 0.000000 0.000000 0 0.000000 0.000000 0 0.000000 0.000000 0 0.000000 0.000000 0 0.000000 0.000000 0 0.000000 0.000000 0 0.000000 0.000000 0
0 0.150516 0.052494 0.081469 0.104988 0.000000 0.000000 0 0.000000 0.000000 0 0.000000 0.000000 0 0.000000 0.000000 0 0.000000 0.000000 0 0.185938 0.056206 1 0.128125 0.051522 1 0.000000 0.000000 0 0.118750 0.128806 1 0.000000 0.000000 0 0.000000 0.000000 0 0.000000 0.000000 0 0.000000 0.000000 0 0.000000 0.000000 0 0.000000 0.000000 0 0.000000 0.000000 0 0.000000 0.000000 0
0 0.735633 0.225972 0.150766 0.384403 0.723437 0.121780 1 0.731250 0.107728 1 0.710938 0.112412 1 0.000000 0.000000 0 0.689063 0.121780 1 0.764062 0.170960 1 0.689063 0.166276 1 0.785937 0.288056 1 0.678125 0.292740 1 0.000000 0.000000 0 0.714063 0.189696 1 0.000000 0.000000 0 0.000000 0.000000 0 0.000000 0.000000 0 0.681250 0.334895 1 0.000000 0.000000 0 0.000000 0.000000 0