0 0.569109 0.596742 0.130344 0.489609 0.000000 0.000000 0 0.000000 0.000000 0 0.000000 0.000000 0 0.529687 0.381250 1 0.000000 0.000000 0 0.532813 0.454688 1 0.581250 0.440625 1 0.528125 0.532813 1 0.000000 0.000000 0 0.518750 0.592187 1 0.000000 0.000000 0 0.542188 0.590625 1 0.584375 0.581250 1 0.568750 0.684375 1 0.592187 0.676562 1 0.596875 0.804688 1 0.609375 0.782813 1
0 0.453563 0.572227 0.123063 0.397328 0.464062 0.407813 1 0.473438 0.403125 1 0.454688 0.403125 1 0.000000 0.000000 0 0.440625 0.401562 1 0.496875 0.456250 1 0.415625 0.457813 1 0.515625 0.521875 1 0.409375 0.509375 1 0.507812 0.573438 1 0.412500 0.564063 1 0.478125 0.579688 1 0.432812 0.579688 1 0.476562 0.656250 1 0.410938 0.650000 1 0.475000 0.746875 1 0.421875 0.742188 1
0 0.360578 0.558141 0.046406 0.159719 0.000000 0.000000 0 0.000000 0.000000 0 0.000000 0.000000 0 0.000000 0.000000 0 0.364063 0.500000 1 0.359375 0.514062 1 0.348438 0.517188 1 0.000000 0.000000 0 0.351562 0.537500 1 0.000000 0.000000 0 0.370312 0.535937 1 0.360938 0.560937 1 0.350000 0.564063 1 0.359375 0.589063 1 0.350000 0.590625 1 0.354687 0.621875 1 0.348438 0.628125 1
0 0.297555 0.626453 0.158109 0.442844 0.293750 0.456250 1 0.000000 0.000000 0 0.285938 0.448437 1 0.000000 0.000000 0 0.262500 0.446875 1 0.232813 0.475000 1 0.250000 0.476562 1 0.000000 0.000000 0 0.325000 0.487500 1 0.000000 0.000000 0 0.304688 0.439063 1 0.262500 0.581250 1 0.293750 0.592187 1 0.271875 0.703125 1 0.303125 0.707812 1 0.268750 0.792188 1 0.318750 0.812500 1
0 0.187172 0.510656 0.092938 0.188687 0.000000 0.000000 0 0.000000 0.000000 0 0.000000 0.000000 0 0.173437 0.446875 1 0.000000 0.000000 0 0.189062 0.467187 1 0.196875 0.464062 1 0.184375 0.518750 1 0.000000 0.000000 0 0.173437 0.548438 1 0.000000 0.000000 0 0.207813 0.567187 1 0.212500 0.564063 1 0.189062 0.600000 1 0.210938 0.601562 1 0.190625 0.673438 1 0.214062 0.665625 1
0 0.772953 0.645117 0.267750 0.662703 0.707812 0.376563 1 0.723437 0.364063 1 0.700000 0.364063 1 0.768750 0.376563 1 0.000000 0.000000 0 0.785937 0.451562 1 0.735938 0.454688 1 0.821875 0.562500 1 0.000000 0.000000 0 0.807813 0.676562 1 0.000000 0.000000 0 0.781250 0.687500 1 0.737500 0.684375 1 0.817187 0.832812 1 0.723437 0.820312 1 0.876563 0.965625 1 0.726562 0.935937 1
0 0.652508 0.587047 0.087172 0.342594 0.000000 0.000000 0 0.000000 0.000000 0 0.000000 0.000000 0 0.000000 0.000000 0 0.000000 0.000000 0 0.673438 0.473438 1 0.617188 0.481250 1 0.693750 0.528125 1 0.000000 0.000000 0 0.000000 0.000000 0 0.000000 0.000000 0 0.676562 0.567187 1 0.635938 0.570312 1 0.671875 0.656250 1 0.615625 0.653125 1 0.678125 0.735938 1 0.650000 0.720313 1
0 0.112906 0.596188 0.092219 0.230938 0.000000 0.000000 0 0.000000 0.000000 0 0.000000 0.000000 0 0.110937 0.510938 1 0.135937 0.509375 1 0.104688 0.534375 1 0.140625 0.532813 1 0.070312 0.507812 1 0.157812 0.506250 1 0.096875 0.490625 1 0.142187 0.492188 1 0.106250 0.592187 1 0.140625 0.590625 1 0.107813 0.648438 1 0.132812 0.646875 1 0.110937 0.690625 1 0.129688 0.695312 1
0 0.327531 0.537938 0.047719 0.207406 0.340625 0.453125 1 0.345313 0.448437 1 0.335938 0.450000 1 0.000000 0.000000 0 0.323437 0.451562 1 0.339062 0.473438 1 0.312500 0.473438 1 0.000000 0.000000 0 0.301563 0.492188 1 0.000000 0.000000 0 0.306250 0.510938 1 0.339062 0.537500 1 0.323437 0.535937 1 0.337500 0.571875 1 0.328125 0.570312 1 0.332813 0.607812 1 0.323437 0.610938 1
0 0.116727 0.453297 0.062578 0.069094 0.128125 0.443750 1 0.129688 0.437500 1 0.123438 0.440625 1 0.000000 0.000000 0 0.106250 0.445312 1 0.120313 0.467187 1 0.100000 0.471875 1 0.000000 0.000000 0 0.000000 0.000000 0 0.000000 0.000000 0 0.000000 0.000000 0 0.000000 0.000000 0 0.000000 0.000000 0 0.000000 0.000000 0 0.000000 0.000000 0 0.000000 0.000000 0 0.000000 0.000000 0
0 0.375586 0.502281 0.057547 0.154688 0.382812 0.437500 1 0.384375 0.434375 1 0.379688 0.434375 1 0.000000 0.000000 0 0.371875 0.434375 1 0.390625 0.453125 1 0.364063 0.451562 1 0.000000 0.000000 0 0.000000 0.000000 0 0.000000 0.000000 0 0.000000 0.000000 0 0.387500 0.500000 1 0.368750 0.500000 1 0.392188 0.535937 1 0.367188 0.534375 1 0.395313 0.570312 1 0.000000 0.000000 0
0 0.348586 0.438977 0.028453 0.038484 0.000000 0.000000 0 0.000000 0.000000 0 0.000000 0.000000 0 0.000000 0.000000 0 0.000000 0.000000 0 0.000000 0.000000 0 0.000000 0.000000 0 0.000000 0.000000 0 0.000000 0.000000 0 0.000000 0.000000 0 0.000000 0.000000 0 0.000000 0.000000 0 0.000000 0.000000 0 0.000000 0.000000 0 0.000000 0.000000 0 0.000000 0.000000 0 0.000000 0.000000 0