0 0.480805 0.493817 0.239797 0.406885 0.496875 0.374707 1 0.503125 0.362998 1 0.492188 0.362998 1 0.526563 0.355972 1 0.000000 0.000000 0 0.553125 0.400468 1 0.504687 0.405152 1 0.560937 0.515222 1 0.503125 0.498829 1 0.493750 0.519906 1 0.479687 0.496487 1 0.575000 0.543326 1 0.520312 0.512881 1 0.482812 0.576112 1 0.446875 0.515222 1 0.500000 0.714286 1 0.506250 0.580796 1
0 0.646141 0.404274 0.106313 0.289906 0.000000 0.000000 0 0.000000 0.000000 0 0.000000 0.000000 0 0.000000 0.000000 0 0.673438 0.316159 1 0.612500 0.374707 1 0.687500 0.377049 1 0.603125 0.449649 1 0.685937 0.426230 1 0.615625 0.484778 1 0.000000 0.000000 0 0.620313 0.519906 1 0.678125 0.524590 1 0.000000 0.000000 0 0.000000 0.000000 0 0.000000 0.000000 0 0.000000 0.000000 0
0 0.581188 0.349754 0.088594 0.200351 0.587500 0.290398 1 0.595313 0.285714 1 0.579688 0.285714 1 0.601562 0.297424 1 0.565625 0.295082 1 0.610938 0.346604 1 0.546875 0.341920 1 0.000000 0.000000 0 0.000000 0.000000 0 0.000000 0.000000 0 0.000000 0.000000 0 0.000000 0.000000 0 0.000000 0.000000 0 0.000000 0.000000 0 0.000000 0.000000 0 0.000000 0.000000 0 0.000000 0.000000 0
0 0.415336 0.473770 0.173391 0.432412 0.446875 0.309133 1 0.453125 0.295082 1 0.439063 0.297424 1 0.473438 0.304450 1 0.000000 0.000000 0 0.490625 0.372365 1 0.439063 0.379391 1 0.465625 0.437939 1 0.425000 0.440281 1 0.403125 0.459016 1 0.389062 0.447307 1 0.475000 0.503513 1 0.435937 0.501171 1 0.437500 0.540984 1 0.350000 0.550351 1 0.381250 0.662763 1 0.350000 0.669789 1
0 0.389844 0.406792 0.067563 0.181124 0.371875 0.367681 1 0.379688 0.358314 1 0.370312 0.358314 1 0.401562 0.362998 1 0.000000 0.000000 0 0.409375 0.405152 1 0.375000 0.407494 1 0.423438 0.503513 1 0.371875 0.498829 1 0.375000 0.517564 1 0.000000 0.000000 0 0.396875 0.517564 1 0.373437 0.522248 1 0.348438 0.545667 1 0.356250 0.545667 1 0.000000 0.000000 0 0.000000 0.000000 0
0 0.747117 0.365831 0.100891 0.171991 0.000000 0.000000 0 0.000000 0.000000 0 0.000000 0.000000 0 0.737500 0.348946 1 0.000000 0.000000 0 0.757812 0.398126 1 0.776563 0.374707 1 0.714063 0.440281 1 0.000000 0.000000 0 0.717187 0.388759 1 0.000000 0.000000 0 0.000000 0.000000 0 0.000000 0.000000 0 0.000000 0.000000 0 0.000000 0.000000 0 0.000000 0.000000 0 0.000000 0.000000 0
0 0.504555 0.259871 0.064547 0.120726 0.487500 0.241218 1 0.493750 0.231850 1 0.000000 0.000000 0 0.512500 0.245902 1 0.000000 0.000000 0 0.528125 0.264637 1 0.482812 0.262295 1 0.507812 0.271663 1 0.000000 0.000000 0 0.485938 0.229508 1 0.478125 0.278689 1 0.000000 0.000000 0 0.000000 0.000000 0 0.000000 0.000000 0 0.000000 0.000000 0 0.000000 0.000000 0 0.000000 0.000000 0
0 0.818531 0.405773 0.082156 0.278946 0.792188 0.330211 1 0.796875 0.323185 1 0.000000 0.000000 0 0.818750 0.334895 1 0.000000 0.000000 0 0.825000 0.381733 1 0.000000 0.000000 0 0.837500 0.454333 1 0.000000 0.000000 0 0.795312 0.463700 1 0.000000 0.000000 0 0.809375 0.517564 1 0.000000 0.000000 0 0.767188 0.526932 1 0.000000 0.000000 0 0.000000 0.000000 0 0.000000 0.000000 0
0 0.863906 0.437342 0.062844 0.227799 0.000000 0.000000 0 0.834375 0.355972 1 0.000000 0.000000 0 0.851562 0.355972 1 0.000000 0.000000 0 0.862500 0.407494 1 0.879687 0.409836 1 0.857812 0.484778 1 0.000000 0.000000 0 0.000000 0.000000 0 0.000000 0.000000 0 0.854688 0.536300 1 0.873437 0.536300 1 0.000000 0.000000 0 0.000000 0.000000 0 0.000000 0.000000 0 0.000000 0.000000 0
0 0.917172 0.408993 0.095688 0.283044 0.000000 0.000000 0 0.000000 0.000000 0 0.000000 0.000000 0 0.000000 0.000000 0 0.923438 0.316159 1 0.876563 0.370023 1 0.943750 0.372365 1 0.864062 0.435597 1 0.954688 0.447307 1 0.000000 0.000000 0 0.000000 0.000000 0 0.881250 0.531616 1 0.929688 0.531616 1 0.000000 0.000000 0 0.000000 0.000000 0 0.000000 0.000000 0 0.000000 0.000000 0
0 0.740469 0.305492 0.040562 0.075386 0.000000 0.000000 0 0.000000 0.000000 0 0.000000 0.000000 0 0.000000 0.000000 0 0.000000 0.000000 0 0.000000 0.000000 0 0.000000 0.000000 0 0.000000 0.000000 0 0.000000 0.000000 0 0.000000 0.000000 0 0.000000 0.000000 0 0.000000 0.000000 0 0.000000 0.000000 0 0.000000 0.000000 0 0.000000 0.000000 0 0.000000 0.000000 0 0.000000 0.000000 0