0 0.199830 0.627529 0.161700 0.552802 0.266000 0.431907 1 0.000000 0.000000 0 0.260000 0.420233 1 0.000000 0.000000 0 0.238000 0.424125 1 0.230000 0.470817 1 0.216000 0.459144 1 0.000000 0.000000 0 0.172000 0.552529 1 0.200000 0.595331 1 0.180000 0.653696 1 0.170000 0.603113 1 0.148000 0.603113 1 0.216000 0.661479 1 0.196000 0.684825 1 0.198000 0.817121 1 0.166000 0.832685 1
0 0.355070 0.257665 0.081300 0.398054 0.352000 0.097276 1 0.354000 0.085603 1 0.346000 0.085603 1 0.000000 0.000000 0 0.338000 0.097276 1 0.372000 0.147860 1 0.326000 0.159533 1 0.384000 0.217899 1 0.320000 0.225681 1 0.388000 0.291829 1 0.320000 0.299611 1 0.368000 0.268482 1 0.340000 0.276265 1 0.374000 0.377432 1 0.342000 0.381323 1 0.382000 0.482490 1 0.344000 0.482490 1
0 0.376550 0.703385 0.247180 0.400000 0.408000 0.564202 1 0.000000 0.000000 0 0.400000 0.552529 1 0.000000 0.000000 0 0.380000 0.548638 1 0.388000 0.595331 1 0.352000 0.603113 1 0.430000 0.634241 1 0.312000 0.688716 1 0.470000 0.634241 1 0.372000 0.708171 1 0.318000 0.704280 1 0.284000 0.712062 1 0.364000 0.692607 1 0.370000 0.778210 1 0.346000 0.840467 1 0.286000 0.856031 1
0 0.650780 0.243463 0.091840 0.325370 0.652000 0.124514 1 0.658000 0.120623 1 0.648000 0.120623 1 0.660000 0.120623 1 0.640000 0.124514 1 0.668000 0.163424 1 0.628000 0.163424 1 0.688000 0.206226 1 0.612000 0.214008 1 0.666000 0.214008 1 0.646000 0.214008 1 0.662000 0.280156 1 0.632000 0.284047 1 0.686000 0.361868 1 0.624000 0.420233 1 0.000000 0.000000 0 0.000000 0.000000 0
0 0.723060 0.556187 0.291080 0.658444 0.698000 0.307393 1 0.000000 0.000000 0 0.690000 0.307393 1 0.000000 0.000000 0 0.670000 0.319066 1 0.702000 0.303502 1 0.672000 0.369650 1 0.742000 0.354086 1 0.720000 0.478599 1 0.760000 0.408560 1 0.748000 0.478599 1 0.726000 0.498054 1 0.700000 0.533074 1 0.776000 0.673152 1 0.688000 0.708171 1 0.818000 0.797665 1 0.618000 0.770428 1
0 0.296360 0.253385 0.090280 0.335564 0.298000 0.132296 1 0.302000 0.120623 1 0.294000 0.120623 1 0.000000 0.000000 0 0.284000 0.128405 1 0.310000 0.175097 1 0.274000 0.178988 1 0.328000 0.210117 1 0.262000 0.229572 1 0.332000 0.233463 1 0.294000 0.229572 1 0.296000 0.295720 1 0.272000 0.291829 1 0.292000 0.416342 1 0.280000 0.416342 1 0.000000 0.000000 0 0.000000 0.000000 0
0 0.411660 0.266323 0.092000 0.362996 0.412000 0.128405 1 0.414000 0.120623 1 0.408000 0.120623 1 0.420000 0.120623 1 0.398000 0.124514 1 0.428000 0.159533 1 0.390000 0.167315 1 0.448000 0.214008 1 0.374000 0.217899 1 0.424000 0.229572 1 0.412000 0.221790 1 0.414000 0.303502 1 0.382000 0.299611 1 0.422000 0.431907 1 0.394000 0.435798 1 0.000000 0.000000 0 0.000000 0.000000 0
0 0.501290 0.270798 0.099340 0.303385 0.506000 0.163424 1 0.508000 0.151751 1 0.500000 0.151751 1 0.000000 0.000000 0 0.490000 0.151751 1 0.518000 0.178988 1 0.480000 0.178988 1 0.542000 0.206226 1 0.460000 0.217899 1 0.530000 0.221790 1 0.478000 0.210117 1 0.506000 0.303502 1 0.474000 0.303502 1 0.534000 0.334630 1 0.474000 0.428016 1 0.508000 0.416342 1 0.000000 0.000000 0
0 0.068150 0.298872 0.106260 0.350584 0.072000 0.175097 1 0.076000 0.167315 1 0.068000 0.167315 1 0.082000 0.167315 1 0.058000 0.163424 1 0.094000 0.190661 1 0.044000 0.190661 1 0.110000 0.217899 1 0.022000 0.225681 1 0.092000 0.245136 1 0.056000 0.241245 1 0.074000 0.322957 1 0.050000 0.319066 1 0.064000 0.424125 1 0.050000 0.424125 1 0.060000 0.498054 1 0.042000 0.501946 1
0 0.160560 0.268541 0.094720 0.370778 0.148000 0.143969 1 0.150000 0.132296 1 0.142000 0.132296 1 0.154000 0.128405 1 0.136000 0.128405 1 0.166000 0.171206 1 0.126000 0.171206 1 0.194000 0.143969 1 0.126000 0.217899 1 0.168000 0.136187 1 0.136000 0.155642 1 0.158000 0.280156 1 0.134000 0.287938 1 0.164000 0.373541 1 0.132000 0.381323 1 0.000000 0.000000 0 0.000000 0.000000 0
0 0.832220 0.234844 0.095880 0.334825 0.830000 0.105058 1 0.834000 0.097276 1 0.826000 0.097276 1 0.842000 0.105058 1 0.818000 0.105058 1 0.850000 0.147860 1 0.804000 0.147860 1 0.876000 0.202335 1 0.794000 0.206226 1 0.856000 0.190661 1 0.822000 0.186770 1 0.838000 0.299611 1 0.812000 0.295720 1 0.842000 0.424125 1 0.808000 0.424125 1 0.000000 0.000000 0 0.000000 0.000000 0
0 0.510990 0.106206 0.111420 0.171012 0.000000 0.000000 0 0.000000 0.000000 0 0.000000 0.000000 0 0.000000 0.000000 0 0.000000 0.000000 0 0.000000 0.000000 0 0.000000 0.000000 0 0.000000 0.000000 0 0.000000 0.000000 0 0.000000 0.000000 0 0.000000 0.000000 0 0.000000 0.000000 0 0.000000 0.000000 0 0.000000 0.000000 0 0.000000 0.000000 0 0.000000 0.000000 0 0.000000 0.000000 0
0 0.913970 0.236245 0.082780 0.314280 0.928000 0.132296 1 0.932000 0.124514 1 0.922000 0.120623 1 0.000000 0.000000 0 0.912000 0.120623 1 0.938000 0.151751 1 0.902000 0.147860 1 0.958000 0.190661 1 0.886000 0.190661 1 0.948000 0.190661 1 0.918000 0.194553 1 0.916000 0.287938 1 0.892000 0.284047 1 0.920000 0.389105 1 0.888000 0.389105 1 0.916000 0.466926 1 0.882000 0.466926 1