0 0.263156 0.207138 0.078812 0.317670 0.000000 0.000000 0 0.000000 0.000000 0 0.000000 0.000000 0 0.000000 0.000000 0 0.000000 0.000000 0 0.243750 0.126697 1 0.287500 0.124434 1 0.226562 0.187783 1 0.292187 0.187783 1 0.000000 0.000000 0 0.275000 0.199095 1 0.251563 0.246606 1 0.278125 0.244344 1 0.243750 0.321267 1 0.275000 0.316742 1 0.240625 0.391403 1 0.273438 0.389140 1
0 0.055102 0.256923 0.085359 0.505611 0.039062 0.042986 1 0.000000 0.000000 0 0.043750 0.036199 1 0.000000 0.000000 0 0.000000 0.000000 0 0.068750 0.095023 1 0.050000 0.092760 1 0.037500 0.160633 1 0.000000 0.000000 0 0.006250 0.176471 1 0.000000 0.000000 0 0.054688 0.230769 1 0.046875 0.233032 1 0.048438 0.366516 1 0.000000 0.000000 0 0.062500 0.477376 1 0.000000 0.000000 0
0 0.832422 0.203982 0.090687 0.344389 0.810937 0.070136 1 0.000000 0.000000 0 0.000000 0.000000 0 0.000000 0.000000 0 0.000000 0.000000 0 0.804688 0.095023 1 0.856250 0.099548 1 0.795312 0.153846 1 0.000000 0.000000 0 0.785937 0.208145 1 0.000000 0.000000 0 0.810937 0.251131 1 0.839063 0.251131 1 0.798438 0.305430 1 0.826562 0.300905 1 0.796875 0.386878 1 0.820312 0.384615 1
0 0.171938 0.180509 0.107563 0.361018 0.168750 0.027149 1 0.170313 0.020362 1 0.164062 0.020362 1 0.000000 0.000000 0 0.146875 0.024887 1 0.171875 0.067873 1 0.131250 0.070136 1 0.187500 0.128959 1 0.129688 0.135747 1 0.209375 0.171946 1 0.142187 0.187783 1 0.178125 0.194570 1 0.154688 0.194570 1 0.168750 0.280543 1 0.157812 0.273756 1 0.159375 0.348416 1 0.156250 0.355204 1
0 0.024078 0.505486 0.048156 0.550928 0.000000 0.000000 0 0.000000 0.000000 0 0.000000 0.000000 0 0.000000 0.000000 0 0.000000 0.000000 0 0.000000 0.000000 0 0.000000 0.000000 0 0.000000 0.000000 0 0.000000 0.000000 0 0.000000 0.000000 0 0.000000 0.000000 0 0.000000 0.000000 0 0.000000 0.000000 0 0.000000 0.000000 0 0.004687 0.529412 1 0.000000 0.000000 0 0.006250 0.712670 1
0 0.109711 0.194514 0.045766 0.334548 0.000000 0.000000 0 0.000000 0.000000 0 0.000000 0.000000 0 0.000000 0.000000 0 0.000000 0.000000 0 0.109375 0.088235 1 0.000000 0.000000 0 0.107813 0.138009 1 0.000000 0.000000 0 0.089063 0.156109 1 0.000000 0.000000 0 0.120313 0.190045 1 0.000000 0.000000 0 0.114062 0.266968 1 0.000000 0.000000 0 0.120313 0.334842 1 0.000000 0.000000 0
0 0.951281 0.192274 0.096906 0.384050 0.981250 0.033937 1 0.987500 0.029412 1 0.000000 0.000000 0 0.000000 0.000000 0 0.000000 0.000000 0 0.992188 0.058824 1 0.000000 0.000000 0 0.950000 0.099548 1 0.000000 0.000000 0 0.000000 0.000000 0 0.000000 0.000000 0 0.981250 0.180995 1 0.000000 0.000000 0 0.962500 0.264706 1 0.990625 0.271493 1 0.937500 0.352941 1 0.978125 0.357466 1
0 0.366203 0.091968 0.053625 0.125158 0.000000 0.000000 0 0.000000 0.000000 0 0.000000 0.000000 0 0.000000 0.000000 0 0.000000 0.000000 0 0.000000 0.000000 0 0.000000 0.000000 0 0.000000 0.000000 0 0.000000 0.000000 0 0.000000 0.000000 0 0.000000 0.000000 0 0.000000 0.000000 0 0.000000 0.000000 0 0.000000 0.000000 0 0.000000 0.000000 0 0.000000 0.000000 0 0.000000 0.000000 0
0 0.900398 0.188111 0.059391 0.334638 0.893750 0.049774 1 0.898438 0.042986 1 0.893750 0.040724 1 0.906250 0.042986 1 0.000000 0.000000 0 0.915625 0.097285 1 0.890625 0.090498 1 0.915625 0.147059 1 0.000000 0.000000 0 0.903125 0.190045 1 0.000000 0.000000 0 0.903125 0.205882 1 0.885938 0.201357 1 0.903125 0.264706 1 0.890625 0.266968 1 0.898438 0.334842 1 0.890625 0.332579 1
0 0.629430 0.096459 0.053578 0.124819 0.606250 0.070136 1 0.609375 0.065611 1 0.604688 0.065611 1 0.621875 0.058824 1 0.000000 0.000000 0 0.642188 0.079186 1 0.612500 0.092760 1 0.643750 0.119910 1 0.000000 0.000000 0 0.614062 0.108597 1 0.000000 0.000000 0 0.000000 0.000000 0 0.000000 0.000000 0 0.000000 0.000000 0 0.000000 0.000000 0 0.000000 0.000000 0 0.000000 0.000000 0
0 0.682797 0.114966 0.045281 0.178213 0.000000 0.000000 0 0.000000 0.000000 0 0.000000 0.000000 0 0.000000 0.000000 0 0.000000 0.000000 0 0.000000 0.000000 0 0.000000 0.000000 0 0.000000 0.000000 0 0.000000 0.000000 0 0.000000 0.000000 0 0.000000 0.000000 0 0.000000 0.000000 0 0.000000 0.000000 0 0.000000 0.000000 0 0.000000 0.000000 0 0.000000 0.000000 0 0.000000 0.000000 0
0 0.868773 0.133292 0.032203 0.158032 0.000000 0.000000 0 0.000000 0.000000 0 0.000000 0.000000 0 0.000000 0.000000 0 0.000000 0.000000 0 0.000000 0.000000 0 0.000000 0.000000 0 0.000000 0.000000 0 0.000000 0.000000 0 0.000000 0.000000 0 0.000000 0.000000 0 0.000000 0.000000 0 0.000000 0.000000 0 0.000000 0.000000 0 0.000000 0.000000 0 0.000000 0.000000 0 0.000000 0.000000 0
0 0.879953 0.063643 0.023031 0.065294 0.000000 0.000000 0 0.000000 0.000000 0 0.000000 0.000000 0 0.000000 0.000000 0 0.000000 0.000000 0 0.000000 0.000000 0 0.000000 0.000000 0 0.000000 0.000000 0 0.000000 0.000000 0 0.000000 0.000000 0 0.000000 0.000000 0 0.000000 0.000000 0 0.000000 0.000000 0 0.000000 0.000000 0 0.000000 0.000000 0 0.000000 0.000000 0 0.000000 0.000000 0