0 0.547594 0.611268 0.159781 0.267277 0.529687 0.542254 1 0.000000 0.000000 0 0.000000 0.000000 0 0.000000 0.000000 0 0.000000 0.000000 0 0.535937 0.565728 1 0.553125 0.537559 1 0.504687 0.546948 1 0.557813 0.516432 1 0.514062 0.514085 1 0.565625 0.490610 1 0.537500 0.629108 1 0.529687 0.619718 1 0.562500 0.699531 1 0.503125 0.647887 1 0.606250 0.708920 1 0.490625 0.718310 1
0 0.907742 0.076573 0.028484 0.078826 0.000000 0.000000 0 0.000000 0.000000 0 0.000000 0.000000 0 0.000000 0.000000 0 0.000000 0.000000 0 0.000000 0.000000 0 0.000000 0.000000 0 0.000000 0.000000 0 0.000000 0.000000 0 0.000000 0.000000 0 0.000000 0.000000 0 0.000000 0.000000 0 0.000000 0.000000 0 0.000000 0.000000 0 0.000000 0.000000 0 0.000000 0.000000 0 0.000000 0.000000 0
0 0.805758 0.654495 0.087328 0.262793 0.771875 0.553991 1 0.775000 0.546948 1 0.000000 0.000000 0 0.784375 0.551643 1 0.000000 0.000000 0 0.800000 0.572770 1 0.785937 0.572770 1 0.820312 0.626761 1 0.796875 0.617371 1 0.804688 0.669014 1 0.784375 0.645540 1 0.825000 0.647887 1 0.807813 0.633803 1 0.800000 0.687793 1 0.776563 0.666667 1 0.826562 0.769953 1 0.795312 0.732394 1
0 0.118828 0.096021 0.061469 0.156690 0.000000 0.000000 0 0.000000 0.000000 0 0.000000 0.000000 0 0.000000 0.000000 0 0.000000 0.000000 0 0.142187 0.058685 1 0.112500 0.053991 1 0.000000 0.000000 0 0.109375 0.070423 1 0.000000 0.000000 0 0.109375 0.100939 1 0.134375 0.105634 1 0.118750 0.098592 1 0.000000 0.000000 0 0.089063 0.112676 1 0.000000 0.000000 0 0.073438 0.145540 1
0 0.849203 0.125833 0.064719 0.134624 0.856250 0.079812 1 0.859375 0.075117 1 0.854688 0.077465 1 0.867188 0.072770 1 0.000000 0.000000 0 0.876563 0.096244 1 0.851562 0.096244 1 0.876563 0.133803 1 0.837500 0.124413 1 0.853125 0.133803 1 0.842187 0.131455 1 0.860938 0.152582 1 0.843750 0.140845 1 0.832812 0.161972 1 0.823438 0.131455 1 0.832812 0.197183 1 0.840625 0.150235 1
0 0.968727 0.084131 0.040047 0.087512 0.000000 0.000000 0 0.000000 0.000000 0 0.000000 0.000000 0 0.000000 0.000000 0 0.000000 0.000000 0 0.000000 0.000000 0 0.000000 0.000000 0 0.000000 0.000000 0 0.000000 0.000000 0 0.000000 0.000000 0 0.000000 0.000000 0 0.000000 0.000000 0 0.000000 0.000000 0 0.000000 0.000000 0 0.000000 0.000000 0 0.000000 0.000000 0 0.000000 0.000000 0
0 0.513906 0.192500 0.050719 0.124577 0.000000 0.000000 0 0.000000 0.000000 0 0.000000 0.000000 0 0.000000 0.000000 0 0.000000 0.000000 0 0.000000 0.000000 0 0.000000 0.000000 0 0.000000 0.000000 0 0.000000 0.000000 0 0.000000 0.000000 0 0.000000 0.000000 0 0.000000 0.000000 0 0.000000 0.000000 0 0.000000 0.000000 0 0.000000 0.000000 0 0.000000 0.000000 0 0.000000 0.000000 0
0 0.647148 0.191420 0.062266 0.165751 0.654687 0.131455 1 0.657813 0.126761 1 0.653125 0.126761 1 0.664062 0.129108 1 0.000000 0.000000 0 0.673438 0.152582 1 0.648438 0.150235 1 0.668750 0.192488 1 0.642188 0.183099 1 0.645312 0.194836 1 0.629687 0.187793 1 0.668750 0.211268 1 0.648438 0.206573 1 0.653125 0.201878 1 0.623437 0.199531 1 0.660937 0.251174 1 0.631250 0.251174 1
0 0.932359 0.079589 0.045656 0.095047 0.000000 0.000000 0 0.000000 0.000000 0 0.000000 0.000000 0 0.000000 0.000000 0 0.000000 0.000000 0 0.000000 0.000000 0 0.000000 0.000000 0 0.000000 0.000000 0 0.000000 0.000000 0 0.000000 0.000000 0 0.000000 0.000000 0 0.000000 0.000000 0 0.000000 0.000000 0 0.000000 0.000000 0 0.000000 0.000000 0 0.000000 0.000000 0 0.000000 0.000000 0
0 0.448594 0.152923 0.074594 0.159319 0.456250 0.098592 1 0.459375 0.093897 1 0.454688 0.093897 1 0.464062 0.096244 1 0.000000 0.000000 0 0.473438 0.117371 1 0.448437 0.115023 1 0.473438 0.145540 1 0.445312 0.145540 1 0.468750 0.166667 1 0.446875 0.164319 1 0.467187 0.171362 1 0.451562 0.169014 1 0.468750 0.169014 1 0.435937 0.178404 1 0.468750 0.218310 1 0.420312 0.218310 1
0 0.978320 0.036385 0.043359 0.072770 0.000000 0.000000 0 0.000000 0.000000 0 0.000000 0.000000 0 0.000000 0.000000 0 0.000000 0.000000 0 0.000000 0.000000 0 0.000000 0.000000 0 0.000000 0.000000 0 0.000000 0.000000 0 0.000000 0.000000 0 0.000000 0.000000 0 0.000000 0.000000 0 0.000000 0.000000 0 0.000000 0.000000 0 0.000000 0.000000 0 0.000000 0.000000 0 0.000000 0.000000 0
0 0.274141 0.118251 0.071844 0.166549 0.000000 0.000000 0 0.276562 0.056338 1 0.000000 0.000000 0 0.282813 0.056338 1 0.000000 0.000000 0 0.295312 0.077465 1 0.270313 0.077465 1 0.298438 0.112676 1 0.262500 0.103286 1 0.281250 0.103286 1 0.000000 0.000000 0 0.293750 0.131455 1 0.275000 0.131455 1 0.289062 0.133803 1 0.254688 0.126761 1 0.289062 0.183099 1 0.256250 0.176056 1
0 0.728187 0.687782 0.134125 0.213779 0.717187 0.615023 1 0.721875 0.607981 1 0.715625 0.610329 1 0.734375 0.615023 1 0.000000 0.000000 0 0.743750 0.638498 1 0.739062 0.631455 1 0.721875 0.671362 1 0.000000 0.000000 0 0.684375 0.669014 1 0.000000 0.000000 0 0.771875 0.699531 1 0.760938 0.694836 1 0.746875 0.708920 1 0.726562 0.690141 1 0.770312 0.772300 1 0.754687 0.753521 1