0 0.453164 0.657306 0.079641 0.618000 0.468750 0.405556 1 0.470313 0.391667 1 0.460938 0.391667 1 0.000000 0.000000 0 0.443750 0.400000 1 0.448437 0.452778 1 0.440625 0.458333 1 0.000000 0.000000 0 0.415625 0.561111 1 0.000000 0.000000 0 0.446875 0.630556 1 0.451562 0.611111 1 0.446875 0.619444 1 0.475000 0.769444 1 0.470313 0.769444 1 0.456250 0.902778 1 0.446875 0.908333 1
0 0.502063 0.419389 0.059250 0.156111 0.000000 0.000000 0 0.000000 0.000000 0 0.000000 0.000000 0 0.000000 0.000000 0 0.000000 0.000000 0 0.000000 0.000000 0 0.000000 0.000000 0 0.000000 0.000000 0 0.000000 0.000000 0 0.000000 0.000000 0 0.000000 0.000000 0 0.000000 0.000000 0 0.000000 0.000000 0 0.000000 0.000000 0 0.000000 0.000000 0 0.000000 0.000000 0 0.000000 0.000000 0
0 0.548828 0.420014 0.054375 0.175639 0.000000 0.000000 0 0.000000 0.000000 0 0.000000 0.000000 0 0.000000 0.000000 0 0.564063 0.380556 1 0.525000 0.427778 1 0.546875 0.441667 1 0.000000 0.000000 0 0.000000 0.000000 0 0.000000 0.000000 0 0.000000 0.000000 0 0.000000 0.000000 0 0.000000 0.000000 0 0.000000 0.000000 0 0.000000 0.000000 0 0.000000 0.000000 0 0.000000 0.000000 0
0 0.564859 0.690819 0.115281 0.560694 0.000000 0.000000 0 0.000000 0.000000 0 0.000000 0.000000 0 0.000000 0.000000 0 0.000000 0.000000 0 0.546875 0.500000 1 0.587500 0.530556 1 0.000000 0.000000 0 0.610938 0.661111 1 0.000000 0.000000 0 0.606250 0.725000 1 0.534375 0.736111 1 0.567187 0.752778 1 0.531250 0.825000 1 0.571875 0.833333 1 0.529687 0.938889 1 0.575000 0.941667 1
0 0.672883 0.591736 0.099234 0.471472 0.687500 0.394444 1 0.000000 0.000000 0 0.684375 0.391667 1 0.000000 0.000000 0 0.670312 0.402778 1 0.690625 0.447222 1 0.646875 0.450000 1 0.704688 0.516667 1 0.631250 0.527778 1 0.712500 0.588889 1 0.639062 0.594444 1 0.685937 0.588889 1 0.653125 0.591667 1 0.687500 0.697222 1 0.651563 0.694444 1 0.682813 0.783333 1 0.650000 0.783333 1
0 0.764117 0.600569 0.072047 0.476417 0.000000 0.000000 0 0.000000 0.000000 0 0.000000 0.000000 0 0.756250 0.377778 1 0.782813 0.375000 1 0.754687 0.430556 1 0.796875 0.425000 1 0.742188 0.505556 1 0.000000 0.000000 0 0.735938 0.572222 1 0.000000 0.000000 0 0.770312 0.577778 1 0.800000 0.575000 1 0.764062 0.672222 1 0.000000 0.000000 0 0.768750 0.777778 1 0.000000 0.000000 0
0 0.814016 0.657278 0.106781 0.609833 0.000000 0.000000 0 0.000000 0.000000 0 0.000000 0.000000 0 0.798438 0.405556 1 0.828125 0.394444 1 0.785937 0.463889 1 0.856250 0.441667 1 0.779687 0.555556 1 0.000000 0.000000 0 0.765625 0.630556 1 0.000000 0.000000 0 0.798438 0.627778 1 0.851562 0.619444 1 0.798438 0.780556 1 0.856250 0.780556 1 0.792188 0.919444 1 0.876563 0.925000 1
0 0.897297 0.664931 0.118688 0.624083 0.000000 0.000000 0 0.000000 0.000000 0 0.000000 0.000000 0 0.871875 0.405556 1 0.903125 0.394444 1 0.876563 0.463889 1 0.920312 0.452778 1 0.862500 0.569444 1 0.000000 0.000000 0 0.000000 0.000000 0 0.000000 0.000000 0 0.885938 0.652778 1 0.925000 0.655556 1 0.884375 0.794444 1 0.914062 0.788889 1 0.881250 0.944444 1 0.915625 0.938889 1
0 0.647797 0.859653 0.206813 0.195694 0.000000 0.000000 0 0.000000 0.000000 0 0.000000 0.000000 0 0.000000 0.000000 0 0.000000 0.000000 0 0.565625 0.888889 1 0.609375 0.930556 1 0.000000 0.000000 0 0.667188 0.938889 1 0.000000 0.000000 0 0.645312 0.891667 1 0.607812 0.869444 1 0.642188 0.902778 1 0.639062 0.772222 1 0.684375 0.886111 1 0.648438 0.880556 1 0.717187 0.897222 1
0 0.034961 0.300542 0.069922 0.141361 0.039062 0.280556 1 0.042188 0.272222 1 0.032813 0.275000 1 0.000000 0.000000 0 0.023438 0.277778 1 0.062500 0.308333 1 0.000000 0.000000 0 0.059375 0.383333 1 0.000000 0.000000 0 0.034375 0.355556 1 0.000000 0.000000 0 0.000000 0.000000 0 0.000000 0.000000 0 0.000000 0.000000 0 0.000000 0.000000 0 0.000000 0.000000 0 0.000000 0.000000 0
0 0.912281 0.408056 0.071156 0.146611 0.000000 0.000000 0 0.000000 0.000000 0 0.000000 0.000000 0 0.000000 0.000000 0 0.000000 0.000000 0 0.000000 0.000000 0 0.000000 0.000000 0 0.000000 0.000000 0 0.000000 0.000000 0 0.000000 0.000000 0 0.000000 0.000000 0 0.000000 0.000000 0 0.000000 0.000000 0 0.000000 0.000000 0 0.000000 0.000000 0 0.000000 0.000000 0 0.000000 0.000000 0
0 0.644828 0.426139 0.020062 0.043278 0.000000 0.000000 0 0.000000 0.000000 0 0.000000 0.000000 0 0.000000 0.000000 0 0.000000 0.000000 0 0.000000 0.000000 0 0.000000 0.000000 0 0.000000 0.000000 0 0.000000 0.000000 0 0.000000 0.000000 0 0.000000 0.000000 0 0.000000 0.000000 0 0.000000 0.000000 0 0.000000 0.000000 0 0.000000 0.000000 0 0.000000 0.000000 0 0.000000 0.000000 0