0 0.459531 0.681412 0.061719 0.296376 0.453125 0.574118 1 0.454688 0.567059 1 0.448437 0.567059 1 0.465625 0.567059 1 0.000000 0.000000 0 0.467187 0.609412 1 0.443750 0.602353 1 0.471875 0.651765 1 0.432812 0.649412 1 0.468750 0.689412 1 0.431250 0.677647 1 0.460938 0.694118 1 0.440625 0.691765 1 0.465625 0.750588 1 0.450000 0.743529 1 0.476562 0.792941 1 0.460938 0.785882 1
0 0.304922 0.598482 0.108594 0.404353 0.000000 0.000000 0 0.000000 0.000000 0 0.000000 0.000000 0 0.287500 0.432941 1 0.315625 0.425882 1 0.281250 0.475294 1 0.331250 0.470588 1 0.254688 0.531765 1 0.348438 0.536471 1 0.260937 0.592941 1 0.340625 0.595294 1 0.290625 0.604706 1 0.326562 0.597647 1 0.303125 0.689412 1 0.337500 0.687059 1 0.312500 0.778824 1 0.348438 0.771765 1
0 0.378586 0.543706 0.044672 0.196447 0.370312 0.463529 1 0.373437 0.458824 1 0.368750 0.456471 1 0.378125 0.463529 1 0.000000 0.000000 0 0.385937 0.487059 1 0.364063 0.489412 1 0.393750 0.508235 1 0.000000 0.000000 0 0.395313 0.538824 1 0.360938 0.541176 1 0.382812 0.541176 1 0.368750 0.543529 1 0.387500 0.585882 1 0.373437 0.597647 1 0.389062 0.625882 1 0.376563 0.632941 1
0 0.568516 0.503659 0.019250 0.054659 0.000000 0.000000 0 0.000000 0.000000 0 0.000000 0.000000 0 0.000000 0.000000 0 0.000000 0.000000 0 0.000000 0.000000 0 0.000000 0.000000 0 0.000000 0.000000 0 0.000000 0.000000 0 0.000000 0.000000 0 0.000000 0.000000 0 0.000000 0.000000 0 0.000000 0.000000 0 0.000000 0.000000 0 0.000000 0.000000 0 0.000000 0.000000 0 0.000000 0.000000 0
0 0.466328 0.526835 0.035062 0.117153 0.000000 0.000000 0 0.000000 0.000000 0 0.000000 0.000000 0 0.000000 0.000000 0 0.000000 0.000000 0 0.000000 0.000000 0 0.000000 0.000000 0 0.000000 0.000000 0 0.000000 0.000000 0 0.000000 0.000000 0 0.000000 0.000000 0 0.000000 0.000000 0 0.000000 0.000000 0 0.000000 0.000000 0 0.000000 0.000000 0 0.000000 0.000000 0 0.000000 0.000000 0
0 0.523789 0.546071 0.050734 0.233694 0.529687 0.463529 1 0.531250 0.458824 1 0.525000 0.458824 1 0.000000 0.000000 0 0.520312 0.465882 1 0.531250 0.489412 1 0.512500 0.489412 1 0.537500 0.517647 1 0.507812 0.515294 1 0.539062 0.541176 1 0.506250 0.545882 1 0.531250 0.548235 1 0.514062 0.548235 1 0.534375 0.592941 1 0.517188 0.595294 1 0.535937 0.640000 1 0.517188 0.637647 1
0 0.556187 0.566776 0.033000 0.143294 0.000000 0.000000 0 0.000000 0.000000 0 0.000000 0.000000 0 0.000000 0.000000 0 0.000000 0.000000 0 0.000000 0.000000 0 0.000000 0.000000 0 0.000000 0.000000 0 0.000000 0.000000 0 0.000000 0.000000 0 0.000000 0.000000 0 0.000000 0.000000 0 0.000000 0.000000 0 0.000000 0.000000 0 0.000000 0.000000 0 0.000000 0.000000 0 0.000000 0.000000 0
0 0.752555 0.671776 0.122297 0.465200 0.765625 0.489412 1 0.000000 0.000000 0 0.762500 0.482353 1 0.000000 0.000000 0 0.753125 0.482353 1 0.750000 0.515294 1 0.735938 0.517647 1 0.000000 0.000000 0 0.726562 0.590588 1 0.000000 0.000000 0 0.765625 0.628235 1 0.753125 0.651765 1 0.731250 0.656471 1 0.764062 0.755294 1 0.740625 0.762353 1 0.779687 0.847059 1 0.757812 0.870588 1
0 0.830031 0.678365 0.105094 0.425671 0.837500 0.498824 1 0.000000 0.000000 0 0.834375 0.491765 1 0.000000 0.000000 0 0.818750 0.503529 1 0.828125 0.545882 1 0.803125 0.548235 1 0.851562 0.597647 1 0.807813 0.623529 1 0.860938 0.628235 1 0.850000 0.637647 1 0.845313 0.668235 1 0.818750 0.670588 1 0.848437 0.778824 1 0.826562 0.778824 1 0.846875 0.844706 1 0.823438 0.858824 1
0 0.680016 0.568188 0.061719 0.249271 0.689063 0.475294 1 0.000000 0.000000 0 0.687500 0.470588 1 0.000000 0.000000 0 0.681250 0.468235 1 0.667188 0.489412 1 0.676562 0.496471 1 0.000000 0.000000 0 0.679688 0.534118 1 0.000000 0.000000 0 0.693750 0.534118 1 0.667188 0.578824 1 0.675000 0.578824 1 0.673438 0.635294 1 0.689063 0.640000 1 0.678125 0.687059 1 0.000000 0.000000 0
0 0.643484 0.559541 0.053188 0.232212 0.654687 0.470588 1 0.657813 0.465882 1 0.653125 0.463529 1 0.000000 0.000000 0 0.646875 0.463529 1 0.660937 0.484706 1 0.637500 0.477647 1 0.000000 0.000000 0 0.637500 0.498824 1 0.000000 0.000000 0 0.657813 0.510588 1 0.657813 0.534118 1 0.643750 0.534118 1 0.657813 0.585882 1 0.642188 0.588235 1 0.657813 0.649412 1 0.637500 0.649412 1
0 0.613297 0.546529 0.037344 0.175647 0.617188 0.480000 1 0.618750 0.475294 1 0.614062 0.475294 1 0.000000 0.000000 0 0.609375 0.475294 1 0.621875 0.503529 1 0.600000 0.498824 1 0.000000 0.000000 0 0.598437 0.520000 1 0.000000 0.000000 0 0.609375 0.522353 1 0.621875 0.543529 1 0.607812 0.541176 1 0.621875 0.581176 1 0.607812 0.581176 1 0.620313 0.621176 1 0.604688 0.621176 1
0 0.483437 0.556388 0.029594 0.166141 0.000000 0.000000 0 0.000000 0.000000 0 0.000000 0.000000 0 0.000000 0.000000 0 0.000000 0.000000 0 0.000000 0.000000 0 0.000000 0.000000 0 0.000000 0.000000 0 0.000000 0.000000 0 0.000000 0.000000 0 0.000000 0.000000 0 0.000000 0.000000 0 0.000000 0.000000 0 0.000000 0.000000 0 0.000000 0.000000 0 0.000000 0.000000 0 0.000000 0.000000 0