0 0.545836 0.556179 0.215234 0.815714 0.479687 0.242630 1 0.478125 0.217687 1 0.000000 0.000000 0 0.500000 0.224490 1 0.000000 0.000000 0 0.576562 0.290249 1 0.501563 0.283447 1 0.632812 0.399093 1 0.475000 0.410431 1 0.595313 0.530612 1 0.462500 0.532880 1 0.575000 0.498866 1 0.510938 0.485261 1 0.573438 0.721088 1 0.507812 0.707483 1 0.565625 0.870748 1 0.492188 0.877551 1
0 0.696828 0.500000 0.077594 0.319819 0.000000 0.000000 0 0.000000 0.000000 0 0.000000 0.000000 0 0.000000 0.000000 0 0.000000 0.000000 0 0.709375 0.412698 1 0.654687 0.414966 1 0.717187 0.453515 1 0.659375 0.451247 1 0.700000 0.476190 1 0.664062 0.478458 1 0.693750 0.489796 1 0.676562 0.489796 1 0.687500 0.553288 1 0.689063 0.566893 1 0.692187 0.639456 1 0.689063 0.639456 1
0 0.646344 0.514036 0.051000 0.276644 0.000000 0.000000 0 0.000000 0.000000 0 0.000000 0.000000 0 0.000000 0.000000 0 0.000000 0.000000 0 0.000000 0.000000 0 0.000000 0.000000 0 0.000000 0.000000 0 0.000000 0.000000 0 0.000000 0.000000 0 0.000000 0.000000 0 0.657813 0.496599 1 0.629687 0.496599 1 0.657813 0.560091 1 0.631250 0.564626 1 0.660937 0.619048 1 0.634375 0.625850 1
0 0.046109 0.502460 0.043125 0.230272 0.000000 0.000000 0 0.000000 0.000000 0 0.000000 0.000000 0 0.000000 0.000000 0 0.000000 0.000000 0 0.048438 0.428571 1 0.000000 0.000000 0 0.053125 0.458050 1 0.000000 0.000000 0 0.050000 0.480726 1 0.000000 0.000000 0 0.045312 0.501134 1 0.000000 0.000000 0 0.051562 0.544218 1 0.000000 0.000000 0 0.056250 0.596372 1 0.000000 0.000000 0
0 0.163617 0.499717 0.046703 0.139977 0.000000 0.000000 0 0.000000 0.000000 0 0.000000 0.000000 0 0.000000 0.000000 0 0.000000 0.000000 0 0.153125 0.455782 1 0.176563 0.455782 1 0.148438 0.480726 1 0.181250 0.476190 1 0.143750 0.507937 1 0.184375 0.501134 1 0.151562 0.496599 1 0.171875 0.494331 1 0.000000 0.000000 0 0.000000 0.000000 0 0.000000 0.000000 0 0.000000 0.000000 0
0 0.200203 0.642211 0.128969 0.117619 0.000000 0.000000 0 0.000000 0.000000 0 0.000000 0.000000 0 0.000000 0.000000 0 0.000000 0.000000 0 0.134375 0.594104 1 0.190625 0.585034 1 0.121875 0.632653 1 0.215625 0.625850 1 0.110937 0.657596 1 0.245312 0.673469 1 0.145313 0.675737 1 0.193750 0.671202 1 0.000000 0.000000 0 0.000000 0.000000 0 0.000000 0.000000 0 0.000000 0.000000 0
0 0.019688 0.511519 0.039375 0.207211 0.007812 0.430839 1 0.010937 0.424036 1 0.006250 0.424036 1 0.000000 0.000000 0 0.000000 0.000000 0 0.025000 0.448980 1 0.003125 0.453515 1 0.000000 0.000000 0 0.000000 0.000000 0 0.000000 0.000000 0 0.000000 0.000000 0 0.014063 0.512472 1 0.006250 0.514739 1 0.026562 0.566893 1 0.006250 0.569161 1 0.031250 0.598639 1 0.009375 0.605442 1
0 0.369000 0.497098 0.054812 0.308617 0.343750 0.378685 1 0.345313 0.369615 1 0.000000 0.000000 0 0.354687 0.369615 1 0.000000 0.000000 0 0.370312 0.396825 1 0.357812 0.401361 1 0.365625 0.451247 1 0.000000 0.000000 0 0.360938 0.494331 1 0.000000 0.000000 0 0.371875 0.485261 1 0.364063 0.489796 1 0.370312 0.548753 1 0.362500 0.551020 1 0.375000 0.609977 1 0.368750 0.612245 1
0 0.238352 0.476769 0.040016 0.145193 0.000000 0.000000 0 0.000000 0.000000 0 0.000000 0.000000 0 0.000000 0.000000 0 0.000000 0.000000 0 0.000000 0.000000 0 0.000000 0.000000 0 0.000000 0.000000 0 0.000000 0.000000 0 0.000000 0.000000 0 0.000000 0.000000 0 0.000000 0.000000 0 0.000000 0.000000 0 0.000000 0.000000 0 0.000000 0.000000 0 0.000000 0.000000 0 0.000000 0.000000 0
0 0.208156 0.509955 0.051531 0.172426 0.000000 0.000000 0 0.000000 0.000000 0 0.000000 0.000000 0 0.223438 0.446712 1 0.207813 0.444444 1 0.225000 0.469388 1 0.200000 0.469388 1 0.000000 0.000000 0 0.190625 0.496599 1 0.000000 0.000000 0 0.195312 0.514739 1 0.225000 0.526077 1 0.206250 0.526077 1 0.000000 0.000000 0 0.204687 0.566893 1 0.000000 0.000000 0 0.000000 0.000000 0
0 0.161305 0.615000 0.121297 0.176032 0.000000 0.000000 0 0.000000 0.000000 0 0.000000 0.000000 0 0.151562 0.548753 1 0.176563 0.548753 1 0.143750 0.587302 1 0.196875 0.585034 1 0.112500 0.662132 1 0.214062 0.643991 1 0.000000 0.000000 0 0.000000 0.000000 0 0.146875 0.684807 1 0.193750 0.682540 1 0.000000 0.000000 0 0.000000 0.000000 0 0.000000 0.000000 0 0.000000 0.000000 0