0 0.756586 0.514579 0.132609 0.314439 0.000000 0.000000 0 0.000000 0.000000 0 0.000000 0.000000 0 0.725000 0.392523 1 0.000000 0.000000 0 0.743750 0.425234 1 0.721875 0.418224 1 0.773438 0.485981 1 0.000000 0.000000 0 0.768750 0.542056 1 0.000000 0.000000 0 0.784375 0.521028 1 0.765625 0.516355 1 0.756250 0.558411 1 0.725000 0.544393 1 0.785937 0.644860 1 0.750000 0.630841 1
0 0.579594 0.533727 0.101687 0.270350 0.550000 0.443925 1 0.556250 0.439252 1 0.000000 0.000000 0 0.570312 0.448598 1 0.000000 0.000000 0 0.582812 0.483645 1 0.000000 0.000000 0 0.540625 0.474299 1 0.000000 0.000000 0 0.000000 0.000000 0 0.000000 0.000000 0 0.620313 0.600467 1 0.000000 0.000000 0 0.567187 0.570093 1 0.539062 0.544393 1 0.609375 0.642523 1 0.560937 0.637850 1
0 0.475484 0.481565 0.225062 0.417243 0.462500 0.322430 1 0.467187 0.315421 1 0.000000 0.000000 0 0.000000 0.000000 0 0.000000 0.000000 0 0.490625 0.341121 1 0.459375 0.378505 1 0.440625 0.364486 1 0.428125 0.408879 1 0.400000 0.369159 1 0.387500 0.394860 1 0.504687 0.457944 1 0.492188 0.462617 1 0.471875 0.563084 1 0.504687 0.588785 1 0.437500 0.663551 1 0.571875 0.630841 1
0 0.118367 0.297734 0.110641 0.384206 0.123438 0.144860 1 0.126562 0.137850 1 0.117188 0.137850 1 0.000000 0.000000 0 0.000000 0.000000 0 0.145313 0.193925 1 0.096875 0.184579 1 0.153125 0.242991 1 0.078125 0.242991 1 0.164062 0.289720 1 0.071875 0.287383 1 0.134375 0.285047 1 0.100000 0.278037 1 0.123438 0.376168 1 0.093750 0.369159 1 0.115625 0.467290 1 0.078125 0.467290 1
0 0.583141 0.253925 0.044094 0.045327 0.000000 0.000000 0 0.000000 0.000000 0 0.000000 0.000000 0 0.000000 0.000000 0 0.000000 0.000000 0 0.000000 0.000000 0 0.000000 0.000000 0 0.000000 0.000000 0 0.000000 0.000000 0 0.000000 0.000000 0 0.000000 0.000000 0 0.000000 0.000000 0 0.000000 0.000000 0 0.000000 0.000000 0 0.000000 0.000000 0 0.000000 0.000000 0 0.000000 0.000000 0
0 0.474672 0.212079 0.080344 0.129673 0.470313 0.175234 1 0.475000 0.170561 1 0.467187 0.170561 1 0.482812 0.172897 1 0.000000 0.000000 0 0.490625 0.205607 1 0.456250 0.205607 1 0.489063 0.254673 1 0.456250 0.250000 1 0.470313 0.266355 1 0.464062 0.268692 1 0.485938 0.266355 1 0.465625 0.264019 1 0.000000 0.000000 0 0.000000 0.000000 0 0.000000 0.000000 0 0.000000 0.000000 0
0 0.441422 0.117850 0.053969 0.151729 0.431250 0.088785 1 0.435937 0.084112 1 0.428125 0.084112 1 0.443750 0.088785 1 0.000000 0.000000 0 0.457813 0.123832 1 0.418750 0.126168 1 0.456250 0.168224 1 0.000000 0.000000 0 0.435937 0.189252 1 0.000000 0.000000 0 0.000000 0.000000 0 0.000000 0.000000 0 0.000000 0.000000 0 0.000000 0.000000 0 0.000000 0.000000 0 0.000000 0.000000 0
0 0.860680 0.170397 0.095953 0.242150 0.865625 0.079439 1 0.871875 0.077103 1 0.862500 0.077103 1 0.879687 0.081776 1 0.857812 0.081776 1 0.893750 0.116822 1 0.846875 0.109813 1 0.903125 0.177570 1 0.828125 0.154206 1 0.882812 0.172897 1 0.856250 0.137850 1 0.871875 0.205607 1 0.848437 0.203271 1 0.892188 0.205607 1 0.821875 0.196262 1 0.867188 0.278037 1 0.839063 0.273364 1
0 0.304867 0.121297 0.068328 0.135350 0.304688 0.084112 1 0.307812 0.074766 1 0.300000 0.074766 1 0.310937 0.074766 1 0.000000 0.000000 0 0.326562 0.109813 1 0.279687 0.107477 1 0.326562 0.154206 1 0.278125 0.151869 1 0.303125 0.163551 1 0.295312 0.161215 1 0.000000 0.000000 0 0.000000 0.000000 0 0.000000 0.000000 0 0.000000 0.000000 0 0.000000 0.000000 0 0.000000 0.000000 0
0 0.207297 0.193493 0.055000 0.131706 0.207813 0.154206 1 0.212500 0.147196 1 0.203125 0.147196 1 0.000000 0.000000 0 0.000000 0.000000 0 0.225000 0.186916 1 0.192188 0.186916 1 0.000000 0.000000 0 0.000000 0.000000 0 0.000000 0.000000 0 0.000000 0.000000 0 0.220312 0.259346 1 0.196875 0.261682 1 0.000000 0.000000 0 0.000000 0.000000 0 0.000000 0.000000 0 0.000000 0.000000 0
0 0.721250 0.266098 0.034531 0.038738 0.000000 0.000000 0 0.000000 0.000000 0 0.000000 0.000000 0 0.000000 0.000000 0 0.000000 0.000000 0 0.000000 0.000000 0 0.000000 0.000000 0 0.000000 0.000000 0 0.000000 0.000000 0 0.000000 0.000000 0 0.000000 0.000000 0 0.000000 0.000000 0 0.000000 0.000000 0 0.000000 0.000000 0 0.000000 0.000000 0 0.000000 0.000000 0 0.000000 0.000000 0
0 0.411078 0.196916 0.072000 0.137477 0.406250 0.165888 1 0.410938 0.161215 1 0.401562 0.161215 1 0.420312 0.161215 1 0.000000 0.000000 0 0.426563 0.189252 1 0.395313 0.191589 1 0.435937 0.238318 1 0.000000 0.000000 0 0.412500 0.254673 1 0.000000 0.000000 0 0.420312 0.268692 1 0.398438 0.268692 1 0.000000 0.000000 0 0.000000 0.000000 0 0.000000 0.000000 0 0.000000 0.000000 0
0 0.792586 0.253470 0.060672 0.068715 0.000000 0.000000 0 0.000000 0.000000 0 0.000000 0.000000 0 0.000000 0.000000 0 0.000000 0.000000 0 0.000000 0.000000 0 0.000000 0.000000 0 0.000000 0.000000 0 0.000000 0.000000 0 0.000000 0.000000 0 0.000000 0.000000 0 0.000000 0.000000 0 0.000000 0.000000 0 0.000000 0.000000 0 0.000000 0.000000 0 0.000000 0.000000 0 0.000000 0.000000 0