0 0.079258 0.549171 0.077484 0.466659 0.089063 0.357477 1 0.093750 0.350467 1 0.084375 0.348131 1 0.103125 0.352804 1 0.073438 0.350467 1 0.117188 0.408879 1 0.057813 0.408879 1 0.000000 0.000000 0 0.051562 0.478972 1 0.000000 0.000000 0 0.064062 0.518692 1 0.106250 0.535047 1 0.071875 0.532710 1 0.106250 0.642523 1 0.057813 0.644860 1 0.109375 0.754673 1 0.050000 0.757009 1
0 0.123977 0.561799 0.076641 0.467430 0.134375 0.371495 1 0.140625 0.364486 1 0.128125 0.364486 1 0.150000 0.364486 1 0.120313 0.366822 1 0.159375 0.413551 1 0.109375 0.415888 1 0.000000 0.000000 0 0.085938 0.481308 1 0.000000 0.000000 0 0.106250 0.528037 1 0.150000 0.553738 1 0.120313 0.553738 1 0.151562 0.661215 1 0.110937 0.663551 1 0.000000 0.000000 0 0.114062 0.747664 1
0 0.510812 0.551332 0.171344 0.693178 0.525000 0.257009 1 0.534375 0.250000 1 0.517188 0.252336 1 0.546875 0.259346 1 0.506250 0.264019 1 0.562500 0.345794 1 0.489063 0.345794 1 0.587500 0.443925 1 0.475000 0.427570 1 0.560937 0.504673 1 0.496875 0.504673 1 0.539062 0.532710 1 0.493750 0.525701 1 0.532813 0.693925 1 0.445312 0.619159 1 0.525000 0.852804 1 0.475000 0.785047 1
0 0.426719 0.548189 0.126250 0.659509 0.434375 0.278037 1 0.439063 0.268692 1 0.425000 0.268692 1 0.453125 0.275701 1 0.415625 0.278037 1 0.476562 0.350467 1 0.392188 0.352804 1 0.000000 0.000000 0 0.378125 0.457944 1 0.000000 0.000000 0 0.404687 0.518692 1 0.460938 0.537383 1 0.401562 0.537383 1 0.471875 0.693925 1 0.392188 0.679907 1 0.000000 0.000000 0 0.393750 0.824766 1
0 0.347195 0.554182 0.105828 0.607617 0.375000 0.313084 1 0.384375 0.292056 1 0.365625 0.289720 1 0.396875 0.296729 1 0.357812 0.299065 1 0.390625 0.378505 1 0.342187 0.371495 1 0.000000 0.000000 0 0.321875 0.455607 1 0.000000 0.000000 0 0.335938 0.500000 1 0.379688 0.523364 1 0.340625 0.525701 1 0.390625 0.677570 1 0.335938 0.684579 1 0.000000 0.000000 0 0.328125 0.789720 1
0 0.167187 0.554054 0.051219 0.466238 0.000000 0.000000 0 0.181250 0.359813 1 0.170313 0.357477 1 0.190625 0.369159 1 0.159375 0.366822 1 0.204687 0.425234 1 0.146875 0.429907 1 0.000000 0.000000 0 0.142187 0.502336 1 0.000000 0.000000 0 0.000000 0.000000 0 0.192188 0.558411 1 0.160938 0.558411 1 0.195312 0.656542 1 0.159375 0.644860 1 0.203125 0.764019 1 0.153125 0.771028 1
0 0.682820 0.577488 0.144484 0.613949 0.684375 0.327103 1 0.690625 0.315421 1 0.678125 0.315421 1 0.703125 0.324766 1 0.668750 0.327103 1 0.720313 0.404206 1 0.650000 0.397196 1 0.734375 0.483645 1 0.000000 0.000000 0 0.714063 0.542056 1 0.000000 0.000000 0 0.703125 0.565421 1 0.656250 0.567757 1 0.712500 0.696262 1 0.646875 0.710280 1 0.718750 0.824766 1 0.634375 0.810748 1
0 0.290789 0.573037 0.094672 0.557290 0.310937 0.338785 1 0.318750 0.331776 1 0.303125 0.331776 1 0.326562 0.343458 1 0.293750 0.345794 1 0.343750 0.420561 1 0.278125 0.418224 1 0.000000 0.000000 0 0.265625 0.495327 1 0.000000 0.000000 0 0.000000 0.000000 0 0.332813 0.572430 1 0.285938 0.560748 1 0.331250 0.686916 1 0.278125 0.682243 1 0.329688 0.794393 1 0.260937 0.794393 1
0 0.790359 0.574977 0.102469 0.520140 0.778125 0.359813 1 0.782813 0.352804 1 0.771875 0.355140 1 0.795312 0.359813 1 0.764062 0.364486 1 0.810937 0.415888 1 0.756250 0.413551 1 0.826562 0.504673 1 0.000000 0.000000 0 0.000000 0.000000 0 0.000000 0.000000 0 0.800000 0.565421 1 0.768750 0.565421 1 0.809375 0.679907 1 0.764062 0.696262 1 0.810937 0.808411 1 0.760938 0.796729 1
0 0.249094 0.555023 0.121187 0.541402 0.254688 0.327103 1 0.262500 0.320093 1 0.248438 0.320093 1 0.268750 0.331776 1 0.240625 0.331776 1 0.287500 0.399533 1 0.226562 0.397196 1 0.000000 0.000000 0 0.214062 0.481308 1 0.000000 0.000000 0 0.235937 0.528037 1 0.276562 0.549065 1 0.232813 0.549065 1 0.287500 0.670561 1 0.215625 0.668224 1 0.295312 0.792056 1 0.200000 0.796729 1
0 0.828156 0.569813 0.090375 0.510421 0.823438 0.352804 1 0.826562 0.345794 1 0.814063 0.345794 1 0.834375 0.348131 1 0.804688 0.350467 1 0.859375 0.415888 1 0.803125 0.413551 1 0.864062 0.504673 1 0.000000 0.000000 0 0.000000 0.000000 0 0.000000 0.000000 0 0.843750 0.563084 1 0.801562 0.563084 1 0.848437 0.670561 1 0.800000 0.675234 1 0.851562 0.773364 1 0.793750 0.764019 1
0 0.934625 0.557769 0.094250 0.478481 0.929688 0.364486 1 0.935937 0.355140 1 0.925000 0.355140 1 0.945312 0.359813 1 0.914062 0.359813 1 0.959375 0.413551 1 0.904687 0.411215 1 0.965625 0.485981 1 0.000000 0.000000 0 0.945312 0.535047 1 0.000000 0.000000 0 0.945312 0.563084 1 0.910937 0.565421 1 0.951562 0.654206 1 0.906250 0.654206 1 0.954688 0.757009 1 0.907813 0.750000 1
0 0.197891 0.559381 0.112344 0.506752 0.206250 0.338785 1 0.212500 0.334112 1 0.198437 0.331776 1 0.223438 0.341121 1 0.190625 0.343458 1 0.228125 0.411215 1 0.173437 0.413551 1 0.000000 0.000000 0 0.165625 0.478972 1 0.000000 0.000000 0 0.179688 0.530374 1 0.228125 0.544393 1 0.189062 0.549065 1 0.231250 0.663551 1 0.175000 0.668224 1 0.235937 0.761682 1 0.165625 0.768692 1