0 0.638984 0.441663 0.083094 0.321733 0.629687 0.323185 1 0.629687 0.316159 1 0.000000 0.000000 0 0.639062 0.306792 1 0.000000 0.000000 0 0.651563 0.332553 1 0.000000 0.000000 0 0.651563 0.391101 1 0.639062 0.386417 1 0.620313 0.398126 1 0.618750 0.393443 1 0.656250 0.440281 1 0.671875 0.442623 1 0.654687 0.515222 1 0.664062 0.512881 1 0.664062 0.585480 1 0.667188 0.580796 1
0 0.188914 0.464040 0.149922 0.532576 0.217188 0.252927 1 0.221875 0.241218 1 0.206250 0.241218 1 0.229687 0.250585 1 0.187500 0.252927 1 0.254688 0.318501 1 0.159375 0.327869 1 0.000000 0.000000 0 0.148438 0.419204 1 0.000000 0.000000 0 0.150000 0.482436 1 0.000000 0.000000 0 0.171875 0.454333 1 0.000000 0.000000 0 0.145313 0.540984 1 0.000000 0.000000 0 0.129688 0.629977 1
0 0.877086 0.422471 0.107953 0.413466 0.000000 0.000000 0 0.000000 0.000000 0 0.875000 0.245902 1 0.885938 0.248244 1 0.000000 0.000000 0 0.890625 0.281030 1 0.914062 0.292740 1 0.879687 0.355972 1 0.925000 0.374707 1 0.870313 0.412178 1 0.923438 0.426230 1 0.887500 0.412178 1 0.912500 0.414520 1 0.848437 0.505855 1 0.895312 0.512881 1 0.857812 0.601874 1 0.901563 0.604215 1
0 0.966969 0.426803 0.064625 0.364848 0.945312 0.288056 1 0.948438 0.278689 1 0.000000 0.000000 0 0.959375 0.281030 1 0.000000 0.000000 0 0.971875 0.323185 1 0.965625 0.318501 1 0.973437 0.365340 1 0.000000 0.000000 0 0.959375 0.407494 1 0.943750 0.334895 1 0.962500 0.400468 1 0.965625 0.402810 1 0.973437 0.501171 1 0.967187 0.508197 1 0.978125 0.573770 1 0.973437 0.573770 1
0 0.782969 0.389895 0.075562 0.381991 0.000000 0.000000 0 0.000000 0.000000 0 0.000000 0.000000 0 0.762500 0.236534 1 0.000000 0.000000 0 0.775000 0.276347 1 0.790625 0.269321 1 0.773438 0.325527 1 0.000000 0.000000 0 0.757812 0.367681 1 0.000000 0.000000 0 0.776563 0.362998 1 0.795312 0.355972 1 0.781250 0.459016 1 0.000000 0.000000 0 0.785937 0.540984 1 0.804688 0.526932 1
0 0.535773 0.372740 0.047484 0.185293 0.000000 0.000000 0 0.532813 0.302108 1 0.000000 0.000000 0 0.535937 0.304450 1 0.000000 0.000000 0 0.540625 0.332553 1 0.556250 0.330211 1 0.537500 0.374707 1 0.000000 0.000000 0 0.518750 0.351288 1 0.000000 0.000000 0 0.539062 0.405152 1 0.559375 0.400468 1 0.000000 0.000000 0 0.000000 0.000000 0 0.000000 0.000000 0 0.000000 0.000000 0
0 0.494234 0.393560 0.060656 0.235831 0.000000 0.000000 0 0.000000 0.000000 0 0.000000 0.000000 0 0.000000 0.000000 0 0.000000 0.000000 0 0.506250 0.327869 1 0.000000 0.000000 0 0.504687 0.367681 1 0.000000 0.000000 0 0.479687 0.355972 1 0.000000 0.000000 0 0.495312 0.407494 1 0.482812 0.414520 1 0.501563 0.473068 1 0.490625 0.477752 1 0.514062 0.533958 1 0.507812 0.536300 1
0 0.846352 0.395515 0.043484 0.341569 0.845313 0.248244 1 0.000000 0.000000 0 0.840625 0.243560 1 0.000000 0.000000 0 0.831250 0.252927 1 0.856250 0.290398 1 0.823438 0.290398 1 0.000000 0.000000 0 0.000000 0.000000 0 0.000000 0.000000 0 0.000000 0.000000 0 0.850000 0.370023 1 0.829688 0.367681 1 0.000000 0.000000 0 0.000000 0.000000 0 0.000000 0.000000 0 0.000000 0.000000 0
0 0.090430 0.435808 0.040141 0.199204 0.000000 0.000000 0 0.000000 0.000000 0 0.000000 0.000000 0 0.081250 0.360656 1 0.000000 0.000000 0 0.079687 0.377049 1 0.093750 0.379391 1 0.078125 0.409836 1 0.000000 0.000000 0 0.076563 0.430913 1 0.000000 0.000000 0 0.082812 0.430913 1 0.095312 0.430913 1 0.082812 0.473068 1 0.092188 0.470726 1 0.089063 0.519906 1 0.096875 0.519906 1
0 0.667938 0.280902 0.043469 0.125831 0.000000 0.000000 0 0.000000 0.000000 0 0.000000 0.000000 0 0.000000 0.000000 0 0.000000 0.000000 0 0.000000 0.000000 0 0.000000 0.000000 0 0.000000 0.000000 0 0.000000 0.000000 0 0.000000 0.000000 0 0.000000 0.000000 0 0.000000 0.000000 0 0.000000 0.000000 0 0.000000 0.000000 0 0.000000 0.000000 0 0.000000 0.000000 0 0.000000 0.000000 0
0 0.367805 0.554742 0.314891 0.827330 0.362500 0.250585 1 0.375000 0.229508 1 0.348438 0.227166 1 0.385937 0.229508 1 0.317188 0.231850 1 0.420312 0.341920 1 0.256250 0.351288 1 0.454688 0.456674 1 0.253125 0.494145 1 0.495312 0.583138 1 0.268750 0.599532 1 0.359375 0.545667 1 0.278125 0.545667 1 0.453125 0.629977 1 0.254688 0.655738 1 0.456250 0.850117 1 0.234375 0.875878 1
0 0.806180 0.383489 0.063297 0.349883 0.000000 0.000000 0 0.000000 0.000000 0 0.000000 0.000000 0 0.795312 0.245902 1 0.000000 0.000000 0 0.806250 0.278689 1 0.820312 0.276347 1 0.798438 0.334895 1 0.000000 0.000000 0 0.781250 0.348946 1 0.000000 0.000000 0 0.812500 0.388759 1 0.826562 0.388759 1 0.798438 0.459016 1 0.815625 0.466042 1 0.817187 0.540984 1 0.825000 0.540984 1
0 0.526039 0.353103 0.027016 0.154450 0.000000 0.000000 0 0.000000 0.000000 0 0.000000 0.000000 0 0.000000 0.000000 0 0.000000 0.000000 0 0.000000 0.000000 0 0.000000 0.000000 0 0.000000 0.000000 0 0.000000 0.000000 0 0.000000 0.000000 0 0.000000 0.000000 0 0.000000 0.000000 0 0.000000 0.000000 0 0.000000 0.000000 0 0.000000 0.000000 0 0.000000 0.000000 0 0.000000 0.000000 0