0 0.446836 0.582956 0.215922 0.659182 0.418750 0.327103 1 0.429688 0.320093 1 0.410938 0.315421 1 0.434375 0.329439 1 0.404687 0.320093 1 0.434375 0.404206 1 0.392188 0.378505 1 0.460938 0.497664 1 0.381250 0.478972 1 0.509375 0.537383 1 0.440625 0.502336 1 0.406250 0.570093 1 0.370312 0.546729 1 0.395313 0.710280 1 0.409375 0.710280 1 0.357812 0.829439 1 0.367188 0.836449 1
0 0.145070 0.591565 0.124984 0.562056 0.192188 0.378505 1 0.000000 0.000000 0 0.185938 0.369159 1 0.000000 0.000000 0 0.168750 0.383178 1 0.168750 0.432243 1 0.142187 0.427570 1 0.000000 0.000000 0 0.143750 0.518692 1 0.162500 0.579439 1 0.175000 0.565421 1 0.121875 0.584112 1 0.110937 0.586449 1 0.143750 0.700935 1 0.137500 0.703271 1 0.118750 0.829439 1 0.110937 0.829439 1
0 0.076641 0.517605 0.153281 0.447173 0.042188 0.390187 1 0.050000 0.380841 1 0.037500 0.378505 1 0.000000 0.000000 0 0.015625 0.369159 1 0.028125 0.420561 1 0.000000 0.000000 0 0.054688 0.514019 1 0.000000 0.000000 0 0.106250 0.556075 1 0.018750 0.560748 1 0.000000 0.000000 0 0.000000 0.000000 0 0.000000 0.000000 0 0.000000 0.000000 0 0.000000 0.000000 0 0.000000 0.000000 0
0 0.551531 0.587640 0.156281 0.600000 0.604688 0.373832 1 0.612500 0.364486 1 0.601562 0.359813 1 0.000000 0.000000 0 0.582812 0.329439 1 0.551562 0.371495 1 0.539062 0.378505 1 0.535937 0.474299 1 0.525000 0.464953 1 0.573438 0.544393 1 0.554688 0.532710 1 0.490625 0.539720 1 0.503125 0.549065 1 0.500000 0.696262 1 0.525000 0.693925 1 0.489063 0.845794 1 0.509375 0.845794 1
0 0.771500 0.523960 0.118625 0.582266 0.798438 0.285047 1 0.795312 0.273364 1 0.787500 0.275701 1 0.000000 0.000000 0 0.771875 0.285047 1 0.789062 0.343458 1 0.754687 0.336449 1 0.000000 0.000000 0 0.753125 0.427570 1 0.820312 0.425234 1 0.803125 0.476636 1 0.782813 0.504673 1 0.756250 0.500000 1 0.000000 0.000000 0 0.784375 0.644860 1 0.000000 0.000000 0 0.753125 0.761682 1
0 0.526586 0.038855 0.025891 0.077710 0.000000 0.000000 0 0.000000 0.000000 0 0.000000 0.000000 0 0.000000 0.000000 0 0.000000 0.000000 0 0.000000 0.000000 0 0.000000 0.000000 0 0.000000 0.000000 0 0.000000 0.000000 0 0.000000 0.000000 0 0.000000 0.000000 0 0.000000 0.000000 0 0.000000 0.000000 0 0.000000 0.000000 0 0.000000 0.000000 0 0.000000 0.000000 0 0.000000 0.000000 0
0 0.306594 0.578855 0.091688 0.519439 0.339062 0.387850 1 0.000000 0.000000 0 0.332813 0.376168 1 0.000000 0.000000 0 0.314063 0.371495 1 0.314063 0.415888 1 0.298438 0.411215 1 0.000000 0.000000 0 0.276562 0.476636 1 0.000000 0.000000 0 0.318750 0.490654 1 0.323437 0.574766 1 0.317188 0.574766 1 0.328125 0.691589 1 0.321875 0.693925 1 0.287500 0.796729 1 0.278125 0.792056 1
0 0.507523 0.368738 0.084547 0.185654 0.498437 0.350467 1 0.510938 0.336449 1 0.495312 0.336449 1 0.000000 0.000000 0 0.000000 0.000000 0 0.000000 0.000000 0 0.493750 0.373832 1 0.000000 0.000000 0 0.479687 0.427570 1 0.000000 0.000000 0 0.465625 0.467290 1 0.000000 0.000000 0 0.000000 0.000000 0 0.000000 0.000000 0 0.000000 0.000000 0 0.000000 0.000000 0 0.000000 0.000000 0
0 0.734484 0.497804 0.147156 0.501869 0.720313 0.331776 1 0.000000 0.000000 0 0.000000 0.000000 0 0.000000 0.000000 0 0.000000 0.000000 0 0.762500 0.343458 1 0.751563 0.336449 1 0.000000 0.000000 0 0.739062 0.453271 1 0.000000 0.000000 0 0.687500 0.448598 1 0.756250 0.509346 1 0.000000 0.000000 0 0.740625 0.612150 1 0.000000 0.000000 0 0.790625 0.735981 1 0.734375 0.750000 1
0 0.327945 0.300701 0.045359 0.073925 0.000000 0.000000 0 0.000000 0.000000 0 0.000000 0.000000 0 0.000000 0.000000 0 0.000000 0.000000 0 0.000000 0.000000 0 0.000000 0.000000 0 0.000000 0.000000 0 0.000000 0.000000 0 0.000000 0.000000 0 0.000000 0.000000 0 0.000000 0.000000 0 0.000000 0.000000 0 0.000000 0.000000 0 0.000000 0.000000 0 0.000000 0.000000 0 0.000000 0.000000 0
0 0.254602 0.360502 0.048078 0.141659 0.000000 0.000000 0 0.000000 0.000000 0 0.000000 0.000000 0 0.256250 0.303738 1 0.000000 0.000000 0 0.260937 0.315421 1 0.243750 0.320093 1 0.260937 0.334112 1 0.232813 0.336449 1 0.246875 0.327103 1 0.240625 0.324766 1 0.265625 0.362150 1 0.250000 0.364486 1 0.265625 0.385514 1 0.246875 0.387850 1 0.278125 0.427570 1 0.248438 0.429907 1
0 0.647953 0.328131 0.038969 0.153972 0.000000 0.000000 0 0.000000 0.000000 0 0.000000 0.000000 0 0.000000 0.000000 0 0.000000 0.000000 0 0.000000 0.000000 0 0.000000 0.000000 0 0.000000 0.000000 0 0.000000 0.000000 0 0.000000 0.000000 0 0.000000 0.000000 0 0.000000 0.000000 0 0.000000 0.000000 0 0.000000 0.000000 0 0.000000 0.000000 0 0.000000 0.000000 0 0.000000 0.000000 0
0 0.903633 0.520280 0.177234 0.631168 0.845313 0.268692 1 0.854688 0.257009 1 0.839063 0.252336 1 0.870313 0.266355 1 0.000000 0.000000 0 0.900000 0.331776 1 0.829688 0.355140 1 0.959375 0.387850 1 0.000000 0.000000 0 0.937500 0.460280 1 0.000000 0.000000 0 0.900000 0.537383 1 0.854688 0.535047 1 0.920312 0.651869 1 0.870313 0.656542 1 0.965625 0.757009 1 0.926562 0.754673 1