0 0.390602 0.322260 0.147530 0.083000 0.382530 0.322000 1 0.000000 0.000000 0 0.373494 0.314000 1 0.415663 0.328000 1 0.000000 0.000000 0 0.430723 0.346000 1 0.346386 0.340000 1 0.000000 0.000000 0 0.301205 0.352000 1 0.000000 0.000000 0 0.268072 0.358000 1 0.000000 0.000000 0 0.000000 0.000000 0 0.000000 0.000000 0 0.000000 0.000000 0 0.000000 0.000000 0 0.000000 0.000000 0
0 0.788705 0.276630 0.359458 0.157500 0.867470 0.236000 1 0.876506 0.230000 1 0.855422 0.230000 1 0.897590 0.232000 1 0.834337 0.230000 1 0.915663 0.276000 1 0.801205 0.268000 1 0.960843 0.336000 1 0.713855 0.280000 1 0.927711 0.342000 1 0.650602 0.280000 1 0.909639 0.358000 1 0.834337 0.356000 1 0.000000 0.000000 0 0.000000 0.000000 0 0.000000 0.000000 0 0.000000 0.000000 0
0 0.106611 0.471910 0.213223 0.346060 0.105422 0.344000 1 0.114458 0.336000 1 0.093373 0.336000 1 0.126506 0.338000 1 0.072289 0.338000 1 0.159639 0.382000 1 0.039157 0.376000 1 0.222892 0.430000 1 0.000000 0.432000 1 0.141566 0.450000 1 0.066265 0.448000 1 0.144578 0.476000 1 0.063253 0.474000 1 0.156627 0.502000 1 0.045181 0.496000 1 0.174699 0.608000 1 0.006024 0.610000 1
0 0.232620 0.334340 0.204458 0.125240 0.222892 0.308000 1 0.231928 0.304000 1 0.210843 0.302000 1 0.000000 0.000000 0 0.189759 0.302000 1 0.243976 0.334000 1 0.162651 0.332000 1 0.322289 0.352000 1 0.093373 0.344000 1 0.243976 0.362000 1 0.162651 0.356000 1 0.000000 0.000000 0 0.000000 0.000000 0 0.000000 0.000000 0 0.000000 0.000000 0 0.000000 0.000000 0 0.000000 0.000000 0
0 0.294413 0.219810 0.173524 0.137700 0.280120 0.186000 1 0.286145 0.182000 1 0.271084 0.182000 1 0.304217 0.180000 1 0.250000 0.182000 1 0.316265 0.214000 1 0.234940 0.212000 1 0.352410 0.270000 1 0.207831 0.272000 1 0.337349 0.290000 1 0.000000 0.000000 0 0.307229 0.290000 1 0.256024 0.292000 1 0.000000 0.000000 0 0.000000 0.000000 0 0.000000 0.000000 0 0.000000 0.000000 0
0 0.469789 0.227480 0.179759 0.137400 0.490964 0.196000 1 0.500000 0.192000 1 0.481928 0.190000 1 0.000000 0.000000 0 0.451807 0.194000 1 0.506024 0.220000 1 0.421687 0.218000 1 0.533133 0.278000 1 0.388554 0.274000 1 0.490964 0.296000 1 0.000000 0.000000 0 0.487952 0.292000 1 0.427711 0.290000 1 0.000000 0.000000 0 0.000000 0.000000 0 0.000000 0.000000 0 0.000000 0.000000 0
0 0.743163 0.327100 0.105602 0.070120 0.000000 0.000000 0 0.000000 0.000000 0 0.000000 0.000000 0 0.000000 0.000000 0 0.000000 0.000000 0 0.000000 0.000000 0 0.000000 0.000000 0 0.000000 0.000000 0 0.000000 0.000000 0 0.000000 0.000000 0 0.000000 0.000000 0 0.000000 0.000000 0 0.000000 0.000000 0 0.000000 0.000000 0 0.000000 0.000000 0 0.000000 0.000000 0 0.000000 0.000000 0
0 0.631581 0.673000 0.522319 0.634160 0.629518 0.446000 1 0.000000 0.000000 0 0.000000 0.000000 0 0.617470 0.500000 1 0.000000 0.000000 0 0.602410 0.548000 1 0.695783 0.480000 1 0.539157 0.612000 1 0.707831 0.376000 1 0.454819 0.586000 1 0.807229 0.370000 1 0.659639 0.694000 1 0.734940 0.664000 1 0.629518 0.798000 1 0.740964 0.756000 1 0.650602 0.940000 1 0.780120 0.884000 1
0 0.099006 0.215230 0.197289 0.158100 0.123494 0.174000 1 0.135542 0.168000 1 0.114458 0.168000 1 0.147590 0.174000 1 0.093373 0.170000 1 0.165663 0.216000 1 0.060241 0.212000 1 0.174699 0.266000 1 0.006024 0.268000 1 0.150602 0.290000 1 0.066265 0.284000 1 0.144578 0.284000 1 0.069277 0.282000 1 0.000000 0.000000 0 0.042169 0.312000 1 0.000000 0.000000 0 0.000000 0.000000 0
0 0.745316 0.156540 0.256777 0.161600 0.704819 0.118000 1 0.716867 0.112000 1 0.698795 0.112000 1 0.746988 0.112000 1 0.000000 0.000000 0 0.768072 0.144000 1 0.689759 0.156000 1 0.855422 0.164000 1 0.629518 0.194000 1 0.813253 0.202000 1 0.689759 0.216000 1 0.783133 0.240000 1 0.710843 0.246000 1 0.000000 0.000000 0 0.000000 0.000000 0 0.000000 0.000000 0 0.000000 0.000000 0
0 0.948148 0.225460 0.103705 0.188240 0.936747 0.170000 1 0.948795 0.162000 1 0.930723 0.162000 1 0.987952 0.170000 1 0.000000 0.000000 0 0.000000 0.000000 0 0.909639 0.218000 1 0.000000 0.000000 0 0.000000 0.000000 0 0.000000 0.000000 0 0.000000 0.000000 0 0.000000 0.000000 0 0.906627 0.306000 1 0.000000 0.000000 0 0.000000 0.000000 0 0.000000 0.000000 0 0.000000 0.000000 0
0 0.522982 0.105330 0.218072 0.139980 0.512048 0.060000 1 0.524096 0.058000 1 0.506024 0.056000 1 0.548193 0.070000 1 0.000000 0.000000 0 0.563253 0.110000 1 0.487952 0.106000 1 0.611446 0.162000 1 0.427711 0.148000 1 0.587349 0.150000 1 0.493976 0.142000 1 0.554217 0.186000 1 0.490964 0.182000 1 0.000000 0.000000 0 0.000000 0.000000 0 0.000000 0.000000 0 0.000000 0.000000 0
0 0.917877 0.161140 0.091235 0.092840 0.000000 0.000000 0 0.000000 0.000000 0 0.000000 0.000000 0 0.000000 0.000000 0 0.000000 0.000000 0 0.000000 0.000000 0 0.000000 0.000000 0 0.000000 0.000000 0 0.000000 0.000000 0 0.000000 0.000000 0 0.000000 0.000000 0 0.000000 0.000000 0 0.000000 0.000000 0 0.000000 0.000000 0 0.000000 0.000000 0 0.000000 0.000000 0 0.000000 0.000000 0