0 0.143805 0.725766 0.067109 0.356555 0.154688 0.581340 1 0.156250 0.571770 1 0.150000 0.571770 1 0.165625 0.578947 1 0.142187 0.578947 1 0.170313 0.619617 1 0.131250 0.622010 1 0.000000 0.000000 0 0.115625 0.669856 1 0.000000 0.000000 0 0.131250 0.700957 1 0.164062 0.712919 1 0.137500 0.720096 1 0.159375 0.801435 1 0.140625 0.801435 1 0.157812 0.863636 1 0.135937 0.875598 1
0 0.258477 0.723684 0.068484 0.336029 0.259375 0.590909 1 0.264062 0.583732 1 0.256250 0.583732 1 0.268750 0.586124 1 0.248438 0.586124 1 0.281250 0.619617 1 0.239063 0.619617 1 0.290625 0.669856 1 0.228125 0.677033 1 0.287500 0.717703 1 0.232813 0.724880 1 0.270313 0.715311 1 0.248438 0.717703 1 0.271875 0.789474 1 0.246875 0.784689 1 0.273438 0.861244 1 0.245312 0.866029 1
0 0.414266 0.745897 0.067875 0.295096 0.412500 0.624402 1 0.417187 0.617225 1 0.407813 0.617225 1 0.423438 0.619617 1 0.403125 0.622010 1 0.434375 0.653110 1 0.393750 0.655502 1 0.440625 0.703349 1 0.392188 0.703349 1 0.435937 0.744019 1 0.392188 0.739234 1 0.421875 0.753589 1 0.401562 0.753589 1 0.421875 0.806220 1 0.398438 0.801435 1 0.418750 0.866029 1 0.400000 0.863636 1
0 0.369398 0.732273 0.055266 0.302727 0.367188 0.610048 1 0.371875 0.605263 1 0.362500 0.605263 1 0.376563 0.607656 1 0.357812 0.610048 1 0.385937 0.636364 1 0.351562 0.638756 1 0.396875 0.679426 1 0.345313 0.674641 1 0.376563 0.700957 1 0.365625 0.722488 1 0.381250 0.734450 1 0.356250 0.734450 1 0.379688 0.799043 1 0.360938 0.801435 1 0.381250 0.856459 1 0.360938 0.856459 1
0 0.464344 0.746124 0.059281 0.291818 0.462500 0.633971 1 0.464062 0.626794 1 0.459375 0.626794 1 0.000000 0.000000 0 0.000000 0.000000 0 0.479687 0.653110 1 0.443750 0.655502 1 0.000000 0.000000 0 0.000000 0.000000 0 0.459375 0.736842 1 0.454688 0.739234 1 0.468750 0.715311 1 0.453125 0.722488 1 0.465625 0.808612 1 0.450000 0.811005 1 0.459375 0.877990 1 0.446875 0.877990 1
0 0.500828 0.716627 0.052719 0.325120 0.493750 0.583732 1 0.496875 0.576555 1 0.487500 0.578947 1 0.504687 0.578947 1 0.484375 0.583732 1 0.510938 0.607656 1 0.481250 0.610048 1 0.521875 0.655502 1 0.473438 0.643541 1 0.525000 0.703349 1 0.479687 0.703349 1 0.503125 0.696172 1 0.489063 0.703349 1 0.507812 0.758373 1 0.487500 0.760766 1 0.509375 0.832536 1 0.485938 0.832536 1
0 0.187539 0.744103 0.081766 0.348923 0.193750 0.602871 1 0.196875 0.595694 1 0.189062 0.593301 1 0.000000 0.000000 0 0.176563 0.600478 1 0.207813 0.629187 1 0.170313 0.633971 1 0.223438 0.691388 1 0.157812 0.703349 1 0.225000 0.727273 1 0.167187 0.741627 1 0.206250 0.708134 1 0.189062 0.708134 1 0.206250 0.811005 1 0.181250 0.813397 1 0.206250 0.882775 1 0.178125 0.887560 1
0 0.313195 0.734785 0.067516 0.320239 0.309375 0.600478 1 0.314063 0.595694 1 0.304688 0.595694 1 0.323437 0.600478 1 0.000000 0.000000 0 0.331250 0.641148 1 0.293750 0.641148 1 0.342187 0.691388 1 0.284375 0.684211 1 0.342187 0.727273 1 0.300000 0.705742 1 0.331250 0.729665 1 0.304688 0.727273 1 0.331250 0.799043 1 0.298438 0.803828 1 0.331250 0.861244 1 0.296875 0.866029 1
0 0.589859 0.701340 0.047469 0.299426 0.579688 0.583732 1 0.584375 0.576555 1 0.576562 0.578947 1 0.589063 0.578947 1 0.568750 0.576555 1 0.598437 0.617225 1 0.565625 0.617225 1 0.606250 0.662679 1 0.000000 0.000000 0 0.592187 0.688995 1 0.000000 0.000000 0 0.592187 0.698565 1 0.568750 0.693780 1 0.589063 0.760766 1 0.568750 0.758373 1 0.589063 0.820574 1 0.568750 0.815789 1
0 0.637844 0.690766 0.061688 0.300670 0.632812 0.569378 1 0.635938 0.564593 1 0.631250 0.562201 1 0.643750 0.566986 1 0.000000 0.000000 0 0.650000 0.593301 1 0.625000 0.600478 1 0.660937 0.641148 1 0.620313 0.636364 1 0.654687 0.672249 1 0.620313 0.672249 1 0.645312 0.674641 1 0.628125 0.679426 1 0.640625 0.744019 1 0.625000 0.741627 1 0.640625 0.813397 1 0.628125 0.801435 1
0 0.550203 0.714964 0.066594 0.305335 0.548438 0.590909 1 0.550000 0.583732 1 0.543750 0.583732 1 0.557813 0.588517 1 0.000000 0.000000 0 0.567187 0.622010 1 0.535937 0.622010 1 0.578125 0.672249 1 0.529687 0.667464 1 0.576562 0.710526 1 0.525000 0.643541 1 0.562500 0.715311 1 0.535937 0.712919 1 0.562500 0.777512 1 0.539062 0.777512 1 0.559375 0.839713 1 0.540625 0.839713 1
0 0.356836 0.596722 0.063141 0.114880 0.000000 0.000000 0 0.000000 0.000000 0 0.000000 0.000000 0 0.000000 0.000000 0 0.000000 0.000000 0 0.000000 0.000000 0 0.000000 0.000000 0 0.000000 0.000000 0 0.000000 0.000000 0 0.000000 0.000000 0 0.000000 0.000000 0 0.000000 0.000000 0 0.000000 0.000000 0 0.000000 0.000000 0 0.000000 0.000000 0 0.000000 0.000000 0 0.000000 0.000000 0
0 0.439063 0.605885 0.032406 0.100813 0.000000 0.000000 0 0.000000 0.000000 0 0.000000 0.000000 0 0.000000 0.000000 0 0.000000 0.000000 0 0.000000 0.000000 0 0.000000 0.000000 0 0.000000 0.000000 0 0.000000 0.000000 0 0.000000 0.000000 0 0.000000 0.000000 0 0.000000 0.000000 0 0.000000 0.000000 0 0.000000 0.000000 0 0.000000 0.000000 0 0.000000 0.000000 0 0.000000 0.000000 0