0 0.591195 0.523809 0.377297 0.930495 0.518750 0.205189 1 0.535937 0.176887 1 0.498437 0.186321 1 0.565625 0.162736 1 0.000000 0.000000 0 0.570312 0.334906 1 0.476562 0.341981 1 0.550000 0.528302 1 0.420312 0.577830 1 0.595313 0.599057 1 0.567187 0.620283 1 0.564063 0.608491 1 0.492188 0.625000 1 0.717187 0.721698 1 0.684375 0.738208 1 0.000000 0.000000 0 0.000000 0.000000 0
0 0.422477 0.496050 0.635578 0.984222 0.296875 0.188679 1 0.321875 0.162736 1 0.270313 0.158019 1 0.000000 0.000000 0 0.223438 0.129717 1 0.350000 0.318396 1 0.156250 0.308962 1 0.429688 0.549528 1 0.170313 0.547170 1 0.396875 0.521226 1 0.254688 0.485849 1 0.385937 0.662736 1 0.279687 0.702830 1 0.567187 0.698113 1 0.498437 0.808962 1 0.000000 0.000000 0 0.000000 0.000000 0
0 0.291234 0.494623 0.582469 0.988821 0.214062 0.103774 1 0.000000 0.000000 0 0.198437 0.018868 1 0.000000 0.000000 0 0.000000 0.000000 0 0.000000 0.000000 0 0.015625 0.195755 1 0.000000 0.000000 0 0.023438 0.625000 1 0.000000 0.000000 0 0.250000 0.568396 1 0.117188 0.808962 1 0.045312 0.846698 1 0.451562 0.889151 1 0.000000 0.000000 0 0.000000 0.000000 0 0.000000 0.000000 0
0 0.789797 0.496627 0.397500 0.651698 0.684375 0.250000 1 0.000000 0.000000 0 0.668750 0.231132 1 0.000000 0.000000 0 0.635938 0.240566 1 0.637500 0.353774 1 0.615625 0.356132 1 0.631250 0.509434 1 0.604688 0.516509 1 0.703125 0.469340 1 0.706250 0.450472 1 0.640625 0.610849 1 0.609375 0.655660 1 0.840625 0.509434 1 0.854688 0.620283 1 0.901563 0.745283 1 0.000000 0.000000 0
0 0.843430 0.452559 0.285828 0.475920 0.871875 0.304245 1 0.000000 0.000000 0 0.862500 0.294811 1 0.000000 0.000000 0 0.834375 0.308962 1 0.000000 0.000000 0 0.784375 0.393868 1 0.000000 0.000000 0 0.860938 0.504717 1 0.000000 0.000000 0 0.948438 0.625000 1 0.000000 0.000000 0 0.768750 0.537736 1 0.892188 0.497642 1 0.000000 0.000000 0 0.901563 0.686321 1 0.000000 0.000000 0
0 0.754711 0.554446 0.378547 0.889080 0.606250 0.209906 1 0.000000 0.000000 0 0.593750 0.191038 1 0.000000 0.000000 0 0.000000 0.000000 0 0.000000 0.000000 0 0.000000 0.000000 0 0.000000 0.000000 0 0.587500 0.497642 1 0.000000 0.000000 0 0.639062 0.438679 1 0.631250 0.547170 1 0.606250 0.566038 1 0.740625 0.549528 1 0.725000 0.632075 1 0.835938 0.775943 1 0.759375 0.924528 1
0 0.765852 0.285271 0.092203 0.196533 0.000000 0.000000 0 0.000000 0.000000 0 0.000000 0.000000 0 0.000000 0.000000 0 0.776563 0.261792 1 0.000000 0.000000 0 0.739062 0.363208 1 0.000000 0.000000 0 0.000000 0.000000 0 0.000000 0.000000 0 0.000000 0.000000 0 0.000000 0.000000 0 0.000000 0.000000 0 0.000000 0.000000 0 0.000000 0.000000 0 0.000000 0.000000 0 0.000000 0.000000 0
0 0.364547 0.276521 0.079750 0.104693 0.390625 0.313679 1 0.000000 0.000000 0 0.384375 0.299528 1 0.000000 0.000000 0 0.357812 0.283019 1 0.000000 0.000000 0 0.000000 0.000000 0 0.000000 0.000000 0 0.000000 0.000000 0 0.000000 0.000000 0 0.000000 0.000000 0 0.000000 0.000000 0 0.000000 0.000000 0 0.000000 0.000000 0 0.000000 0.000000 0 0.000000 0.000000 0 0.000000 0.000000 0
0 0.147172 0.221828 0.105625 0.119269 0.000000 0.000000 0 0.000000 0.000000 0 0.168750 0.221698 1 0.000000 0.000000 0 0.132812 0.216981 1 0.000000 0.000000 0 0.000000 0.000000 0 0.000000 0.000000 0 0.000000 0.000000 0 0.000000 0.000000 0 0.000000 0.000000 0 0.000000 0.000000 0 0.000000 0.000000 0 0.000000 0.000000 0 0.000000 0.000000 0 0.000000 0.000000 0 0.000000 0.000000 0
0 0.969320 0.331969 0.061359 0.184693 0.000000 0.000000 0 0.000000 0.000000 0 0.000000 0.000000 0 0.000000 0.000000 0 0.984375 0.290094 1 0.990625 0.351415 1 0.946875 0.358491 1 0.000000 0.000000 0 0.000000 0.000000 0 0.000000 0.000000 0 0.000000 0.000000 0 0.000000 0.000000 0 0.000000 0.000000 0 0.000000 0.000000 0 0.000000 0.000000 0 0.000000 0.000000 0 0.000000 0.000000 0
0 0.712523 0.339292 0.075297 0.148066 0.729688 0.318396 1 0.735938 0.306604 1 0.723437 0.306604 1 0.000000 0.000000 0 0.710938 0.304245 1 0.000000 0.000000 0 0.690625 0.370283 1 0.000000 0.000000 0 0.000000 0.000000 0 0.000000 0.000000 0 0.000000 0.000000 0 0.000000 0.000000 0 0.000000 0.000000 0 0.000000 0.000000 0 0.000000 0.000000 0 0.000000 0.000000 0 0.000000 0.000000 0
0 0.930492 0.330401 0.123359 0.232028 0.937500 0.285377 1 0.000000 0.000000 0 0.932813 0.280660 1 0.000000 0.000000 0 0.903125 0.280660 1 0.912500 0.344340 1 0.885938 0.353774 1 0.000000 0.000000 0 0.907813 0.436321 1 0.000000 0.000000 0 0.959375 0.396226 1 0.926562 0.478774 1 0.898438 0.495283 1 0.000000 0.000000 0 0.000000 0.000000 0 0.000000 0.000000 0 0.000000 0.000000 0
0 0.912641 0.421050 0.173469 0.304929 0.000000 0.000000 0 0.000000 0.000000 0 0.000000 0.000000 0 0.000000 0.000000 0 0.000000 0.000000 0 0.854688 0.363208 1 0.839063 0.379717 1 0.000000 0.000000 0 0.878125 0.457547 1 0.000000 0.000000 0 0.926562 0.466981 1 0.000000 0.000000 0 0.000000 0.000000 0 0.000000 0.000000 0 0.000000 0.000000 0 0.000000 0.000000 0 0.000000 0.000000 0