0 0.235125 0.607593 0.093875 0.400093 0.257812 0.464953 1 0.264062 0.455607 1 0.251563 0.453271 1 0.000000 0.000000 0 0.232813 0.455607 1 0.000000 0.000000 0 0.240625 0.511682 1 0.000000 0.000000 0 0.262500 0.593458 1 0.000000 0.000000 0 0.000000 0.000000 0 0.000000 0.000000 0 0.234375 0.726636 1 0.000000 0.000000 0 0.235937 0.829439 1 0.000000 0.000000 0 0.000000 0.000000 0
0 0.436570 0.383143 0.356172 0.442687 0.526563 0.289720 1 0.542188 0.285047 1 0.521875 0.271028 1 0.559375 0.282710 1 0.507812 0.242991 1 0.571875 0.334112 1 0.475000 0.264019 1 0.592187 0.420561 1 0.417187 0.245327 1 0.593750 0.523364 1 0.351562 0.189252 1 0.487500 0.490654 1 0.460938 0.436916 1 0.489063 0.504673 1 0.410938 0.399533 1 0.346875 0.567757 1 0.304688 0.448598 1
0 0.417812 0.629801 0.124375 0.347921 0.000000 0.000000 0 0.000000 0.000000 0 0.000000 0.000000 0 0.000000 0.000000 0 0.000000 0.000000 0 0.457813 0.532710 1 0.393750 0.525701 1 0.464062 0.598131 1 0.381250 0.595794 1 0.437500 0.525701 1 0.404687 0.528037 1 0.439063 0.740654 1 0.389062 0.731308 1 0.439063 0.857477 1 0.385937 0.852804 1 0.000000 0.000000 0 0.000000 0.000000 0
0 0.589852 0.648318 0.091672 0.330327 0.579688 0.542056 1 0.585938 0.535047 1 0.575000 0.535047 1 0.000000 0.000000 0 0.562500 0.532710 1 0.609375 0.598131 1 0.545312 0.591121 1 0.614062 0.682243 1 0.532813 0.663551 1 0.593750 0.742991 1 0.545312 0.733645 1 0.598437 0.747664 1 0.554688 0.747664 1 0.593750 0.866822 1 0.554688 0.864486 1 0.000000 0.000000 0 0.000000 0.000000 0
0 0.663484 0.522465 0.082656 0.235958 0.676562 0.450935 1 0.682813 0.446262 1 0.671875 0.441589 1 0.692187 0.455607 1 0.660937 0.448598 1 0.695312 0.523364 1 0.642188 0.507009 1 0.000000 0.000000 0 0.628125 0.591121 1 0.000000 0.000000 0 0.629687 0.665888 1 0.000000 0.000000 0 0.000000 0.000000 0 0.000000 0.000000 0 0.000000 0.000000 0 0.000000 0.000000 0 0.000000 0.000000 0
0 0.499672 0.673236 0.091812 0.282126 0.000000 0.000000 0 0.000000 0.000000 0 0.000000 0.000000 0 0.000000 0.000000 0 0.000000 0.000000 0 0.525000 0.558411 1 0.470313 0.565421 1 0.535937 0.628505 1 0.000000 0.000000 0 0.482812 0.628505 1 0.000000 0.000000 0 0.517188 0.712617 1 0.473438 0.710280 1 0.510938 0.834112 1 0.471875 0.829439 1 0.000000 0.000000 0 0.000000 0.000000 0
0 0.075773 0.546016 0.127641 0.315771 0.075000 0.450935 1 0.082812 0.441589 1 0.068750 0.441589 1 0.093750 0.441589 1 0.048438 0.439252 1 0.110937 0.509346 1 0.034375 0.509346 1 0.112500 0.605140 1 0.029687 0.605140 1 0.062500 0.609813 1 0.096875 0.581776 1 0.100000 0.686916 1 0.051562 0.684579 1 0.000000 0.000000 0 0.000000 0.000000 0 0.000000 0.000000 0 0.000000 0.000000 0
0 0.710461 0.828692 0.126047 0.342617 0.696875 0.714953 1 0.703125 0.705607 1 0.689063 0.705607 1 0.712500 0.707944 1 0.679688 0.707944 1 0.718750 0.752336 1 0.670312 0.750000 1 0.729688 0.815421 1 0.654687 0.808411 1 0.734375 0.845794 1 0.676562 0.813084 1 0.712500 0.857477 1 0.684375 0.859813 1 0.740625 0.901869 1 0.000000 0.000000 0 0.739062 0.978972 1 0.000000 0.000000 0
0 0.829922 0.809848 0.124250 0.380304 0.832812 0.672897 1 0.839063 0.663551 1 0.826562 0.663551 1 0.848437 0.668224 1 0.000000 0.000000 0 0.865625 0.721963 1 0.804688 0.724299 1 0.876563 0.789720 1 0.798438 0.789720 1 0.851562 0.841121 1 0.803125 0.834112 1 0.856250 0.834112 1 0.812500 0.829439 1 0.860938 0.864486 1 0.787500 0.850467 1 0.856250 0.971963 1 0.781250 0.962617 1
0 0.952594 0.817664 0.094469 0.352383 0.956250 0.691589 1 0.960938 0.684579 1 0.950000 0.684579 1 0.971875 0.691589 1 0.939063 0.686916 1 0.984375 0.731308 1 0.925000 0.721963 1 0.000000 0.000000 0 0.920312 0.803738 1 0.984375 0.820093 1 0.953125 0.813084 1 0.971875 0.838785 1 0.942187 0.834112 1 0.000000 0.000000 0 0.923438 0.829439 1 0.998437 0.962617 1 0.915625 0.969626 1
0 0.864641 0.652512 0.039813 0.101893 0.000000 0.000000 0 0.000000 0.000000 0 0.000000 0.000000 0 0.000000 0.000000 0 0.000000 0.000000 0 0.000000 0.000000 0 0.000000 0.000000 0 0.000000 0.000000 0 0.000000 0.000000 0 0.000000 0.000000 0 0.000000 0.000000 0 0.000000 0.000000 0 0.000000 0.000000 0 0.000000 0.000000 0 0.000000 0.000000 0 0.000000 0.000000 0 0.000000 0.000000 0
0 0.150938 0.621857 0.072344 0.349696 0.178125 0.490654 1 0.000000 0.000000 0 0.173437 0.485981 1 0.000000 0.000000 0 0.160938 0.488318 1 0.153125 0.532710 1 0.142187 0.530374 1 0.000000 0.000000 0 0.114062 0.588785 1 0.000000 0.000000 0 0.128125 0.651869 1 0.151562 0.672897 1 0.142187 0.670561 1 0.000000 0.000000 0 0.142187 0.771028 1 0.000000 0.000000 0 0.000000 0.000000 0
0 0.730031 0.649206 0.089781 0.377804 0.735938 0.504673 1 0.745313 0.500000 1 0.731250 0.497664 1 0.000000 0.000000 0 0.715625 0.500000 1 0.756250 0.577103 1 0.696875 0.565421 1 0.764062 0.647196 1 0.000000 0.000000 0 0.729688 0.623832 1 0.000000 0.000000 0 0.742188 0.724299 1 0.709375 0.717290 1 0.742188 0.843458 1 0.000000 0.000000 0 0.742188 0.971963 1 0.000000 0.000000 0