0 0.599589 0.608742 0.687160 0.656953 0.347418 0.325000 1 0.375587 0.323437 1 0.000000 0.000000 0 0.000000 0.000000 0 0.000000 0.000000 0 0.485915 0.406250 1 0.377934 0.362500 1 0.626761 0.492188 1 0.288732 0.456250 1 0.596244 0.584375 1 0.284038 0.560937 1 0.539906 0.528125 1 0.521127 0.521875 1 0.478873 0.689063 1 0.718310 0.598437 1 0.403756 0.862500 1 0.856808 0.693750 1
0 0.915540 0.430039 0.137230 0.103922 0.917840 0.406250 1 0.927230 0.401562 1 0.908451 0.401562 1 0.000000 0.000000 0 0.000000 0.000000 0 0.962441 0.435937 1 0.868545 0.434375 1 0.967136 0.482812 1 0.861502 0.478125 1 0.000000 0.000000 0 0.000000 0.000000 0 0.000000 0.000000 0 0.000000 0.000000 0 0.000000 0.000000 0 0.000000 0.000000 0 0.000000 0.000000 0 0.000000 0.000000 0
0 0.929930 0.330344 0.139437 0.127156 0.929577 0.295312 1 0.934272 0.290625 1 0.920188 0.289062 1 0.950704 0.295312 1 0.000000 0.000000 0 0.981221 0.332813 1 0.892019 0.331250 1 0.981221 0.382812 1 0.870892 0.379688 1 0.000000 0.000000 0 0.000000 0.000000 0 0.964789 0.396875 1 0.894366 0.396875 1 0.000000 0.000000 0 0.000000 0.000000 0 0.000000 0.000000 0 0.000000 0.000000 0
0 0.793521 0.335625 0.157183 0.123687 0.774648 0.300000 1 0.786385 0.293750 1 0.769953 0.295312 1 0.802817 0.298438 1 0.762911 0.300000 1 0.833333 0.332813 1 0.746479 0.331250 1 0.852113 0.368750 1 0.730047 0.368750 1 0.819249 0.393750 1 0.000000 0.000000 0 0.819249 0.398438 1 0.760563 0.395313 1 0.000000 0.000000 0 0.000000 0.000000 0 0.000000 0.000000 0 0.000000 0.000000 0
0 0.875188 0.217406 0.100235 0.105469 0.849765 0.189062 1 0.859155 0.185938 1 0.840376 0.187500 1 0.875587 0.190625 1 0.833333 0.196875 1 0.894366 0.223438 1 0.821596 0.225000 1 0.901408 0.257812 1 0.000000 0.000000 0 0.854460 0.246875 1 0.880282 0.251563 1 0.884977 0.293750 1 0.838028 0.293750 1 0.000000 0.000000 0 0.000000 0.000000 0 0.000000 0.000000 0 0.000000 0.000000 0
0 0.716737 0.185305 0.107887 0.093359 0.704225 0.160938 1 0.718310 0.157812 1 0.697183 0.156250 1 0.730047 0.165625 1 0.000000 0.000000 0 0.753521 0.195312 1 0.676056 0.195312 1 0.753521 0.231250 1 0.671362 0.229687 1 0.000000 0.000000 0 0.000000 0.000000 0 0.000000 0.000000 0 0.000000 0.000000 0 0.000000 0.000000 0 0.000000 0.000000 0 0.000000 0.000000 0 0.000000 0.000000 0
0 0.751115 0.521328 0.138099 0.107531 0.720657 0.496875 1 0.734742 0.487500 1 0.000000 0.000000 0 0.751174 0.498437 1 0.000000 0.000000 0 0.772300 0.532813 1 0.694836 0.532813 1 0.000000 0.000000 0 0.000000 0.000000 0 0.000000 0.000000 0 0.000000 0.000000 0 0.000000 0.000000 0 0.000000 0.000000 0 0.000000 0.000000 0 0.000000 0.000000 0 0.000000 0.000000 0 0.000000 0.000000 0
0 0.956937 0.272313 0.085610 0.120844 0.964789 0.239063 1 0.971831 0.232813 1 0.957746 0.232813 1 0.992958 0.234375 1 0.000000 0.000000 0 0.000000 0.000000 0 0.931925 0.270313 1 0.000000 0.000000 0 0.000000 0.000000 0 0.000000 0.000000 0 0.000000 0.000000 0 0.000000 0.000000 0 0.000000 0.000000 0 0.000000 0.000000 0 0.000000 0.000000 0 0.000000 0.000000 0 0.000000 0.000000 0
0 0.211890 0.378148 0.131667 0.146078 0.185446 0.335938 1 0.199531 0.328125 1 0.183099 0.329688 1 0.225352 0.332813 1 0.000000 0.000000 0 0.255869 0.373437 1 0.166667 0.379688 1 0.248826 0.417187 1 0.154930 0.426563 1 0.227700 0.448437 1 0.000000 0.000000 0 0.251174 0.460938 1 0.185446 0.460938 1 0.000000 0.000000 0 0.000000 0.000000 0 0.000000 0.000000 0 0.000000 0.000000 0
0 0.135035 0.330734 0.085141 0.098156 0.096244 0.293750 1 0.103286 0.289062 1 0.086854 0.289062 1 0.124413 0.298438 1 0.000000 0.000000 0 0.143192 0.323437 1 0.070423 0.315625 1 0.147887 0.373437 1 0.000000 0.000000 0 0.000000 0.000000 0 0.093897 0.314063 1 0.000000 0.000000 0 0.000000 0.000000 0 0.000000 0.000000 0 0.000000 0.000000 0 0.000000 0.000000 0 0.000000 0.000000 0
0 0.902336 0.521203 0.133545 0.104688 0.887324 0.501563 1 0.894366 0.498437 1 0.880282 0.496875 1 0.913146 0.507812 1 0.000000 0.000000 0 0.948357 0.543750 1 0.866197 0.539062 1 0.000000 0.000000 0 0.000000 0.000000 0 0.000000 0.000000 0 0.000000 0.000000 0 0.000000 0.000000 0 0.000000 0.000000 0 0.000000 0.000000 0 0.000000 0.000000 0 0.000000 0.000000 0 0.000000 0.000000 0
0 0.910305 0.495797 0.169202 0.149188 0.896714 0.456250 1 0.910798 0.450000 1 0.889671 0.450000 1 0.931925 0.453125 1 0.000000 0.000000 0 0.969484 0.485938 1 0.849765 0.485938 1 0.957746 0.546875 1 0.840376 0.545312 1 0.000000 0.000000 0 0.000000 0.000000 0 0.927230 0.568750 1 0.866197 0.568750 1 0.000000 0.000000 0 0.000000 0.000000 0 0.000000 0.000000 0 0.000000 0.000000 0
0 0.923110 0.383062 0.131948 0.118312 0.913146 0.350000 1 0.924883 0.345313 1 0.903756 0.345313 1 0.943662 0.350000 1 0.000000 0.000000 0 0.960094 0.379688 1 0.887324 0.378125 1 0.971831 0.423438 1 0.873239 0.415625 1 0.000000 0.000000 0 0.000000 0.000000 0 0.936620 0.442188 1 0.894366 0.442188 1 0.000000 0.000000 0 0.000000 0.000000 0 0.000000 0.000000 0 0.000000 0.000000 0