0 0.594555 0.480024 0.202172 0.458588 0.610938 0.338824 1 0.623437 0.322353 1 0.603125 0.324706 1 0.650000 0.329412 1 0.000000 0.000000 0 0.657813 0.430588 1 0.582812 0.421176 1 0.603125 0.545882 1 0.535937 0.487059 1 0.514062 0.588235 1 0.495312 0.531765 1 0.640625 0.696471 1 0.576562 0.680000 1 0.000000 0.000000 0 0.000000 0.000000 0 0.000000 0.000000 0 0.000000 0.000000 0
0 0.490219 0.346071 0.168625 0.453929 0.489063 0.209412 1 0.500000 0.190588 1 0.476562 0.188235 1 0.515625 0.195294 1 0.454688 0.190588 1 0.548438 0.277647 1 0.421875 0.308235 1 0.528125 0.381176 1 0.000000 0.000000 0 0.498437 0.475294 1 0.000000 0.000000 0 0.518750 0.585882 1 0.437500 0.583529 1 0.000000 0.000000 0 0.000000 0.000000 0 0.000000 0.000000 0 0.000000 0.000000 0
0 0.104508 0.363294 0.111078 0.241835 0.101562 0.275294 1 0.107813 0.270588 1 0.095312 0.270588 1 0.117188 0.277647 1 0.084375 0.280000 1 0.135937 0.331765 1 0.073438 0.331765 1 0.150000 0.400000 1 0.062500 0.404706 1 0.000000 0.000000 0 0.000000 0.000000 0 0.123438 0.447059 1 0.084375 0.447059 1 0.000000 0.000000 0 0.000000 0.000000 0 0.000000 0.000000 0 0.000000 0.000000 0
0 0.151148 0.351071 0.063078 0.263694 0.148438 0.247059 1 0.151562 0.242353 1 0.142187 0.244706 1 0.157812 0.249412 1 0.134375 0.251765 1 0.173437 0.294118 1 0.120313 0.296471 1 0.000000 0.000000 0 0.000000 0.000000 0 0.000000 0.000000 0 0.000000 0.000000 0 0.173437 0.404706 1 0.139063 0.409412 1 0.000000 0.000000 0 0.000000 0.000000 0 0.000000 0.000000 0 0.000000 0.000000 0
0 0.393695 0.453212 0.224578 0.498329 0.360938 0.282353 1 0.368750 0.258824 1 0.342187 0.265882 1 0.000000 0.000000 0 0.320312 0.287059 1 0.400000 0.341176 1 0.303125 0.381176 1 0.440625 0.468235 1 0.357812 0.534118 1 0.467187 0.545882 1 0.464062 0.578824 1 0.429688 0.680000 1 0.357812 0.701176 1 0.000000 0.000000 0 0.000000 0.000000 0 0.000000 0.000000 0 0.000000 0.000000 0
0 0.045875 0.348165 0.084125 0.257741 0.043750 0.249412 1 0.046875 0.244706 1 0.037500 0.244706 1 0.057813 0.244706 1 0.029687 0.251765 1 0.078125 0.289412 1 0.009375 0.301176 1 0.000000 0.000000 0 0.000000 0.000000 0 0.000000 0.000000 0 0.000000 0.000000 0 0.065625 0.414118 1 0.034375 0.418824 1 0.000000 0.000000 0 0.000000 0.000000 0 0.000000 0.000000 0 0.000000 0.000000 0
0 0.716680 0.335729 0.079922 0.234094 0.721875 0.249412 1 0.726562 0.242353 1 0.715625 0.242353 1 0.734375 0.247059 1 0.709375 0.249412 1 0.748437 0.296471 1 0.696875 0.296471 1 0.000000 0.000000 0 0.000000 0.000000 0 0.000000 0.000000 0 0.000000 0.000000 0 0.737500 0.440000 1 0.698438 0.437647 1 0.000000 0.000000 0 0.000000 0.000000 0 0.000000 0.000000 0 0.000000 0.000000 0
0 0.791625 0.350412 0.088156 0.280024 0.793750 0.244706 1 0.800000 0.235294 1 0.787500 0.235294 1 0.806250 0.242353 1 0.779687 0.244706 1 0.815625 0.301176 1 0.762500 0.298824 1 0.000000 0.000000 0 0.000000 0.000000 0 0.000000 0.000000 0 0.000000 0.000000 0 0.804688 0.418824 1 0.770312 0.416471 1 0.807813 0.496471 1 0.767188 0.501176 1 0.000000 0.000000 0 0.000000 0.000000 0
0 0.949836 0.446012 0.099984 0.449435 0.959375 0.254118 1 0.967187 0.244706 1 0.953125 0.247059 1 0.978125 0.256471 1 0.000000 0.000000 0 0.993750 0.301176 1 0.931250 0.310588 1 0.000000 0.000000 0 0.917188 0.390588 1 0.000000 0.000000 0 0.912500 0.447059 1 0.978125 0.456471 1 0.932813 0.454118 1 0.971875 0.552941 1 0.937500 0.550588 1 0.971875 0.635294 1 0.945312 0.637647 1
0 0.181703 0.253447 0.039187 0.080682 0.000000 0.000000 0 0.000000 0.000000 0 0.000000 0.000000 0 0.000000 0.000000 0 0.000000 0.000000 0 0.000000 0.000000 0 0.000000 0.000000 0 0.000000 0.000000 0 0.000000 0.000000 0 0.000000 0.000000 0 0.000000 0.000000 0 0.000000 0.000000 0 0.000000 0.000000 0 0.000000 0.000000 0 0.000000 0.000000 0 0.000000 0.000000 0 0.000000 0.000000 0
0 0.214742 0.350871 0.100547 0.238871 0.210938 0.268235 1 0.215625 0.263529 1 0.204687 0.263529 1 0.000000 0.000000 0 0.193750 0.272941 1 0.239063 0.317647 1 0.179688 0.317647 1 0.251563 0.390588 1 0.175000 0.383529 1 0.240625 0.416471 1 0.210938 0.418824 1 0.240625 0.435294 1 0.192188 0.442353 1 0.000000 0.000000 0 0.000000 0.000000 0 0.000000 0.000000 0 0.000000 0.000000 0
0 0.677484 0.305624 0.062156 0.235812 0.667188 0.221176 1 0.671875 0.216471 1 0.664062 0.216471 1 0.679688 0.216471 1 0.657813 0.223529 1 0.695312 0.261176 1 0.648438 0.265882 1 0.000000 0.000000 0 0.000000 0.000000 0 0.000000 0.000000 0 0.000000 0.000000 0 0.692187 0.390588 1 0.659375 0.390588 1 0.000000 0.000000 0 0.000000 0.000000 0 0.000000 0.000000 0 0.000000 0.000000 0
0 0.276844 0.333976 0.057813 0.186541 0.268750 0.270588 1 0.270313 0.261176 1 0.260937 0.261176 1 0.279687 0.263529 1 0.256250 0.265882 1 0.295312 0.303529 1 0.243750 0.308235 1 0.301563 0.362353 1 0.239063 0.367059 1 0.278125 0.411765 1 0.264062 0.416471 1 0.289062 0.416471 1 0.248438 0.414118 1 0.000000 0.000000 0 0.000000 0.000000 0 0.000000 0.000000 0 0.000000 0.000000 0