0 0.177055 0.547160 0.145609 0.526901 0.106250 0.352113 1 0.110937 0.338028 1 0.000000 0.000000 0 0.132812 0.345070 1 0.000000 0.000000 0 0.164062 0.413146 1 0.140625 0.410798 1 0.209375 0.509390 1 0.128125 0.497653 1 0.153125 0.563380 1 0.082812 0.507042 1 0.196875 0.591549 1 0.181250 0.568075 1 0.104688 0.598592 1 0.093750 0.575117 1 0.157812 0.725352 1 0.142187 0.697183 1
0 0.215836 0.352007 0.076109 0.233498 0.190625 0.307512 1 0.196875 0.298122 1 0.187500 0.302817 1 0.220312 0.295775 1 0.000000 0.000000 0 0.239063 0.345070 1 0.196875 0.347418 1 0.245312 0.427230 1 0.000000 0.000000 0 0.000000 0.000000 0 0.000000 0.000000 0 0.240625 0.478873 1 0.204687 0.471831 1 0.175000 0.507042 1 0.150000 0.495305 1 0.210938 0.575117 1 0.193750 0.575117 1
0 0.261477 0.377441 0.059203 0.231127 0.234375 0.316901 1 0.242188 0.309859 1 0.000000 0.000000 0 0.259375 0.309859 1 0.000000 0.000000 0 0.271875 0.380282 1 0.270313 0.373239 1 0.260937 0.483568 1 0.000000 0.000000 0 0.000000 0.000000 0 0.000000 0.000000 0 0.264062 0.490610 1 0.260937 0.490610 1 0.000000 0.000000 0 0.000000 0.000000 0 0.000000 0.000000 0 0.000000 0.000000 0
0 0.591547 0.220904 0.077062 0.137770 0.603125 0.171362 1 0.606250 0.169014 1 0.000000 0.000000 0 0.618750 0.173709 1 0.000000 0.000000 0 0.617188 0.208920 1 0.604688 0.194836 1 0.598437 0.241784 1 0.000000 0.000000 0 0.576562 0.251174 1 0.000000 0.000000 0 0.590625 0.279343 1 0.595313 0.284038 1 0.562500 0.286385 1 0.565625 0.272300 1 0.584375 0.326291 1 0.571875 0.340376 1
0 0.807703 0.156538 0.058250 0.129883 0.785937 0.150235 1 0.789062 0.138498 1 0.785937 0.136150 1 0.801562 0.140845 1 0.000000 0.000000 0 0.832812 0.173709 1 0.812500 0.178404 1 0.825000 0.262911 1 0.800000 0.262911 1 0.000000 0.000000 0 0.000000 0.000000 0 0.000000 0.000000 0 0.000000 0.000000 0 0.000000 0.000000 0 0.000000 0.000000 0 0.000000 0.000000 0 0.000000 0.000000 0
0 0.320453 0.164542 0.066000 0.170399 0.334375 0.115023 1 0.339062 0.107981 1 0.331250 0.107981 1 0.000000 0.000000 0 0.321875 0.105634 1 0.329688 0.126761 1 0.309375 0.152582 1 0.339062 0.173709 1 0.326562 0.206573 1 0.357812 0.185446 1 0.345313 0.227700 1 0.000000 0.000000 0 0.301563 0.230047 1 0.000000 0.000000 0 0.000000 0.000000 0 0.000000 0.000000 0 0.000000 0.000000 0
0 0.318609 0.220317 0.037594 0.056455 0.000000 0.000000 0 0.000000 0.000000 0 0.000000 0.000000 0 0.000000 0.000000 0 0.000000 0.000000 0 0.000000 0.000000 0 0.000000 0.000000 0 0.000000 0.000000 0 0.000000 0.000000 0 0.000000 0.000000 0 0.000000 0.000000 0 0.000000 0.000000 0 0.000000 0.000000 0 0.000000 0.000000 0 0.000000 0.000000 0 0.000000 0.000000 0 0.000000 0.000000 0
0 0.933031 0.629214 0.133938 0.543826 0.962500 0.415493 1 0.967187 0.403756 1 0.000000 0.000000 0 0.989062 0.413146 1 0.000000 0.000000 0 0.964063 0.525822 1 0.000000 0.000000 0 0.885938 0.596244 1 0.000000 0.000000 0 0.000000 0.000000 0 0.000000 0.000000 0 0.951562 0.753521 1 0.000000 0.000000 0 0.884375 0.692488 1 0.000000 0.000000 0 0.000000 0.000000 0 0.000000 0.000000 0
0 0.416570 0.441573 0.261766 0.793239 0.406250 0.166667 1 0.426563 0.136150 1 0.390625 0.131455 1 0.451562 0.150235 1 0.365625 0.145540 1 0.484375 0.253521 1 0.323437 0.265258 1 0.518750 0.460094 1 0.307812 0.497653 1 0.492188 0.591549 1 0.407813 0.617371 1 0.479687 0.638498 1 0.390625 0.645540 1 0.000000 0.000000 0 0.000000 0.000000 0 0.000000 0.000000 0 0.000000 0.000000 0
0 0.171125 0.307559 0.060094 0.124225 0.000000 0.000000 0 0.000000 0.000000 0 0.000000 0.000000 0 0.000000 0.000000 0 0.000000 0.000000 0 0.000000 0.000000 0 0.000000 0.000000 0 0.000000 0.000000 0 0.000000 0.000000 0 0.000000 0.000000 0 0.000000 0.000000 0 0.000000 0.000000 0 0.000000 0.000000 0 0.000000 0.000000 0 0.000000 0.000000 0 0.000000 0.000000 0 0.000000 0.000000 0
0 0.878539 0.355246 0.242922 0.609648 0.992188 0.152582 1 0.000000 0.000000 0 0.992188 0.138498 1 0.000000 0.000000 0 0.975000 0.136150 1 0.928125 0.199531 1 0.893750 0.152582 1 0.000000 0.000000 0 0.801562 0.227700 1 0.000000 0.000000 0 0.807813 0.309859 1 0.859375 0.420188 1 0.807813 0.420188 1 0.843750 0.596244 1 0.776563 0.565728 1 0.825000 0.781690 1 0.728125 0.718310 1
0 0.059625 0.246854 0.031687 0.074319 0.000000 0.000000 0 0.000000 0.000000 0 0.000000 0.000000 0 0.000000 0.000000 0 0.000000 0.000000 0 0.000000 0.000000 0 0.000000 0.000000 0 0.000000 0.000000 0 0.000000 0.000000 0 0.000000 0.000000 0 0.000000 0.000000 0 0.000000 0.000000 0 0.000000 0.000000 0 0.000000 0.000000 0 0.000000 0.000000 0 0.000000 0.000000 0 0.000000 0.000000 0
0 0.952086 0.321678 0.094172 0.275704 0.000000 0.000000 0 0.000000 0.000000 0 0.000000 0.000000 0 0.000000 0.000000 0 0.939063 0.084507 1 0.993750 0.136150 1 0.904687 0.136150 1 0.000000 0.000000 0 0.000000 0.000000 0 0.992188 0.305164 1 0.000000 0.000000 0 0.976562 0.298122 1 0.909375 0.293427 1 0.954688 0.420188 1 0.917188 0.420188 1 0.000000 0.000000 0 0.000000 0.000000 0