0 0.780211 0.479500 0.186891 0.719500 0.756250 0.185417 1 0.765625 0.172917 1 0.759375 0.172917 1 0.800000 0.177083 1 0.000000 0.000000 0 0.818750 0.277083 1 0.734375 0.256250 1 0.842187 0.400000 1 0.720313 0.345833 1 0.787500 0.481250 1 0.710938 0.441667 1 0.815625 0.487500 1 0.745313 0.468750 1 0.809375 0.631250 1 0.742188 0.629167 1 0.814063 0.777083 1 0.729688 0.791667 1
0 0.368453 0.357406 0.059531 0.254896 0.000000 0.000000 0 0.000000 0.000000 0 0.000000 0.000000 0 0.000000 0.000000 0 0.000000 0.000000 0 0.389062 0.270833 1 0.353125 0.275000 1 0.390625 0.297917 1 0.345313 0.297917 1 0.365625 0.304167 1 0.371875 0.312500 1 0.379688 0.341667 1 0.362500 0.343750 1 0.379688 0.397917 1 0.360938 0.395833 1 0.382812 0.450000 1 0.364063 0.454167 1
0 0.448250 0.367552 0.063656 0.279896 0.428125 0.254167 1 0.429688 0.250000 1 0.425000 0.252083 1 0.439063 0.252083 1 0.000000 0.000000 0 0.450000 0.277083 1 0.421875 0.287500 1 0.473438 0.304167 1 0.426563 0.322917 1 0.450000 0.312500 1 0.426563 0.356250 1 0.453125 0.352083 1 0.434375 0.356250 1 0.448437 0.414583 1 0.425000 0.416667 1 0.448437 0.487500 1 0.451562 0.466667 1
0 0.588461 0.405156 0.142391 0.313271 0.593750 0.272917 1 0.598437 0.266667 1 0.587500 0.266667 1 0.606250 0.270833 1 0.579688 0.270833 1 0.615625 0.308333 1 0.570312 0.308333 1 0.632812 0.352083 1 0.546875 0.350000 1 0.614062 0.345833 1 0.565625 0.327083 1 0.615625 0.404167 1 0.578125 0.404167 1 0.631250 0.479167 1 0.559375 0.475000 1 0.646875 0.547917 1 0.537500 0.535417 1
0 0.894063 0.216135 0.067281 0.208437 0.900000 0.135417 1 0.901563 0.131250 1 0.895312 0.131250 1 0.910937 0.133333 1 0.000000 0.000000 0 0.917188 0.152083 1 0.892188 0.154167 1 0.915625 0.189583 1 0.870313 0.185417 1 0.896875 0.172917 1 0.870313 0.170833 1 0.906250 0.245833 1 0.884375 0.243750 1 0.904687 0.310417 1 0.885938 0.306250 1 0.000000 0.000000 0 0.000000 0.000000 0
0 0.715484 0.062240 0.053000 0.084729 0.000000 0.000000 0 0.000000 0.000000 0 0.000000 0.000000 0 0.000000 0.000000 0 0.000000 0.000000 0 0.000000 0.000000 0 0.000000 0.000000 0 0.000000 0.000000 0 0.000000 0.000000 0 0.000000 0.000000 0 0.000000 0.000000 0 0.000000 0.000000 0 0.000000 0.000000 0 0.000000 0.000000 0 0.000000 0.000000 0 0.000000 0.000000 0 0.000000 0.000000 0
0 0.682023 0.059635 0.035234 0.087563 0.000000 0.000000 0 0.000000 0.000000 0 0.000000 0.000000 0 0.000000 0.000000 0 0.000000 0.000000 0 0.000000 0.000000 0 0.000000 0.000000 0 0.000000 0.000000 0 0.000000 0.000000 0 0.000000 0.000000 0 0.000000 0.000000 0 0.000000 0.000000 0 0.000000 0.000000 0 0.000000 0.000000 0 0.000000 0.000000 0 0.000000 0.000000 0 0.000000 0.000000 0
0 0.407102 0.091156 0.040484 0.065896 0.000000 0.000000 0 0.000000 0.000000 0 0.000000 0.000000 0 0.000000 0.000000 0 0.000000 0.000000 0 0.000000 0.000000 0 0.000000 0.000000 0 0.000000 0.000000 0 0.000000 0.000000 0 0.000000 0.000000 0 0.000000 0.000000 0 0.000000 0.000000 0 0.000000 0.000000 0 0.000000 0.000000 0 0.000000 0.000000 0 0.000000 0.000000 0 0.000000 0.000000 0
0 0.341594 0.114667 0.021375 0.052250 0.000000 0.000000 0 0.000000 0.000000 0 0.000000 0.000000 0 0.000000 0.000000 0 0.000000 0.000000 0 0.000000 0.000000 0 0.000000 0.000000 0 0.000000 0.000000 0 0.000000 0.000000 0 0.000000 0.000000 0 0.000000 0.000000 0 0.000000 0.000000 0 0.000000 0.000000 0 0.000000 0.000000 0 0.000000 0.000000 0 0.000000 0.000000 0 0.000000 0.000000 0
0 0.720484 0.238021 0.047156 0.092833 0.000000 0.000000 0 0.000000 0.000000 0 0.000000 0.000000 0 0.000000 0.000000 0 0.000000 0.000000 0 0.000000 0.000000 0 0.000000 0.000000 0 0.000000 0.000000 0 0.000000 0.000000 0 0.000000 0.000000 0 0.000000 0.000000 0 0.000000 0.000000 0 0.000000 0.000000 0 0.000000 0.000000 0 0.000000 0.000000 0 0.000000 0.000000 0 0.000000 0.000000 0
0 0.677039 0.254979 0.079359 0.115667 0.000000 0.000000 0 0.000000 0.000000 0 0.000000 0.000000 0 0.000000 0.000000 0 0.000000 0.000000 0 0.000000 0.000000 0 0.000000 0.000000 0 0.000000 0.000000 0 0.000000 0.000000 0 0.000000 0.000000 0 0.000000 0.000000 0 0.000000 0.000000 0 0.000000 0.000000 0 0.000000 0.000000 0 0.000000 0.000000 0 0.000000 0.000000 0 0.000000 0.000000 0
0 0.969906 0.252875 0.060187 0.144708 0.987500 0.197917 1 0.989062 0.193750 1 0.984375 0.197917 1 0.000000 0.000000 0 0.978125 0.202083 1 0.000000 0.000000 0 0.976562 0.212500 1 0.000000 0.000000 0 0.960938 0.220833 1 0.992188 0.237500 1 0.953125 0.204167 1 0.992188 0.266667 1 0.979688 0.264583 1 0.965625 0.287500 1 0.984375 0.316667 1 0.976562 0.320833 1 0.000000 0.000000 0
0 0.430117 0.093417 0.026203 0.043750 0.000000 0.000000 0 0.000000 0.000000 0 0.000000 0.000000 0 0.000000 0.000000 0 0.000000 0.000000 0 0.000000 0.000000 0 0.000000 0.000000 0 0.000000 0.000000 0 0.000000 0.000000 0 0.000000 0.000000 0 0.000000 0.000000 0 0.000000 0.000000 0 0.000000 0.000000 0 0.000000 0.000000 0 0.000000 0.000000 0 0.000000 0.000000 0 0.000000 0.000000 0