0 0.611672 0.561803 0.073219 0.347541 0.615625 0.423888 1 0.620313 0.419204 1 0.610938 0.414520 1 0.000000 0.000000 0 0.600000 0.416862 1 0.629687 0.451991 1 0.593750 0.451991 1 0.000000 0.000000 0 0.579688 0.503513 1 0.639062 0.498829 1 0.607812 0.501171 1 0.626563 0.548009 1 0.596875 0.548009 1 0.625000 0.637002 1 0.593750 0.632319 1 0.621875 0.695550 1 0.587500 0.707260 1
0 0.725961 0.562131 0.146203 0.338548 0.710938 0.426230 1 0.715625 0.421546 1 0.706250 0.421546 1 0.720313 0.416862 1 0.696875 0.419204 1 0.725000 0.440281 1 0.687500 0.451991 1 0.753125 0.442623 1 0.662500 0.475410 1 0.784375 0.426230 1 0.681250 0.503513 1 0.712500 0.552693 1 0.684375 0.550351 1 0.707812 0.627635 1 0.681250 0.632319 1 0.675000 0.697892 1 0.692187 0.709602 1
0 0.567250 0.480000 0.021094 0.145199 0.000000 0.000000 0 0.000000 0.000000 0 0.000000 0.000000 0 0.000000 0.000000 0 0.000000 0.000000 0 0.000000 0.000000 0 0.000000 0.000000 0 0.000000 0.000000 0 0.000000 0.000000 0 0.000000 0.000000 0 0.000000 0.000000 0 0.000000 0.000000 0 0.000000 0.000000 0 0.000000 0.000000 0 0.000000 0.000000 0 0.000000 0.000000 0 0.000000 0.000000 0
0 0.491773 0.593255 0.083953 0.305621 0.479687 0.480094 1 0.479687 0.473068 1 0.000000 0.000000 0 0.487500 0.473068 1 0.000000 0.000000 0 0.475000 0.503513 1 0.509375 0.505855 1 0.464062 0.552693 1 0.521875 0.548009 1 0.459375 0.587822 1 0.000000 0.000000 0 0.482812 0.604215 1 0.504687 0.606557 1 0.484375 0.658080 1 0.504687 0.658080 1 0.490625 0.728337 1 0.496875 0.725995 1
0 0.476516 0.454321 0.029531 0.084473 0.000000 0.000000 0 0.000000 0.000000 0 0.000000 0.000000 0 0.000000 0.000000 0 0.000000 0.000000 0 0.000000 0.000000 0 0.000000 0.000000 0 0.000000 0.000000 0 0.000000 0.000000 0 0.000000 0.000000 0 0.000000 0.000000 0 0.000000 0.000000 0 0.000000 0.000000 0 0.000000 0.000000 0 0.000000 0.000000 0 0.000000 0.000000 0 0.000000 0.000000 0
0 0.447023 0.508946 0.043172 0.221827 0.439063 0.416862 1 0.440625 0.412178 1 0.000000 0.000000 0 0.446875 0.414520 1 0.000000 0.000000 0 0.434375 0.442623 1 0.462500 0.437939 1 0.429688 0.466042 1 0.000000 0.000000 0 0.000000 0.000000 0 0.000000 0.000000 0 0.440625 0.498829 1 0.456250 0.496487 1 0.440625 0.557377 1 0.456250 0.552693 1 0.443750 0.606557 1 0.460938 0.594848 1
0 0.160805 0.478068 0.043922 0.129719 0.000000 0.000000 0 0.000000 0.000000 0 0.000000 0.000000 0 0.000000 0.000000 0 0.000000 0.000000 0 0.000000 0.000000 0 0.000000 0.000000 0 0.000000 0.000000 0 0.000000 0.000000 0 0.000000 0.000000 0 0.000000 0.000000 0 0.000000 0.000000 0 0.000000 0.000000 0 0.000000 0.000000 0 0.000000 0.000000 0 0.000000 0.000000 0 0.000000 0.000000 0
0 0.044977 0.488759 0.041984 0.105621 0.000000 0.000000 0 0.000000 0.000000 0 0.000000 0.000000 0 0.000000 0.000000 0 0.000000 0.000000 0 0.000000 0.000000 0 0.000000 0.000000 0 0.000000 0.000000 0 0.000000 0.000000 0 0.000000 0.000000 0 0.000000 0.000000 0 0.000000 0.000000 0 0.000000 0.000000 0 0.000000 0.000000 0 0.000000 0.000000 0 0.000000 0.000000 0 0.000000 0.000000 0
0 0.546563 0.498302 0.031438 0.181335 0.000000 0.000000 0 0.000000 0.000000 0 0.000000 0.000000 0 0.000000 0.000000 0 0.000000 0.000000 0 0.000000 0.000000 0 0.000000 0.000000 0 0.000000 0.000000 0 0.000000 0.000000 0 0.000000 0.000000 0 0.000000 0.000000 0 0.000000 0.000000 0 0.000000 0.000000 0 0.000000 0.000000 0 0.000000 0.000000 0 0.000000 0.000000 0 0.000000 0.000000 0
0 0.794125 0.505012 0.043375 0.256815 0.000000 0.000000 0 0.000000 0.000000 0 0.000000 0.000000 0 0.000000 0.000000 0 0.000000 0.000000 0 0.000000 0.000000 0 0.000000 0.000000 0 0.000000 0.000000 0 0.807813 0.430913 1 0.000000 0.000000 0 0.000000 0.000000 0 0.789062 0.477752 1 0.804688 0.473068 1 0.812500 0.571429 1 0.818750 0.548009 1 0.818750 0.634660 1 0.792188 0.592506 1
0 0.410875 0.457225 0.009375 0.041616 0.000000 0.000000 0 0.000000 0.000000 0 0.000000 0.000000 0 0.000000 0.000000 0 0.000000 0.000000 0 0.000000 0.000000 0 0.000000 0.000000 0 0.000000 0.000000 0 0.000000 0.000000 0 0.000000 0.000000 0 0.000000 0.000000 0 0.000000 0.000000 0 0.000000 0.000000 0 0.000000 0.000000 0 0.000000 0.000000 0 0.000000 0.000000 0 0.000000 0.000000 0
0 0.213680 0.535527 0.055359 0.218407 0.000000 0.000000 0 0.000000 0.000000 0 0.000000 0.000000 0 0.215625 0.442623 1 0.229687 0.449649 1 0.201563 0.463700 1 0.229687 0.470726 1 0.192188 0.491803 1 0.229687 0.505855 1 0.190625 0.524590 1 0.228125 0.526932 1 0.200000 0.529274 1 0.221875 0.524590 1 0.201563 0.578454 1 0.228125 0.578454 1 0.193750 0.620609 1 0.228125 0.625293 1
0 0.363742 0.469075 0.019266 0.070141 0.000000 0.000000 0 0.000000 0.000000 0 0.000000 0.000000 0 0.000000 0.000000 0 0.000000 0.000000 0 0.000000 0.000000 0 0.000000 0.000000 0 0.000000 0.000000 0 0.000000 0.000000 0 0.000000 0.000000 0 0.000000 0.000000 0 0.000000 0.000000 0 0.000000 0.000000 0 0.000000 0.000000 0 0.000000 0.000000 0 0.000000 0.000000 0 0.000000 0.000000 0