0 0.610484 0.428490 0.227406 0.503229 0.540625 0.254167 1 0.548438 0.239583 1 0.532813 0.245833 1 0.573438 0.227083 1 0.000000 0.000000 0 0.639062 0.283333 1 0.529687 0.304167 1 0.678125 0.325000 1 0.518750 0.358333 1 0.701562 0.356250 1 0.528125 0.379167 1 0.628125 0.420833 1 0.560937 0.437500 1 0.675000 0.500000 1 0.565625 0.502083 1 0.664062 0.620833 1 0.567187 0.631250 1
0 0.906883 0.622146 0.122484 0.201333 0.860938 0.531250 1 0.000000 0.000000 0 0.000000 0.000000 0 0.857812 0.537500 1 0.000000 0.000000 0 0.865625 0.579167 1 0.907813 0.537500 1 0.000000 0.000000 0 0.000000 0.000000 0 0.000000 0.000000 0 0.000000 0.000000 0 0.923438 0.643750 1 0.951562 0.639583 1 0.865625 0.608333 1 0.918750 0.597917 1 0.870313 0.702083 1 0.950000 0.677083 1
0 0.780391 0.419417 0.080125 0.205250 0.798438 0.345833 1 0.800000 0.339583 1 0.793750 0.341667 1 0.000000 0.000000 0 0.778125 0.341667 1 0.806250 0.381250 1 0.773438 0.383333 1 0.812500 0.429167 1 0.754687 0.439583 1 0.814063 0.416667 1 0.748437 0.479167 1 0.807813 0.472917 1 0.778125 0.479167 1 0.818750 0.545833 1 0.782813 0.554167 1 0.817187 0.618750 1 0.782813 0.618750 1
0 0.910953 0.435958 0.099437 0.265167 0.889062 0.343750 1 0.893750 0.337500 1 0.889062 0.337500 1 0.906250 0.335417 1 0.000000 0.000000 0 0.928125 0.375000 1 0.879687 0.379167 1 0.939063 0.418750 1 0.871875 0.418750 1 0.950000 0.470833 1 0.868750 0.456250 1 0.926562 0.468750 1 0.889062 0.472917 1 0.932813 0.541667 1 0.892188 0.539583 1 0.940625 0.602083 1 0.893750 0.602083 1
0 0.225305 0.488865 0.048703 0.097979 0.000000 0.000000 0 0.000000 0.000000 0 0.000000 0.000000 0 0.000000 0.000000 0 0.000000 0.000000 0 0.000000 0.000000 0 0.000000 0.000000 0 0.000000 0.000000 0 0.000000 0.000000 0 0.000000 0.000000 0 0.000000 0.000000 0 0.000000 0.000000 0 0.000000 0.000000 0 0.000000 0.000000 0 0.000000 0.000000 0 0.000000 0.000000 0 0.000000 0.000000 0
0 0.162445 0.516740 0.053172 0.062854 0.000000 0.000000 0 0.000000 0.000000 0 0.000000 0.000000 0 0.000000 0.000000 0 0.000000 0.000000 0 0.000000 0.000000 0 0.000000 0.000000 0 0.000000 0.000000 0 0.000000 0.000000 0 0.000000 0.000000 0 0.000000 0.000000 0 0.000000 0.000000 0 0.000000 0.000000 0 0.000000 0.000000 0 0.000000 0.000000 0 0.000000 0.000000 0 0.000000 0.000000 0
0 0.082859 0.500333 0.063406 0.104542 0.070312 0.470833 1 0.071875 0.464583 1 0.000000 0.000000 0 0.076563 0.464583 1 0.082812 0.464583 1 0.078125 0.481250 1 0.101562 0.483333 1 0.054688 0.508333 1 0.000000 0.000000 0 0.059375 0.483333 1 0.000000 0.000000 0 0.087500 0.550000 1 0.103125 0.550000 1 0.000000 0.000000 0 0.000000 0.000000 0 0.000000 0.000000 0 0.000000 0.000000 0
0 0.276734 0.470677 0.065625 0.103021 0.262500 0.452083 1 0.264062 0.445833 1 0.000000 0.000000 0 0.271875 0.445833 1 0.000000 0.000000 0 0.275000 0.466667 1 0.293750 0.462500 1 0.251563 0.493750 1 0.279687 0.472917 1 0.248438 0.466667 1 0.267188 0.466667 1 0.284375 0.545833 1 0.301563 0.541667 1 0.000000 0.000000 0 0.000000 0.000000 0 0.000000 0.000000 0 0.000000 0.000000 0
0 0.451500 0.470281 0.033844 0.065354 0.000000 0.000000 0 0.000000 0.000000 0 0.000000 0.000000 0 0.000000 0.000000 0 0.000000 0.000000 0 0.000000 0.000000 0 0.000000 0.000000 0 0.000000 0.000000 0 0.000000 0.000000 0 0.000000 0.000000 0 0.000000 0.000000 0 0.000000 0.000000 0 0.000000 0.000000 0 0.000000 0.000000 0 0.000000 0.000000 0 0.000000 0.000000 0 0.000000 0.000000 0
0 0.836000 0.413042 0.042750 0.147250 0.818750 0.366667 1 0.820312 0.360417 1 0.000000 0.000000 0 0.825000 0.360417 1 0.000000 0.000000 0 0.835938 0.393750 1 0.832812 0.393750 1 0.843750 0.425000 1 0.000000 0.000000 0 0.840625 0.454167 1 0.000000 0.000000 0 0.832812 0.462500 1 0.828125 0.462500 1 0.000000 0.000000 0 0.828125 0.516667 1 0.000000 0.000000 0 0.000000 0.000000 0
0 0.364430 0.477167 0.023672 0.083875 0.000000 0.000000 0 0.000000 0.000000 0 0.000000 0.000000 0 0.000000 0.000000 0 0.000000 0.000000 0 0.000000 0.000000 0 0.000000 0.000000 0 0.000000 0.000000 0 0.000000 0.000000 0 0.000000 0.000000 0 0.000000 0.000000 0 0.000000 0.000000 0 0.000000 0.000000 0 0.000000 0.000000 0 0.000000 0.000000 0 0.000000 0.000000 0 0.000000 0.000000 0
0 0.043141 0.517625 0.051500 0.103833 0.000000 0.000000 0 0.000000 0.000000 0 0.000000 0.000000 0 0.000000 0.000000 0 0.000000 0.000000 0 0.000000 0.000000 0 0.000000 0.000000 0 0.000000 0.000000 0 0.000000 0.000000 0 0.000000 0.000000 0 0.000000 0.000000 0 0.000000 0.000000 0 0.000000 0.000000 0 0.000000 0.000000 0 0.000000 0.000000 0 0.000000 0.000000 0 0.000000 0.000000 0
0 0.017336 0.534646 0.034234 0.063625 0.000000 0.000000 0 0.000000 0.000000 0 0.000000 0.000000 0 0.000000 0.000000 0 0.000000 0.000000 0 0.000000 0.000000 0 0.000000 0.000000 0 0.000000 0.000000 0 0.000000 0.000000 0 0.000000 0.000000 0 0.000000 0.000000 0 0.000000 0.000000 0 0.000000 0.000000 0 0.000000 0.000000 0 0.000000 0.000000 0 0.000000 0.000000 0 0.000000 0.000000 0