0 0.353203 0.546168 0.046687 0.180187 0.337500 0.476636 1 0.337500 0.471963 1 0.000000 0.000000 0 0.346875 0.471963 1 0.000000 0.000000 0 0.353125 0.492991 1 0.334375 0.495327 1 0.365625 0.518692 1 0.332813 0.523364 1 0.367188 0.535047 1 0.331250 0.544393 1 0.354687 0.539720 1 0.340625 0.542056 1 0.350000 0.577103 1 0.345313 0.581776 1 0.356250 0.612150 1 0.350000 0.616822 1
0 0.450234 0.541519 0.060438 0.181121 0.000000 0.000000 0 0.000000 0.000000 0 0.000000 0.000000 0 0.000000 0.000000 0 0.000000 0.000000 0 0.000000 0.000000 0 0.000000 0.000000 0 0.000000 0.000000 0 0.000000 0.000000 0 0.000000 0.000000 0 0.000000 0.000000 0 0.000000 0.000000 0 0.000000 0.000000 0 0.000000 0.000000 0 0.000000 0.000000 0 0.000000 0.000000 0 0.000000 0.000000 0
0 0.274703 0.744357 0.104000 0.509276 0.250000 0.560748 1 0.259375 0.551402 1 0.242188 0.549065 1 0.000000 0.000000 0 0.000000 0.000000 0 0.284375 0.621495 1 0.000000 0.000000 0 0.290625 0.707944 1 0.000000 0.000000 0 0.282813 0.761682 1 0.000000 0.000000 0 0.265625 0.750000 1 0.000000 0.000000 0 0.303125 0.850467 1 0.000000 0.000000 0 0.315625 0.978972 1 0.000000 0.000000 0
0 0.241664 0.767068 0.093578 0.465864 0.223438 0.588785 1 0.226562 0.577103 1 0.210938 0.577103 1 0.000000 0.000000 0 0.195312 0.586449 1 0.246875 0.628505 1 0.187500 0.630841 1 0.237500 0.710280 1 0.000000 0.000000 0 0.226562 0.642523 1 0.000000 0.000000 0 0.239063 0.759346 1 0.201563 0.761682 1 0.253125 0.831776 1 0.000000 0.000000 0 0.267188 0.953271 1 0.000000 0.000000 0
0 0.195359 0.742699 0.165313 0.487640 0.137500 0.567757 1 0.148438 0.553738 1 0.139063 0.553738 1 0.175000 0.567757 1 0.000000 0.000000 0 0.212500 0.630841 1 0.126562 0.647196 1 0.259375 0.710280 1 0.000000 0.000000 0 0.234375 0.782710 1 0.000000 0.000000 0 0.200000 0.817757 1 0.142187 0.813084 1 0.228125 0.969626 1 0.000000 0.000000 0 0.000000 0.000000 0 0.000000 0.000000 0
0 0.587195 0.509813 0.034797 0.126495 0.000000 0.000000 0 0.000000 0.000000 0 0.000000 0.000000 0 0.000000 0.000000 0 0.000000 0.000000 0 0.000000 0.000000 0 0.000000 0.000000 0 0.000000 0.000000 0 0.000000 0.000000 0 0.000000 0.000000 0 0.000000 0.000000 0 0.000000 0.000000 0 0.000000 0.000000 0 0.000000 0.000000 0 0.000000 0.000000 0 0.000000 0.000000 0 0.000000 0.000000 0
0 0.782211 0.566846 0.142766 0.278645 0.782813 0.471963 1 0.785937 0.467290 1 0.776563 0.467290 1 0.000000 0.000000 0 0.765625 0.476636 1 0.796875 0.500000 1 0.754687 0.497664 1 0.835938 0.497664 1 0.717187 0.504673 1 0.823438 0.542056 1 0.732812 0.537383 1 0.790625 0.572430 1 0.754687 0.567757 1 0.804688 0.619159 1 0.739062 0.607477 1 0.798438 0.696262 1 0.740625 0.679907 1
0 0.836328 0.482430 0.050938 0.096495 0.000000 0.000000 0 0.000000 0.000000 0 0.000000 0.000000 0 0.000000 0.000000 0 0.000000 0.000000 0 0.000000 0.000000 0 0.000000 0.000000 0 0.000000 0.000000 0 0.000000 0.000000 0 0.000000 0.000000 0 0.000000 0.000000 0 0.000000 0.000000 0 0.000000 0.000000 0 0.000000 0.000000 0 0.000000 0.000000 0 0.000000 0.000000 0 0.000000 0.000000 0
0 0.891781 0.566086 0.094844 0.270958 0.887500 0.453271 1 0.889062 0.448598 1 0.882812 0.450935 1 0.000000 0.000000 0 0.873437 0.455607 1 0.895312 0.474299 1 0.865625 0.476636 1 0.914062 0.497664 1 0.859375 0.504673 1 0.928125 0.514019 1 0.862500 0.521028 1 0.896875 0.553738 1 0.875000 0.558411 1 0.926562 0.593458 1 0.865625 0.607477 1 0.925000 0.668224 1 0.856250 0.675234 1
0 0.388109 0.520911 0.044250 0.124019 0.000000 0.000000 0 0.000000 0.000000 0 0.000000 0.000000 0 0.000000 0.000000 0 0.000000 0.000000 0 0.000000 0.000000 0 0.000000 0.000000 0 0.000000 0.000000 0 0.000000 0.000000 0 0.000000 0.000000 0 0.000000 0.000000 0 0.000000 0.000000 0 0.000000 0.000000 0 0.000000 0.000000 0 0.000000 0.000000 0 0.000000 0.000000 0 0.000000 0.000000 0
0 0.658492 0.640864 0.142703 0.466729 0.646875 0.462617 1 0.653125 0.453271 1 0.639062 0.455607 1 0.660937 0.462617 1 0.625000 0.467290 1 0.681250 0.511682 1 0.606250 0.521028 1 0.695312 0.570093 1 0.596875 0.584112 1 0.717187 0.614486 1 0.593750 0.623832 1 0.679688 0.635514 1 0.623437 0.647196 1 0.703125 0.707944 1 0.618750 0.703271 1 0.707812 0.827103 1 0.612500 0.829439 1
0 0.971906 0.558610 0.038531 0.261145 0.957812 0.455607 1 0.959375 0.450935 1 0.000000 0.000000 0 0.000000 0.000000 0 0.000000 0.000000 0 0.985938 0.483645 1 0.960938 0.481308 1 0.971875 0.502336 1 0.000000 0.000000 0 0.965625 0.476636 1 0.000000 0.000000 0 0.979688 0.553738 1 0.965625 0.551402 1 0.976562 0.609813 1 0.967187 0.609813 1 0.975000 0.668224 1 0.970313 0.668224 1
0 0.723750 0.470409 0.022312 0.051192 0.000000 0.000000 0 0.000000 0.000000 0 0.000000 0.000000 0 0.000000 0.000000 0 0.000000 0.000000 0 0.000000 0.000000 0 0.000000 0.000000 0 0.000000 0.000000 0 0.000000 0.000000 0 0.000000 0.000000 0 0.000000 0.000000 0 0.000000 0.000000 0 0.000000 0.000000 0 0.000000 0.000000 0 0.000000 0.000000 0 0.000000 0.000000 0 0.000000 0.000000 0