0 0.426766 0.697073 0.105187 0.369368 0.384375 0.548009 1 0.389062 0.540984 1 0.381250 0.543326 1 0.403125 0.533958 1 0.000000 0.000000 0 0.414062 0.562061 1 0.384375 0.583138 1 0.429688 0.618267 1 0.385937 0.646370 1 0.396875 0.622951 1 0.371875 0.639344 1 0.426563 0.658080 1 0.406250 0.669789 1 0.440625 0.756440 1 0.435937 0.761124 1 0.453125 0.845433 1 0.460938 0.819672 1
0 0.480586 0.683443 0.134047 0.468290 0.421875 0.501171 1 0.425000 0.494145 1 0.000000 0.000000 0 0.437500 0.489461 1 0.000000 0.000000 0 0.456250 0.524590 1 0.000000 0.000000 0 0.468750 0.606557 1 0.000000 0.000000 0 0.476562 0.669789 1 0.000000 0.000000 0 0.489063 0.655738 1 0.496875 0.646370 1 0.487500 0.765808 1 0.518750 0.756440 1 0.514062 0.868852 1 0.532813 0.850117 1
0 0.789937 0.535222 0.125188 0.450726 0.746875 0.365340 1 0.750000 0.351288 1 0.739062 0.355972 1 0.760938 0.348946 1 0.000000 0.000000 0 0.785937 0.384075 1 0.735938 0.409836 1 0.818750 0.463700 1 0.000000 0.000000 0 0.818750 0.529274 1 0.000000 0.000000 0 0.804688 0.524590 1 0.762500 0.540984 1 0.820312 0.625293 1 0.779687 0.622951 1 0.834375 0.714286 1 0.800000 0.707260 1
0 0.753914 0.573864 0.169141 0.524824 0.712500 0.346604 1 0.000000 0.000000 0 0.000000 0.000000 0 0.000000 0.000000 0 0.700000 0.360656 1 0.678125 0.437939 1 0.734375 0.400468 1 0.692187 0.519906 1 0.750000 0.494145 1 0.714063 0.571429 1 0.785937 0.531616 1 0.717187 0.580796 1 0.751563 0.562061 1 0.742188 0.672131 1 0.781250 0.660422 1 0.770312 0.807963 1 0.814063 0.793911 1
0 0.329961 0.735925 0.154797 0.476909 0.307812 0.531616 1 0.000000 0.000000 0 0.304688 0.526932 1 0.000000 0.000000 0 0.289062 0.531616 1 0.307812 0.583138 1 0.273438 0.597190 1 0.318750 0.641686 1 0.268750 0.669789 1 0.331250 0.683841 1 0.287500 0.728337 1 0.328125 0.711944 1 0.304688 0.721311 1 0.343750 0.800937 1 0.310937 0.810304 1 0.362500 0.887588 1 0.310937 0.925059 1
0 0.646172 0.606452 0.122031 0.334590 0.000000 0.000000 0 0.000000 0.000000 0 0.000000 0.000000 0 0.595313 0.477752 1 0.617188 0.466042 1 0.590625 0.505855 1 0.632812 0.494145 1 0.000000 0.000000 0 0.000000 0.000000 0 0.000000 0.000000 0 0.000000 0.000000 0 0.612500 0.604215 1 0.639062 0.594848 1 0.631250 0.686183 1 0.662500 0.672131 1 0.648438 0.756440 1 0.685937 0.747073 1
0 0.556500 0.468466 0.014656 0.069110 0.000000 0.000000 0 0.000000 0.000000 0 0.000000 0.000000 0 0.000000 0.000000 0 0.000000 0.000000 0 0.000000 0.000000 0 0.000000 0.000000 0 0.000000 0.000000 0 0.000000 0.000000 0 0.000000 0.000000 0 0.000000 0.000000 0 0.000000 0.000000 0 0.000000 0.000000 0 0.000000 0.000000 0 0.000000 0.000000 0 0.000000 0.000000 0 0.000000 0.000000 0
0 0.360328 0.571358 0.029906 0.108290 0.000000 0.000000 0 0.000000 0.000000 0 0.000000 0.000000 0 0.000000 0.000000 0 0.000000 0.000000 0 0.000000 0.000000 0 0.000000 0.000000 0 0.000000 0.000000 0 0.000000 0.000000 0 0.000000 0.000000 0 0.000000 0.000000 0 0.000000 0.000000 0 0.000000 0.000000 0 0.000000 0.000000 0 0.000000 0.000000 0 0.000000 0.000000 0 0.000000 0.000000 0
0 0.104258 0.799438 0.113078 0.315082 0.059375 0.674473 1 0.060937 0.669789 1 0.000000 0.000000 0 0.071875 0.667447 1 0.000000 0.000000 0 0.100000 0.697892 1 0.068750 0.714286 1 0.095312 0.733021 1 0.053125 0.754098 1 0.075000 0.707260 1 0.059375 0.721311 1 0.095312 0.786885 1 0.078125 0.798595 1 0.126562 0.859485 1 0.107813 0.866511 1 0.145313 0.922717 1 0.125000 0.927400 1
0 0.125898 0.684953 0.048078 0.168970 0.000000 0.000000 0 0.000000 0.000000 0 0.000000 0.000000 0 0.000000 0.000000 0 0.000000 0.000000 0 0.000000 0.000000 0 0.000000 0.000000 0 0.000000 0.000000 0 0.000000 0.000000 0 0.000000 0.000000 0 0.000000 0.000000 0 0.000000 0.000000 0 0.000000 0.000000 0 0.000000 0.000000 0 0.000000 0.000000 0 0.000000 0.000000 0 0.000000 0.000000 0
0 0.893578 0.625468 0.131937 0.406721 0.000000 0.000000 0 0.000000 0.000000 0 0.000000 0.000000 0 0.000000 0.000000 0 0.864062 0.456674 1 0.837500 0.508197 1 0.878125 0.498829 1 0.843750 0.580796 1 0.912500 0.576112 1 0.850000 0.629977 1 0.935937 0.601874 1 0.876563 0.651054 1 0.903125 0.648712 1 0.892188 0.681499 1 0.912500 0.700234 1 0.884375 0.747073 1 0.926562 0.791569 1
0 0.143398 0.654450 0.037578 0.136768 0.000000 0.000000 0 0.000000 0.000000 0 0.000000 0.000000 0 0.000000 0.000000 0 0.000000 0.000000 0 0.000000 0.000000 0 0.000000 0.000000 0 0.000000 0.000000 0 0.000000 0.000000 0 0.000000 0.000000 0 0.000000 0.000000 0 0.000000 0.000000 0 0.000000 0.000000 0 0.000000 0.000000 0 0.000000 0.000000 0 0.000000 0.000000 0 0.000000 0.000000 0
0 0.611422 0.586183 0.107406 0.359485 0.587500 0.440281 1 0.587500 0.433255 1 0.581250 0.437939 1 0.000000 0.000000 0 0.000000 0.000000 0 0.598437 0.466042 1 0.570312 0.482436 1 0.000000 0.000000 0 0.564063 0.533958 1 0.000000 0.000000 0 0.592187 0.538642 1 0.614062 0.566745 1 0.589063 0.578454 1 0.626563 0.648712 1 0.601562 0.651054 1 0.642188 0.721311 1 0.610938 0.737705 1