0 0.541773 0.537323 0.209016 0.439396 0.000000 0.000000 0 0.000000 0.000000 0 0.000000 0.000000 0 0.525000 0.358333 1 0.554688 0.356250 1 0.504687 0.400000 1 0.568750 0.397917 1 0.000000 0.000000 0 0.603125 0.466667 1 0.000000 0.000000 0 0.596875 0.420833 1 0.512500 0.502083 1 0.551562 0.504167 1 0.479687 0.625000 1 0.589063 0.627083 1 0.453125 0.720833 1 0.631250 0.727083 1
0 0.266922 0.104906 0.108844 0.198813 0.256250 0.016667 1 0.260937 0.012500 1 0.251563 0.012500 1 0.268750 0.012500 1 0.000000 0.000000 0 0.276562 0.031250 1 0.239063 0.025000 1 0.254688 0.062500 1 0.215625 0.056250 1 0.239063 0.041667 1 0.246875 0.037500 1 0.304688 0.118750 1 0.278125 0.131250 1 0.312500 0.214583 1 0.281250 0.218750 1 0.000000 0.000000 0 0.000000 0.000000 0
0 0.944523 0.568604 0.110953 0.326333 0.920312 0.456250 1 0.923438 0.447917 1 0.000000 0.000000 0 0.942187 0.443750 1 0.000000 0.000000 0 0.954688 0.472917 1 0.000000 0.000000 0 0.992188 0.502083 1 0.957812 0.535417 1 0.982812 0.558333 1 0.909375 0.554167 1 0.000000 0.000000 0 0.000000 0.000000 0 0.956250 0.600000 1 0.000000 0.000000 0 0.985938 0.693750 1 0.000000 0.000000 0
0 0.794844 0.114469 0.080250 0.225854 0.785937 0.014583 1 0.790625 0.008333 1 0.781250 0.008333 1 0.800000 0.012500 1 0.773438 0.010417 1 0.812500 0.047917 1 0.768750 0.047917 1 0.801562 0.106250 1 0.750000 0.100000 1 0.768750 0.095833 1 0.792188 0.089583 1 0.810937 0.150000 1 0.779687 0.150000 1 0.812500 0.220833 1 0.778125 0.218750 1 0.000000 0.000000 0 0.000000 0.000000 0
0 0.609922 0.107198 0.079969 0.208354 0.606250 0.014583 1 0.614062 0.010417 1 0.603125 0.008333 1 0.621875 0.010417 1 0.000000 0.000000 0 0.634375 0.047917 1 0.589063 0.039583 1 0.640625 0.106250 1 0.576562 0.095833 1 0.000000 0.000000 0 0.000000 0.000000 0 0.620313 0.137500 1 0.590625 0.135417 1 0.612500 0.212500 1 0.589063 0.216667 1 0.000000 0.000000 0 0.000000 0.000000 0
0 0.708617 0.117500 0.086641 0.235000 0.709375 0.029167 1 0.714063 0.022917 1 0.703125 0.022917 1 0.720313 0.022917 1 0.000000 0.000000 0 0.735938 0.045833 1 0.679688 0.068750 1 0.742188 0.081250 1 0.678125 0.112500 1 0.726562 0.133333 1 0.687500 0.145833 1 0.709375 0.133333 1 0.679688 0.133333 1 0.710938 0.197917 1 0.682813 0.214583 1 0.000000 0.000000 0 0.000000 0.000000 0
0 0.827695 0.588083 0.196922 0.252625 0.803125 0.506250 1 0.809375 0.491667 1 0.000000 0.000000 0 0.823438 0.497917 1 0.000000 0.000000 0 0.845313 0.535417 1 0.850000 0.518750 1 0.793750 0.566667 1 0.000000 0.000000 0 0.742188 0.550000 1 0.000000 0.000000 0 0.898438 0.633333 1 0.895312 0.625000 1 0.825000 0.600000 1 0.831250 0.581250 1 0.876563 0.685417 1 0.879687 0.677083 1
0 0.064547 0.088646 0.071563 0.144917 0.000000 0.000000 0 0.000000 0.000000 0 0.000000 0.000000 0 0.000000 0.000000 0 0.000000 0.000000 0 0.084375 0.062500 1 0.050000 0.064583 1 0.092188 0.125000 1 0.037500 0.108333 1 0.059375 0.133333 1 0.040625 0.133333 1 0.076563 0.122917 1 0.059375 0.125000 1 0.057813 0.143750 1 0.032813 0.143750 1 0.000000 0.000000 0 0.000000 0.000000 0
0 0.858367 0.044844 0.045922 0.086813 0.000000 0.000000 0 0.000000 0.000000 0 0.000000 0.000000 0 0.000000 0.000000 0 0.000000 0.000000 0 0.000000 0.000000 0 0.000000 0.000000 0 0.000000 0.000000 0 0.000000 0.000000 0 0.000000 0.000000 0 0.000000 0.000000 0 0.000000 0.000000 0 0.000000 0.000000 0 0.000000 0.000000 0 0.000000 0.000000 0 0.000000 0.000000 0 0.000000 0.000000 0
0 0.343938 0.100958 0.103625 0.199167 0.348438 0.004167 1 0.000000 0.000000 0 0.000000 0.000000 0 0.000000 0.000000 0 0.000000 0.000000 0 0.367188 0.025000 1 0.337500 0.027083 1 0.384375 0.047917 1 0.312500 0.033333 1 0.348438 0.045833 1 0.306250 0.041667 1 0.375000 0.143750 1 0.346875 0.143750 1 0.000000 0.000000 0 0.000000 0.000000 0 0.000000 0.000000 0 0.000000 0.000000 0
0 0.203406 0.093823 0.097312 0.186979 0.212500 0.014583 1 0.215625 0.008333 1 0.209375 0.008333 1 0.000000 0.000000 0 0.201563 0.008333 1 0.225000 0.027083 1 0.193750 0.025000 1 0.206250 0.041667 1 0.160938 0.035417 1 0.182812 0.035417 1 0.190625 0.029167 1 0.232813 0.145833 1 0.206250 0.143750 1 0.231250 0.210417 1 0.201563 0.212500 1 0.000000 0.000000 0 0.000000 0.000000 0
0 0.413484 0.107188 0.065062 0.164167 0.404687 0.054167 1 0.410938 0.047917 1 0.401562 0.047917 1 0.418750 0.050000 1 0.000000 0.000000 0 0.426563 0.077083 1 0.393750 0.077083 1 0.426563 0.133333 1 0.392188 0.120833 1 0.390625 0.137500 1 0.387500 0.077083 1 0.431250 0.154167 1 0.403125 0.152083 1 0.407813 0.158333 1 0.000000 0.000000 0 0.000000 0.000000 0 0.000000 0.000000 0
0 0.111992 0.119490 0.079234 0.109188 0.000000 0.000000 0 0.000000 0.000000 0 0.000000 0.000000 0 0.000000 0.000000 0 0.000000 0.000000 0 0.143750 0.068750 1 0.106250 0.075000 1 0.154688 0.102083 1 0.110937 0.122917 1 0.120313 0.106250 1 0.104688 0.125000 1 0.146875 0.129167 1 0.121875 0.129167 1 0.146875 0.143750 1 0.081250 0.135417 1 0.000000 0.000000 0 0.000000 0.000000 0