0 0.376937 0.510258 0.329062 0.732582 0.417187 0.199531 1 0.429688 0.190141 1 0.407813 0.185446 1 0.439063 0.215962 1 0.390625 0.206573 1 0.470313 0.295775 1 0.381250 0.309859 1 0.000000 0.000000 0 0.334375 0.382629 1 0.000000 0.000000 0 0.260937 0.356808 1 0.479687 0.511737 1 0.420312 0.523474 1 0.523438 0.692488 1 0.443750 0.685446 1 0.501563 0.814554 1 0.393750 0.838028 1
0 0.641547 0.547629 0.660375 0.794695 0.000000 0.000000 0 0.000000 0.000000 0 0.000000 0.000000 0 0.559375 0.246479 1 0.614062 0.237089 1 0.553125 0.349765 1 0.640625 0.307512 1 0.457813 0.333333 1 0.745313 0.274648 1 0.370312 0.286385 1 0.842187 0.218310 1 0.634375 0.570423 1 0.703125 0.556338 1 0.521875 0.755869 1 0.810937 0.753521 1 0.459375 0.910798 1 0.920312 0.903756 1
0 0.582734 0.131502 0.023969 0.071127 0.000000 0.000000 0 0.000000 0.000000 0 0.000000 0.000000 0 0.000000 0.000000 0 0.000000 0.000000 0 0.000000 0.000000 0 0.000000 0.000000 0 0.000000 0.000000 0 0.000000 0.000000 0 0.000000 0.000000 0 0.000000 0.000000 0 0.000000 0.000000 0 0.000000 0.000000 0 0.000000 0.000000 0 0.000000 0.000000 0 0.000000 0.000000 0 0.000000 0.000000 0
0 0.599492 0.147676 0.034297 0.085164 0.000000 0.000000 0 0.000000 0.000000 0 0.000000 0.000000 0 0.000000 0.000000 0 0.000000 0.000000 0 0.000000 0.000000 0 0.000000 0.000000 0 0.000000 0.000000 0 0.000000 0.000000 0 0.000000 0.000000 0 0.000000 0.000000 0 0.000000 0.000000 0 0.000000 0.000000 0 0.000000 0.000000 0 0.000000 0.000000 0 0.000000 0.000000 0 0.000000 0.000000 0
0 0.787469 0.171115 0.026062 0.127629 0.000000 0.000000 0 0.000000 0.000000 0 0.000000 0.000000 0 0.000000 0.000000 0 0.000000 0.000000 0 0.000000 0.000000 0 0.000000 0.000000 0 0.000000 0.000000 0 0.000000 0.000000 0 0.000000 0.000000 0 0.000000 0.000000 0 0.000000 0.000000 0 0.000000 0.000000 0 0.000000 0.000000 0 0.000000 0.000000 0 0.000000 0.000000 0 0.000000 0.000000 0
0 0.601117 0.293815 0.125516 0.297864 0.629687 0.197183 1 0.639062 0.190141 1 0.623437 0.185446 1 0.650000 0.204225 1 0.609375 0.194836 1 0.656250 0.258216 1 0.601562 0.260563 1 0.000000 0.000000 0 0.579688 0.312207 1 0.000000 0.000000 0 0.553125 0.384977 1 0.000000 0.000000 0 0.000000 0.000000 0 0.000000 0.000000 0 0.000000 0.000000 0 0.000000 0.000000 0 0.000000 0.000000 0
0 0.732156 0.466455 0.234781 0.750376 0.670312 0.176056 1 0.685937 0.164319 1 0.668750 0.159624 1 0.709375 0.178404 1 0.000000 0.000000 0 0.721875 0.260563 1 0.662500 0.241784 1 0.742188 0.312207 1 0.642188 0.220657 1 0.760938 0.384977 1 0.628125 0.208920 1 0.742188 0.469484 1 0.682813 0.478873 1 0.787500 0.638498 1 0.664062 0.633803 1 0.850000 0.816901 1 0.662500 0.807512 1
0 0.406180 0.121291 0.058484 0.057465 0.000000 0.000000 0 0.000000 0.000000 0 0.000000 0.000000 0 0.000000 0.000000 0 0.000000 0.000000 0 0.000000 0.000000 0 0.000000 0.000000 0 0.000000 0.000000 0 0.000000 0.000000 0 0.000000 0.000000 0 0.000000 0.000000 0 0.000000 0.000000 0 0.000000 0.000000 0 0.000000 0.000000 0 0.000000 0.000000 0 0.000000 0.000000 0 0.000000 0.000000 0
0 0.527156 0.181174 0.038906 0.163521 0.534375 0.112676 1 0.000000 0.000000 0 0.531250 0.110329 1 0.000000 0.000000 0 0.525000 0.110329 1 0.537500 0.131455 1 0.515625 0.133803 1 0.537500 0.154930 1 0.510938 0.157277 1 0.540625 0.176056 1 0.512500 0.176056 1 0.532813 0.183099 1 0.518750 0.183099 1 0.531250 0.215962 1 0.521875 0.215962 1 0.531250 0.241784 1 0.518750 0.241784 1
0 0.752234 0.179765 0.023781 0.126808 0.000000 0.000000 0 0.000000 0.000000 0 0.000000 0.000000 0 0.000000 0.000000 0 0.000000 0.000000 0 0.000000 0.000000 0 0.000000 0.000000 0 0.000000 0.000000 0 0.000000 0.000000 0 0.000000 0.000000 0 0.000000 0.000000 0 0.000000 0.000000 0 0.000000 0.000000 0 0.000000 0.000000 0 0.000000 0.000000 0 0.000000 0.000000 0 0.000000 0.000000 0
0 0.866445 0.185822 0.031109 0.173052 0.000000 0.000000 0 0.000000 0.000000 0 0.000000 0.000000 0 0.000000 0.000000 0 0.000000 0.000000 0 0.000000 0.000000 0 0.000000 0.000000 0 0.000000 0.000000 0 0.000000 0.000000 0 0.000000 0.000000 0 0.000000 0.000000 0 0.000000 0.000000 0 0.000000 0.000000 0 0.000000 0.000000 0 0.000000 0.000000 0 0.000000 0.000000 0 0.000000 0.000000 0
0 0.134609 0.210927 0.054500 0.213404 0.000000 0.000000 0 0.000000 0.000000 0 0.000000 0.000000 0 0.000000 0.000000 0 0.000000 0.000000 0 0.123438 0.138498 1 0.150000 0.143192 1 0.118750 0.169014 1 0.151562 0.171362 1 0.118750 0.199531 1 0.000000 0.000000 0 0.128125 0.208920 1 0.140625 0.213615 1 0.125000 0.251174 1 0.140625 0.251174 1 0.120313 0.302817 1 0.139063 0.302817 1
0 0.224508 0.215986 0.056797 0.209765 0.000000 0.000000 0 0.000000 0.000000 0 0.000000 0.000000 0 0.000000 0.000000 0 0.000000 0.000000 0 0.209375 0.159624 1 0.237500 0.154930 1 0.207813 0.185446 1 0.240625 0.178404 1 0.201563 0.206573 1 0.243750 0.211268 1 0.217188 0.211268 1 0.232813 0.208920 1 0.215625 0.253521 1 0.231250 0.262911 1 0.220312 0.298122 1 0.232813 0.298122 1