0 0.542195 0.522260 0.139797 0.513854 0.529687 0.331250 1 0.532813 0.318750 1 0.515625 0.322917 1 0.000000 0.000000 0 0.501563 0.325000 1 0.514062 0.385417 1 0.514062 0.397917 1 0.543750 0.452083 1 0.539062 0.468750 1 0.578125 0.477083 1 0.575000 0.506250 1 0.528125 0.533333 1 0.506250 0.539583 1 0.560937 0.620833 1 0.540625 0.625000 1 0.532813 0.727083 1 0.500000 0.750000 1
0 0.680898 0.531458 0.134828 0.298875 0.000000 0.000000 0 0.000000 0.000000 0 0.000000 0.000000 0 0.000000 0.000000 0 0.000000 0.000000 0 0.715625 0.447917 1 0.660937 0.450000 1 0.728125 0.508333 1 0.637500 0.539583 1 0.706250 0.531250 1 0.668750 0.508333 1 0.704688 0.562500 1 0.656250 0.570833 1 0.725000 0.552083 1 0.631250 0.602083 1 0.700000 0.602083 1 0.656250 0.625000 1
0 0.730945 0.078865 0.114297 0.157729 0.732812 0.010417 1 0.734375 0.006250 1 0.728125 0.006250 1 0.743750 0.006250 1 0.000000 0.000000 0 0.760938 0.025000 1 0.715625 0.033333 1 0.768750 0.062500 1 0.698438 0.062500 1 0.760938 0.102083 1 0.689063 0.106250 1 0.754687 0.095833 1 0.723437 0.097917 1 0.000000 0.000000 0 0.000000 0.000000 0 0.000000 0.000000 0 0.000000 0.000000 0
0 0.939523 0.089885 0.067641 0.132354 0.935937 0.054167 1 0.939063 0.047917 1 0.932813 0.047917 1 0.946875 0.052083 1 0.925000 0.054167 1 0.951562 0.089583 1 0.917188 0.089583 1 0.000000 0.000000 0 0.000000 0.000000 0 0.000000 0.000000 0 0.000000 0.000000 0 0.000000 0.000000 0 0.000000 0.000000 0 0.000000 0.000000 0 0.000000 0.000000 0 0.000000 0.000000 0 0.000000 0.000000 0
0 0.835734 0.132844 0.103219 0.131062 0.846875 0.110417 1 0.853125 0.100000 1 0.840625 0.102083 1 0.000000 0.000000 0 0.000000 0.000000 0 0.864062 0.158333 1 0.807813 0.170833 1 0.000000 0.000000 0 0.000000 0.000000 0 0.000000 0.000000 0 0.000000 0.000000 0 0.000000 0.000000 0 0.000000 0.000000 0 0.000000 0.000000 0 0.000000 0.000000 0 0.000000 0.000000 0 0.000000 0.000000 0
0 0.650211 0.079687 0.098141 0.159375 0.646875 0.031250 1 0.653125 0.022917 1 0.643750 0.025000 1 0.000000 0.000000 0 0.000000 0.000000 0 0.681250 0.075000 1 0.617188 0.079167 1 0.000000 0.000000 0 0.000000 0.000000 0 0.000000 0.000000 0 0.000000 0.000000 0 0.000000 0.000000 0 0.000000 0.000000 0 0.000000 0.000000 0 0.000000 0.000000 0 0.000000 0.000000 0 0.000000 0.000000 0
0 0.268680 0.294156 0.132297 0.135354 0.253125 0.260417 1 0.256250 0.252083 1 0.243750 0.254167 1 0.000000 0.000000 0 0.000000 0.000000 0 0.287500 0.297917 1 0.229687 0.314583 1 0.000000 0.000000 0 0.000000 0.000000 0 0.000000 0.000000 0 0.000000 0.000000 0 0.000000 0.000000 0 0.000000 0.000000 0 0.000000 0.000000 0 0.000000 0.000000 0 0.000000 0.000000 0 0.000000 0.000000 0
0 0.596656 0.199448 0.099250 0.144604 0.601562 0.179167 1 0.606250 0.170833 1 0.595313 0.175000 1 0.617188 0.172917 1 0.000000 0.000000 0 0.000000 0.000000 0 0.000000 0.000000 0 0.000000 0.000000 0 0.000000 0.000000 0 0.000000 0.000000 0 0.000000 0.000000 0 0.000000 0.000000 0 0.000000 0.000000 0 0.000000 0.000000 0 0.000000 0.000000 0 0.000000 0.000000 0 0.000000 0.000000 0
0 0.411820 0.272531 0.045078 0.063188 0.000000 0.000000 0 0.000000 0.000000 0 0.000000 0.000000 0 0.000000 0.000000 0 0.000000 0.000000 0 0.000000 0.000000 0 0.000000 0.000000 0 0.000000 0.000000 0 0.000000 0.000000 0 0.000000 0.000000 0 0.000000 0.000000 0 0.000000 0.000000 0 0.000000 0.000000 0 0.000000 0.000000 0 0.000000 0.000000 0 0.000000 0.000000 0 0.000000 0.000000 0
0 0.459547 0.249250 0.053750 0.081833 0.000000 0.000000 0 0.000000 0.000000 0 0.000000 0.000000 0 0.000000 0.000000 0 0.000000 0.000000 0 0.000000 0.000000 0 0.000000 0.000000 0 0.000000 0.000000 0 0.000000 0.000000 0 0.000000 0.000000 0 0.000000 0.000000 0 0.000000 0.000000 0 0.000000 0.000000 0 0.000000 0.000000 0 0.000000 0.000000 0 0.000000 0.000000 0 0.000000 0.000000 0
0 0.641359 0.448240 0.162031 0.528271 0.668750 0.247917 1 0.671875 0.233333 1 0.657813 0.235417 1 0.685937 0.233333 1 0.648438 0.239583 1 0.703125 0.277083 1 0.623437 0.304167 1 0.709375 0.350000 1 0.603125 0.379167 1 0.703125 0.420833 1 0.612500 0.456250 1 0.692187 0.427083 1 0.637500 0.439583 1 0.706250 0.510417 1 0.609375 0.545833 1 0.718750 0.589583 1 0.576562 0.672917 1
0 0.403094 0.806125 0.116312 0.387750 0.000000 0.000000 0 0.000000 0.000000 0 0.000000 0.000000 0 0.000000 0.000000 0 0.421875 0.656250 1 0.401562 0.722917 1 0.378125 0.739583 1 0.415625 0.808333 1 0.395313 0.833333 1 0.443750 0.843750 1 0.428125 0.875000 1 0.407813 0.883333 1 0.390625 0.891667 1 0.000000 0.000000 0 0.000000 0.000000 0 0.000000 0.000000 0 0.000000 0.000000 0