0 0.837291 0.741570 0.288715 0.494380 0.000000 0.000000 0 0.000000 0.000000 0 0.000000 0.000000 0 0.743041 0.568000 1 0.845824 0.568000 1 0.781585 0.650000 1 0.877944 0.640000 1 0.850107 0.800000 1 0.946467 0.790000 1 0.743041 0.880000 1 0.000000 0.000000 0 0.856531 0.962000 1 0.745182 0.938000 1 0.000000 0.000000 0 0.000000 0.000000 0 0.000000 0.000000 0 0.000000 0.000000 0
0 0.509690 0.782110 0.448587 0.235140 0.700214 0.786000 1 0.000000 0.000000 0 0.698073 0.774000 1 0.000000 0.000000 0 0.650964 0.758000 1 0.000000 0.000000 0 0.556745 0.724000 1 0.000000 0.000000 0 0.441113 0.792000 1 0.000000 0.000000 0 0.595289 0.830000 1 0.000000 0.000000 0 0.336188 0.856000 1 0.000000 0.000000 0 0.000000 0.000000 0 0.000000 0.000000 0 0.000000 0.000000 0
0 0.609914 0.465170 0.271863 0.417980 0.665953 0.354000 1 0.657388 0.338000 1 0.644540 0.338000 1 0.000000 0.000000 0 0.576017 0.346000 1 0.657388 0.444000 1 0.505353 0.446000 1 0.760171 0.554000 1 0.516060 0.584000 1 0.000000 0.000000 0 0.620985 0.658000 1 0.000000 0.000000 0 0.539615 0.646000 1 0.000000 0.000000 0 0.625268 0.694000 1 0.000000 0.000000 0 0.000000 0.000000 0
0 0.435707 0.566440 0.294368 0.365080 0.413276 0.540000 1 0.421842 0.524000 1 0.389722 0.524000 1 0.000000 0.000000 0 0.353319 0.524000 1 0.451820 0.554000 1 0.310493 0.606000 1 0.554604 0.548000 1 0.372591 0.540000 1 0.453961 0.450000 1 0.372591 0.446000 1 0.520343 0.796000 1 0.374732 0.802000 1 0.000000 0.000000 0 0.000000 0.000000 0 0.000000 0.000000 0 0.000000 0.000000 0
0 0.164839 0.345860 0.234647 0.294680 0.192719 0.270000 1 0.205567 0.254000 1 0.169165 0.252000 1 0.000000 0.000000 0 0.126338 0.276000 1 0.244111 0.368000 1 0.085653 0.354000 1 0.265525 0.462000 1 0.092077 0.452000 1 0.000000 0.000000 0 0.160600 0.332000 1 0.231263 0.538000 1 0.149893 0.538000 1 0.000000 0.000000 0 0.000000 0.000000 0 0.000000 0.000000 0 0.000000 0.000000 0
0 0.154111 0.906610 0.239700 0.186780 0.205567 0.878000 1 0.000000 0.000000 0 0.197002 0.872000 1 0.000000 0.000000 0 0.154176 0.900000 1 0.177730 0.908000 1 0.096360 0.954000 1 0.197002 0.902000 1 0.173448 0.964000 1 0.244111 0.902000 1 0.182013 0.872000 1 0.000000 0.000000 0 0.000000 0.000000 0 0.000000 0.000000 0 0.000000 0.000000 0 0.000000 0.000000 0 0.000000 0.000000 0
0 0.442505 0.917280 0.228565 0.165440 0.426124 0.900000 1 0.449679 0.890000 1 0.408994 0.894000 1 0.477516 0.918000 1 0.394004 0.912000 1 0.505353 0.952000 1 0.370450 0.960000 1 0.000000 0.000000 0 0.000000 0.000000 0 0.000000 0.000000 0 0.000000 0.000000 0 0.000000 0.000000 0 0.000000 0.000000 0 0.000000 0.000000 0 0.000000 0.000000 0 0.000000 0.000000 0 0.000000 0.000000 0
0 0.405931 0.314150 0.273662 0.217420 0.394004 0.274000 1 0.402570 0.264000 1 0.376874 0.266000 1 0.000000 0.000000 0 0.338330 0.286000 1 0.462527 0.330000 1 0.310493 0.350000 1 0.537473 0.406000 1 0.308351 0.438000 1 0.524625 0.330000 1 0.364026 0.316000 1 0.000000 0.000000 0 0.000000 0.000000 0 0.000000 0.000000 0 0.000000 0.000000 0 0.000000 0.000000 0 0.000000 0.000000 0
0 0.112602 0.553200 0.225203 0.306160 0.021413 0.448000 1 0.000000 0.000000 0 0.000000 0.000000 0 0.000000 0.000000 0 0.000000 0.000000 0 0.081370 0.474000 1 0.000000 0.000000 0 0.207709 0.506000 1 0.034261 0.714000 1 0.160600 0.458000 1 0.113490 0.592000 1 0.252677 0.698000 1 0.143469 0.738000 1 0.000000 0.000000 0 0.000000 0.000000 0 0.000000 0.000000 0 0.000000 0.000000 0
0 0.156349 0.660690 0.296338 0.238580 0.192719 0.586000 1 0.205567 0.582000 1 0.179872 0.578000 1 0.218415 0.608000 1 0.156317 0.600000 1 0.231263 0.644000 1 0.143469 0.634000 1 0.267666 0.648000 1 0.096360 0.624000 1 0.276231 0.622000 1 0.042827 0.610000 1 0.222698 0.764000 1 0.160600 0.756000 1 0.000000 0.000000 0 0.119914 0.714000 1 0.000000 0.000000 0 0.000000 0.000000 0
0 0.745653 0.387990 0.164839 0.205780 0.728051 0.362000 1 0.745182 0.350000 1 0.715203 0.348000 1 0.000000 0.000000 0 0.000000 0.000000 0 0.000000 0.000000 0 0.000000 0.000000 0 0.766595 0.408000 1 0.683084 0.376000 1 0.770878 0.326000 1 0.695931 0.318000 1 0.000000 0.000000 0 0.000000 0.000000 0 0.000000 0.000000 0 0.000000 0.000000 0 0.000000 0.000000 0 0.000000 0.000000 0
0 0.081895 0.728210 0.158651 0.272460 0.000000 0.000000 0 0.000000 0.000000 0 0.000000 0.000000 0 0.000000 0.000000 0 0.000000 0.000000 0 0.000000 0.000000 0 0.000000 0.000000 0 0.032120 0.736000 1 0.000000 0.000000 0 0.000000 0.000000 0 0.000000 0.000000 0 0.102784 0.830000 1 0.000000 0.000000 0 0.000000 0.000000 0 0.000000 0.000000 0 0.000000 0.000000 0 0.000000 0.000000 0
0 0.584636 0.140490 0.238351 0.277260 0.612420 0.088000 1 0.635974 0.072000 1 0.593148 0.070000 1 0.657388 0.074000 1 0.558887 0.072000 1 0.695931 0.166000 1 0.513919 0.174000 1 0.000000 0.000000 0 0.501071 0.322000 1 0.000000 0.000000 0 0.586724 0.262000 1 0.000000 0.000000 0 0.000000 0.000000 0 0.000000 0.000000 0 0.000000 0.000000 0 0.000000 0.000000 0 0.000000 0.000000 0