0 0.643617 0.478938 0.398672 0.774508 0.682813 0.189119 1 0.000000 0.000000 0 0.671875 0.168394 1 0.000000 0.000000 0 0.645312 0.160622 1 0.615625 0.183938 1 0.667188 0.259067 1 0.709375 0.235751 1 0.742188 0.287565 1 0.795312 0.246114 1 0.809375 0.256477 1 0.640625 0.492228 1 0.617188 0.500000 1 0.693750 0.642487 1 0.584375 0.663212 1 0.723437 0.831606 1 0.475000 0.753886 1
0 0.939008 0.415039 0.083141 0.413031 0.939063 0.248705 1 0.942187 0.240933 1 0.934375 0.240933 1 0.946875 0.240933 1 0.926562 0.243523 1 0.956250 0.277202 1 0.921875 0.277202 1 0.968750 0.336788 1 0.928125 0.331606 1 0.929688 0.326425 1 0.957812 0.318653 1 0.953125 0.388601 1 0.928125 0.386010 1 0.956250 0.502591 1 0.914062 0.500000 1 0.956250 0.575130 1 0.903125 0.582902 1
0 0.366422 0.481334 0.091562 0.302047 0.387500 0.378238 1 0.392188 0.370466 1 0.382812 0.370466 1 0.396875 0.373057 1 0.371875 0.373057 1 0.403125 0.409326 1 0.357812 0.404145 1 0.400000 0.458549 1 0.373437 0.471503 1 0.387500 0.484456 1 0.407813 0.479275 1 0.368750 0.492228 1 0.340625 0.494819 1 0.390625 0.507772 1 0.335938 0.588083 1 0.393750 0.595855 1 0.332813 0.658031 1
0 0.551617 0.405492 0.064297 0.161917 0.000000 0.000000 0 0.000000 0.000000 0 0.000000 0.000000 0 0.000000 0.000000 0 0.000000 0.000000 0 0.000000 0.000000 0 0.000000 0.000000 0 0.000000 0.000000 0 0.000000 0.000000 0 0.000000 0.000000 0 0.000000 0.000000 0 0.000000 0.000000 0 0.000000 0.000000 0 0.000000 0.000000 0 0.000000 0.000000 0 0.000000 0.000000 0 0.000000 0.000000 0
0 0.188391 0.648316 0.349688 0.496632 0.206250 0.492228 1 0.000000 0.000000 0 0.196875 0.476684 1 0.000000 0.000000 0 0.167187 0.489637 1 0.185938 0.541451 1 0.110937 0.541451 1 0.248438 0.556995 1 0.087500 0.663212 1 0.306250 0.562176 1 0.160938 0.668394 1 0.090625 0.681347 1 0.043750 0.696891 1 0.187500 0.670984 1 0.165625 0.689119 1 0.114062 0.829016 1 0.076563 0.821244 1
0 0.254820 0.480039 0.061672 0.118575 0.245312 0.458549 1 0.250000 0.448187 1 0.239063 0.450777 1 0.000000 0.000000 0 0.232813 0.455959 1 0.265625 0.497409 1 0.228125 0.497409 1 0.000000 0.000000 0 0.000000 0.000000 0 0.000000 0.000000 0 0.000000 0.000000 0 0.000000 0.000000 0 0.000000 0.000000 0 0.000000 0.000000 0 0.000000 0.000000 0 0.000000 0.000000 0 0.000000 0.000000 0
0 0.848016 0.437578 0.082312 0.391477 0.846875 0.251295 1 0.850000 0.246114 1 0.842187 0.246114 1 0.000000 0.000000 0 0.000000 0.000000 0 0.862500 0.287565 1 0.825000 0.292746 1 0.876563 0.349741 1 0.842187 0.354922 1 0.845313 0.334197 1 0.870313 0.336788 1 0.860938 0.404145 1 0.837500 0.401554 1 0.870313 0.518135 1 0.837500 0.502591 1 0.868750 0.601036 1 0.823438 0.593264 1
0 0.448219 0.045868 0.064062 0.091736 0.000000 0.000000 0 0.000000 0.000000 0 0.000000 0.000000 0 0.000000 0.000000 0 0.000000 0.000000 0 0.000000 0.000000 0 0.000000 0.000000 0 0.000000 0.000000 0 0.000000 0.000000 0 0.000000 0.000000 0 0.000000 0.000000 0 0.000000 0.000000 0 0.000000 0.000000 0 0.000000 0.000000 0 0.000000 0.000000 0 0.000000 0.000000 0 0.000000 0.000000 0
0 0.699484 0.046179 0.056438 0.092358 0.000000 0.000000 0 0.000000 0.000000 0 0.000000 0.000000 0 0.000000 0.000000 0 0.000000 0.000000 0 0.000000 0.000000 0 0.000000 0.000000 0 0.000000 0.000000 0 0.000000 0.000000 0 0.000000 0.000000 0 0.000000 0.000000 0 0.000000 0.000000 0 0.000000 0.000000 0 0.000000 0.000000 0 0.000000 0.000000 0 0.000000 0.000000 0 0.000000 0.000000 0
0 0.068805 0.040013 0.068609 0.080026 0.000000 0.000000 0 0.000000 0.000000 0 0.000000 0.000000 0 0.000000 0.000000 0 0.000000 0.000000 0 0.000000 0.000000 0 0.000000 0.000000 0 0.000000 0.000000 0 0.000000 0.000000 0 0.000000 0.000000 0 0.000000 0.000000 0 0.000000 0.000000 0 0.000000 0.000000 0 0.000000 0.000000 0 0.000000 0.000000 0 0.000000 0.000000 0 0.000000 0.000000 0
0 0.561070 0.499443 0.046859 0.273238 0.000000 0.000000 0 0.000000 0.000000 0 0.000000 0.000000 0 0.000000 0.000000 0 0.570312 0.398964 1 0.592187 0.430052 1 0.560937 0.430052 1 0.000000 0.000000 0 0.557813 0.492228 1 0.000000 0.000000 0 0.585938 0.492228 1 0.000000 0.000000 0 0.546875 0.507772 1 0.000000 0.000000 0 0.559375 0.515544 1 0.000000 0.000000 0 0.553125 0.590674 1
0 0.436367 0.482927 0.068703 0.294663 0.423438 0.375648 1 0.426563 0.365285 1 0.421875 0.365285 1 0.432812 0.373057 1 0.412500 0.367876 1 0.443750 0.422280 1 0.404687 0.419689 1 0.457813 0.487047 1 0.000000 0.000000 0 0.448437 0.497409 1 0.000000 0.000000 0 0.439063 0.523316 1 0.406250 0.520725 1 0.434375 0.595855 1 0.421875 0.544041 1 0.000000 0.000000 0 0.426563 0.626943 1
0 0.693852 0.477254 0.065953 0.310984 0.671875 0.347150 1 0.676562 0.336788 1 0.668750 0.336788 1 0.000000 0.000000 0 0.000000 0.000000 0 0.689063 0.388601 1 0.653125 0.386010 1 0.706250 0.443005 1 0.000000 0.000000 0 0.679688 0.432642 1 0.000000 0.000000 0 0.682813 0.510363 1 0.656250 0.510363 1 0.707812 0.512953 1 0.000000 0.000000 0 0.701562 0.601036 1 0.000000 0.000000 0