0 0.531883 0.554590 0.469415 0.256180 0.684478 0.548000 1 0.000000 0.000000 0 0.687023 0.528000 1 0.000000 0.000000 0 0.669211 0.492000 1 0.666667 0.478000 1 0.600509 0.488000 1 0.000000 0.000000 0 0.567430 0.588000 1 0.000000 0.000000 0 0.610687 0.640000 1 0.567430 0.462000 1 0.473282 0.458000 1 0.000000 0.000000 0 0.480916 0.566000 1 0.000000 0.000000 0 0.348601 0.606000 1
0 0.190738 0.513560 0.333995 0.350040 0.262087 0.392000 1 0.272265 0.382000 1 0.249364 0.382000 1 0.000000 0.000000 0 0.223919 0.386000 1 0.259542 0.420000 1 0.208651 0.424000 1 0.300254 0.448000 1 0.218830 0.486000 1 0.335878 0.472000 1 0.282443 0.478000 1 0.231552 0.498000 1 0.170483 0.508000 1 0.000000 0.000000 0 0.147583 0.590000 1 0.000000 0.000000 0 0.055980 0.644000 1
0 0.382087 0.342030 0.149008 0.260940 0.379135 0.234000 1 0.384224 0.230000 1 0.371501 0.230000 1 0.391858 0.232000 1 0.363868 0.232000 1 0.407125 0.258000 1 0.353690 0.258000 1 0.442748 0.284000 1 0.315522 0.246000 1 0.437659 0.316000 1 0.353690 0.250000 1 0.407125 0.326000 1 0.379135 0.330000 1 0.409669 0.396000 1 0.363868 0.390000 1 0.394402 0.456000 1 0.358779 0.456000 1
0 0.560509 0.348030 0.113740 0.186100 0.569975 0.260000 1 0.577608 0.256000 1 0.564885 0.256000 1 0.000000 0.000000 0 0.587786 0.258000 1 0.557252 0.284000 1 0.590331 0.284000 1 0.000000 0.000000 0 0.582697 0.326000 1 0.000000 0.000000 0 0.539440 0.338000 1 0.552163 0.358000 1 0.587786 0.356000 1 0.529262 0.402000 1 0.587786 0.408000 1 0.000000 0.000000 0 0.000000 0.000000 0
0 0.802939 0.172700 0.080076 0.073720 0.000000 0.000000 0 0.000000 0.000000 0 0.000000 0.000000 0 0.000000 0.000000 0 0.000000 0.000000 0 0.000000 0.000000 0 0.000000 0.000000 0 0.000000 0.000000 0 0.000000 0.000000 0 0.000000 0.000000 0 0.000000 0.000000 0 0.000000 0.000000 0 0.000000 0.000000 0 0.000000 0.000000 0 0.000000 0.000000 0 0.000000 0.000000 0 0.000000 0.000000 0
0 0.935115 0.297930 0.128601 0.130460 0.933842 0.254000 1 0.938931 0.250000 1 0.928753 0.250000 1 0.954198 0.252000 1 0.913486 0.254000 1 0.966921 0.270000 1 0.908397 0.268000 1 0.989822 0.294000 1 0.895674 0.288000 1 0.954198 0.292000 1 0.905852 0.286000 1 0.966921 0.318000 1 0.928753 0.318000 1 0.987277 0.344000 1 0.949109 0.344000 1 0.000000 0.000000 0 0.969466 0.374000 1
0 0.147672 0.107320 0.091120 0.068400 0.000000 0.000000 0 0.000000 0.000000 0 0.000000 0.000000 0 0.000000 0.000000 0 0.000000 0.000000 0 0.000000 0.000000 0 0.000000 0.000000 0 0.000000 0.000000 0 0.000000 0.000000 0 0.000000 0.000000 0 0.000000 0.000000 0 0.000000 0.000000 0 0.000000 0.000000 0 0.000000 0.000000 0 0.000000 0.000000 0 0.000000 0.000000 0 0.000000 0.000000 0
0 0.926896 0.139310 0.070178 0.080020 0.000000 0.000000 0 0.000000 0.000000 0 0.000000 0.000000 0 0.000000 0.000000 0 0.000000 0.000000 0 0.000000 0.000000 0 0.000000 0.000000 0 0.000000 0.000000 0 0.000000 0.000000 0 0.000000 0.000000 0 0.000000 0.000000 0 0.000000 0.000000 0 0.000000 0.000000 0 0.000000 0.000000 0 0.000000 0.000000 0 0.000000 0.000000 0 0.000000 0.000000 0
0 0.858982 0.119570 0.038779 0.067060 0.000000 0.000000 0 0.000000 0.000000 0 0.000000 0.000000 0 0.000000 0.000000 0 0.000000 0.000000 0 0.000000 0.000000 0 0.000000 0.000000 0 0.000000 0.000000 0 0.000000 0.000000 0 0.000000 0.000000 0 0.000000 0.000000 0 0.000000 0.000000 0 0.000000 0.000000 0 0.000000 0.000000 0 0.000000 0.000000 0 0.000000 0.000000 0 0.000000 0.000000 0
0 0.889351 0.173540 0.099720 0.072440 0.000000 0.000000 0 0.000000 0.000000 0 0.000000 0.000000 0 0.000000 0.000000 0 0.000000 0.000000 0 0.000000 0.000000 0 0.000000 0.000000 0 0.000000 0.000000 0 0.000000 0.000000 0 0.000000 0.000000 0 0.000000 0.000000 0 0.000000 0.000000 0 0.000000 0.000000 0 0.000000 0.000000 0 0.000000 0.000000 0 0.000000 0.000000 0 0.000000 0.000000 0
0 0.838702 0.145140 0.062341 0.078600 0.000000 0.000000 0 0.000000 0.000000 0 0.000000 0.000000 0 0.000000 0.000000 0 0.000000 0.000000 0 0.000000 0.000000 0 0.000000 0.000000 0 0.000000 0.000000 0 0.000000 0.000000 0 0.000000 0.000000 0 0.000000 0.000000 0 0.000000 0.000000 0 0.000000 0.000000 0 0.000000 0.000000 0 0.000000 0.000000 0 0.000000 0.000000 0 0.000000 0.000000 0
0 0.743372 0.220100 0.091628 0.146560 0.735369 0.170000 1 0.740458 0.164000 1 0.727735 0.166000 1 0.750636 0.164000 1 0.000000 0.000000 0 0.773537 0.192000 1 0.715013 0.190000 1 0.760814 0.218000 1 0.674300 0.200000 1 0.725191 0.204000 1 0.692112 0.180000 1 0.763359 0.260000 1 0.717557 0.258000 1 0.763359 0.316000 1 0.717557 0.318000 1 0.000000 0.000000 0 0.000000 0.000000 0
0 0.567392 0.260360 0.105267 0.165480 0.577608 0.204000 1 0.582697 0.198000 1 0.567430 0.198000 1 0.590331 0.200000 1 0.559796 0.196000 1 0.597964 0.220000 1 0.534351 0.218000 1 0.580153 0.256000 1 0.534351 0.260000 1 0.000000 0.000000 0 0.000000 0.000000 0 0.569975 0.298000 1 0.554707 0.304000 1 0.000000 0.000000 0 0.000000 0.000000 0 0.000000 0.000000 0 0.000000 0.000000 0