0 0.231359 0.556616 0.119250 0.374918 0.192188 0.412178 1 0.198437 0.405152 1 0.187500 0.405152 1 0.210938 0.402810 1 0.000000 0.000000 0 0.226562 0.433255 1 0.185938 0.444965 1 0.232813 0.480094 1 0.175000 0.482436 1 0.221875 0.512881 1 0.168750 0.515222 1 0.235937 0.533958 1 0.200000 0.540984 1 0.259375 0.629977 1 0.184375 0.627635 1 0.276562 0.700234 1 0.171875 0.704918 1
0 0.403883 0.614672 0.215422 0.580867 0.382812 0.384075 1 0.393750 0.367681 1 0.382812 0.367681 1 0.417187 0.372365 1 0.000000 0.000000 0 0.446875 0.440281 1 0.371875 0.456674 1 0.446875 0.491803 1 0.345313 0.522248 1 0.443750 0.536300 1 0.315625 0.545667 1 0.442188 0.592506 1 0.398438 0.594848 1 0.460938 0.697892 1 0.000000 0.000000 0 0.501563 0.836066 1 0.000000 0.000000 0
0 0.516320 0.392424 0.090266 0.173513 0.503125 0.344262 1 0.509375 0.337237 1 0.501563 0.337237 1 0.521875 0.337237 1 0.000000 0.000000 0 0.546875 0.374707 1 0.498437 0.381733 1 0.562500 0.421546 1 0.492188 0.412178 1 0.556250 0.461358 1 0.475000 0.440281 1 0.548438 0.466042 1 0.517188 0.463700 1 0.546875 0.505855 1 0.000000 0.000000 0 0.000000 0.000000 0 0.000000 0.000000 0
0 0.694180 0.442002 0.110953 0.355059 0.660937 0.299766 1 0.665625 0.295082 1 0.656250 0.295082 1 0.676562 0.288056 1 0.000000 0.000000 0 0.685937 0.320843 1 0.651563 0.330211 1 0.693750 0.370023 1 0.640625 0.374707 1 0.682813 0.409836 1 0.650000 0.407494 1 0.689063 0.405152 1 0.657813 0.412178 1 0.709375 0.484778 1 0.640625 0.489461 1 0.732812 0.566745 1 0.634375 0.566745 1
0 0.634953 0.580902 0.205406 0.644941 0.614062 0.332553 1 0.621875 0.316159 1 0.607812 0.318501 1 0.635938 0.316159 1 0.595313 0.327869 1 0.662500 0.381733 1 0.587500 0.398126 1 0.689063 0.459016 1 0.576562 0.498829 1 0.000000 0.000000 0 0.000000 0.000000 0 0.654687 0.524590 1 0.598437 0.536300 1 0.712500 0.587822 1 0.578125 0.672131 1 0.717187 0.737705 1 0.560937 0.833724 1
0 0.480133 0.375948 0.037391 0.082295 0.000000 0.000000 0 0.000000 0.000000 0 0.000000 0.000000 0 0.000000 0.000000 0 0.000000 0.000000 0 0.000000 0.000000 0 0.000000 0.000000 0 0.000000 0.000000 0 0.000000 0.000000 0 0.000000 0.000000 0 0.000000 0.000000 0 0.000000 0.000000 0 0.000000 0.000000 0 0.000000 0.000000 0 0.000000 0.000000 0 0.000000 0.000000 0 0.000000 0.000000 0
0 0.896109 0.526300 0.207781 0.578407 0.854688 0.302108 1 0.864062 0.290398 1 0.846875 0.290398 1 0.879687 0.292740 1 0.837500 0.295082 1 0.898438 0.346604 1 0.817187 0.367681 1 0.923438 0.435597 1 0.809375 0.435597 1 0.882812 0.412178 1 0.810937 0.463700 1 0.901563 0.510539 1 0.851562 0.524590 1 0.951562 0.618267 1 0.835938 0.613583 1 0.973437 0.751756 1 0.823438 0.674473 1
0 0.465531 0.551429 0.082469 0.411241 0.000000 0.000000 0 0.000000 0.000000 0 0.000000 0.000000 0 0.000000 0.000000 0 0.000000 0.000000 0 0.465625 0.444965 1 0.407813 0.449649 1 0.478125 0.524590 1 0.000000 0.000000 0 0.439063 0.543326 1 0.000000 0.000000 0 0.473438 0.562061 1 0.428125 0.566745 1 0.478125 0.608899 1 0.000000 0.000000 0 0.492188 0.718970 1 0.000000 0.000000 0
0 0.179227 0.671300 0.254203 0.570796 0.125000 0.447307 1 0.129688 0.435597 1 0.000000 0.000000 0 0.154688 0.437939 1 0.000000 0.000000 0 0.195312 0.484778 1 0.121875 0.494145 1 0.200000 0.550351 1 0.095312 0.571429 1 0.193750 0.606557 1 0.067187 0.622951 1 0.200000 0.637002 1 0.137500 0.639344 1 0.235937 0.770492 1 0.000000 0.000000 0 0.270313 0.911007 1 0.000000 0.000000 0
0 0.963477 0.294707 0.073047 0.172740 0.970313 0.248244 1 0.975000 0.241218 1 0.965625 0.243560 1 0.982812 0.243560 1 0.954688 0.250585 1 0.996875 0.283372 1 0.943750 0.297424 1 0.000000 0.000000 0 0.939063 0.337237 1 0.000000 0.000000 0 0.937500 0.353630 1 0.996875 0.391101 1 0.959375 0.398126 1 0.000000 0.000000 0 0.000000 0.000000 0 0.000000 0.000000 0 0.000000 0.000000 0
0 0.325836 0.403923 0.056266 0.144005 0.000000 0.000000 0 0.000000 0.000000 0 0.000000 0.000000 0 0.000000 0.000000 0 0.000000 0.000000 0 0.000000 0.000000 0 0.000000 0.000000 0 0.000000 0.000000 0 0.000000 0.000000 0 0.000000 0.000000 0 0.000000 0.000000 0 0.000000 0.000000 0 0.000000 0.000000 0 0.000000 0.000000 0 0.000000 0.000000 0 0.000000 0.000000 0 0.000000 0.000000 0
0 0.790898 0.333735 0.095734 0.202646 0.793750 0.274005 1 0.800000 0.266979 1 0.787500 0.266979 1 0.814063 0.266979 1 0.781250 0.271663 1 0.837500 0.309133 1 0.770312 0.309133 1 0.000000 0.000000 0 0.765625 0.360656 1 0.000000 0.000000 0 0.757812 0.400468 1 0.000000 0.000000 0 0.789062 0.426230 1 0.000000 0.000000 0 0.762500 0.480094 1 0.000000 0.000000 0 0.000000 0.000000 0
0 0.345953 0.437201 0.092969 0.181194 0.350000 0.393443 1 0.354687 0.386417 1 0.346875 0.388759 1 0.367188 0.384075 1 0.000000 0.000000 0 0.387500 0.437939 1 0.340625 0.440281 1 0.000000 0.000000 0 0.323437 0.480094 1 0.000000 0.000000 0 0.310937 0.505855 1 0.376563 0.522248 1 0.339062 0.522248 1 0.000000 0.000000 0 0.000000 0.000000 0 0.000000 0.000000 0 0.000000 0.000000 0