0 0.926242 0.530026 0.147516 0.827282 0.873437 0.205805 1 0.879687 0.189974 1 0.867188 0.192612 1 0.917188 0.200528 1 0.000000 0.000000 0 0.932813 0.271768 1 0.901563 0.282322 1 0.975000 0.419525 1 0.917188 0.453826 1 0.953125 0.543536 1 0.884375 0.493404 1 0.985938 0.522427 1 0.950000 0.525066 1 0.940625 0.683377 1 0.885938 0.680739 1 0.956250 0.886544 1 0.937500 0.865435 1
0 0.696219 0.614868 0.221406 0.659921 0.640625 0.374670 1 0.653125 0.358839 1 0.000000 0.000000 0 0.678125 0.374670 1 0.000000 0.000000 0 0.678125 0.456464 1 0.690625 0.430079 1 0.678125 0.630607 1 0.700000 0.612137 1 0.635938 0.773087 1 0.632812 0.585752 1 0.764062 0.649077 1 0.000000 0.000000 0 0.631250 0.693931 1 0.000000 0.000000 0 0.735938 0.883905 1 0.000000 0.000000 0
0 0.298258 0.547929 0.399141 0.820660 0.140625 0.224274 1 0.153125 0.200528 1 0.000000 0.000000 0 0.181250 0.203166 1 0.000000 0.000000 0 0.237500 0.284960 1 0.162500 0.335092 1 0.306250 0.382586 1 0.193750 0.435356 1 0.362500 0.464380 1 0.143750 0.527704 1 0.312500 0.551451 1 0.254688 0.562005 1 0.343750 0.720317 1 0.157812 0.686016 1 0.448437 0.881266 1 0.254688 0.839050 1
0 0.416375 0.562427 0.083031 0.251821 0.401562 0.493404 1 0.406250 0.488127 1 0.396875 0.488127 1 0.423438 0.493404 1 0.000000 0.000000 0 0.432812 0.554090 1 0.379688 0.554090 1 0.439063 0.633245 1 0.000000 0.000000 0 0.398438 0.667546 1 0.000000 0.000000 0 0.418750 0.686016 1 0.375000 0.683377 1 0.000000 0.000000 0 0.000000 0.000000 0 0.000000 0.000000 0 0.000000 0.000000 0
0 0.513187 0.584208 0.120031 0.278443 0.476562 0.488127 1 0.482812 0.482850 1 0.473438 0.480211 1 0.503125 0.482850 1 0.000000 0.000000 0 0.529687 0.519789 1 0.470313 0.535620 1 0.529687 0.604222 1 0.470313 0.633245 1 0.000000 0.000000 0 0.000000 0.000000 0 0.537500 0.638522 1 0.500000 0.659631 1 0.495312 0.606860 1 0.484375 0.709763 1 0.465625 0.715040 1 0.000000 0.000000 0
0 0.223570 0.076412 0.090484 0.103377 0.210938 0.060686 1 0.217188 0.055409 1 0.206250 0.055409 1 0.228125 0.058047 1 0.000000 0.000000 0 0.242188 0.094987 1 0.192188 0.108179 1 0.246875 0.160950 1 0.181250 0.160950 1 0.000000 0.000000 0 0.000000 0.000000 0 0.000000 0.000000 0 0.000000 0.000000 0 0.000000 0.000000 0 0.000000 0.000000 0 0.000000 0.000000 0 0.000000 0.000000 0
0 0.289438 0.058430 0.067875 0.116860 0.000000 0.000000 0 0.000000 0.000000 0 0.000000 0.000000 0 0.000000 0.000000 0 0.000000 0.000000 0 0.000000 0.000000 0 0.000000 0.000000 0 0.000000 0.000000 0 0.000000 0.000000 0 0.000000 0.000000 0 0.000000 0.000000 0 0.000000 0.000000 0 0.000000 0.000000 0 0.000000 0.000000 0 0.000000 0.000000 0 0.000000 0.000000 0 0.000000 0.000000 0
0 0.139180 0.063918 0.090203 0.127836 0.151562 0.042216 1 0.151562 0.031662 1 0.146875 0.031662 1 0.000000 0.000000 0 0.128125 0.039578 1 0.170313 0.084433 1 0.104688 0.108179 1 0.000000 0.000000 0 0.000000 0.000000 0 0.000000 0.000000 0 0.000000 0.000000 0 0.000000 0.000000 0 0.000000 0.000000 0 0.000000 0.000000 0 0.000000 0.000000 0 0.000000 0.000000 0 0.000000 0.000000 0
0 0.325367 0.066293 0.113109 0.132586 0.332813 0.039578 1 0.337500 0.026385 1 0.326562 0.026385 1 0.353125 0.031662 1 0.000000 0.000000 0 0.365625 0.094987 1 0.303125 0.084433 1 0.000000 0.000000 0 0.000000 0.000000 0 0.000000 0.000000 0 0.000000 0.000000 0 0.000000 0.000000 0 0.000000 0.000000 0 0.000000 0.000000 0 0.000000 0.000000 0 0.000000 0.000000 0 0.000000 0.000000 0
0 0.905492 0.065726 0.107391 0.131451 0.915625 0.021108 1 0.923438 0.015831 1 0.910937 0.013193 1 0.931250 0.015831 1 0.904687 0.013193 1 0.942187 0.052770 1 0.895312 0.055409 1 0.962500 0.124011 1 0.860938 0.094987 1 0.931250 0.092348 1 0.896875 0.076517 1 0.935937 0.153034 1 0.900000 0.153034 1 0.000000 0.000000 0 0.000000 0.000000 0 0.000000 0.000000 0 0.000000 0.000000 0
0 0.834875 0.067098 0.096719 0.131082 0.842187 0.015831 1 0.848437 0.007916 1 0.839063 0.007916 1 0.856250 0.015831 1 0.000000 0.000000 0 0.864062 0.050132 1 0.825000 0.050132 1 0.878125 0.105541 1 0.803125 0.097625 1 0.000000 0.000000 0 0.000000 0.000000 0 0.853125 0.129288 1 0.826562 0.129288 1 0.000000 0.000000 0 0.000000 0.000000 0 0.000000 0.000000 0 0.000000 0.000000 0
0 0.459305 0.064301 0.107609 0.128602 0.451562 0.002639 1 0.000000 0.000000 0 0.000000 0.000000 0 0.000000 0.000000 0 0.000000 0.000000 0 0.489063 0.034301 1 0.432812 0.034301 1 0.503125 0.100264 1 0.414062 0.084433 1 0.489063 0.113456 1 0.420312 0.113456 1 0.478125 0.139842 1 0.435937 0.139842 1 0.000000 0.000000 0 0.000000 0.000000 0 0.000000 0.000000 0 0.000000 0.000000 0
0 0.109805 0.065475 0.034391 0.057071 0.000000 0.000000 0 0.000000 0.000000 0 0.000000 0.000000 0 0.000000 0.000000 0 0.000000 0.000000 0 0.000000 0.000000 0 0.000000 0.000000 0 0.000000 0.000000 0 0.000000 0.000000 0 0.000000 0.000000 0 0.000000 0.000000 0 0.000000 0.000000 0 0.000000 0.000000 0 0.000000 0.000000 0 0.000000 0.000000 0 0.000000 0.000000 0 0.000000 0.000000 0