0 0.717969 0.543560 0.226562 0.754098 0.635938 0.269321 1 0.635938 0.245902 1 0.000000 0.000000 0 0.664062 0.222482 1 0.000000 0.000000 0 0.679688 0.290398 1 0.714063 0.245902 1 0.668750 0.437939 1 0.698438 0.426230 1 0.631250 0.491803 1 0.654687 0.498829 1 0.762500 0.519906 1 0.804688 0.498829 1 0.735938 0.686183 1 0.760938 0.695550 1 0.721875 0.871194 1 0.759375 0.875878 1
0 0.781500 0.232131 0.018281 0.037845 0.000000 0.000000 0 0.000000 0.000000 0 0.000000 0.000000 0 0.000000 0.000000 0 0.000000 0.000000 0 0.000000 0.000000 0 0.000000 0.000000 0 0.000000 0.000000 0 0.000000 0.000000 0 0.000000 0.000000 0 0.000000 0.000000 0 0.000000 0.000000 0 0.000000 0.000000 0 0.000000 0.000000 0 0.000000 0.000000 0 0.000000 0.000000 0 0.000000 0.000000 0
0 0.466328 0.316862 0.050250 0.227213 0.448437 0.231850 1 0.451562 0.227166 1 0.000000 0.000000 0 0.459375 0.222482 1 0.000000 0.000000 0 0.471875 0.245902 1 0.446875 0.248244 1 0.489063 0.271663 1 0.000000 0.000000 0 0.000000 0.000000 0 0.000000 0.000000 0 0.470313 0.341920 1 0.448437 0.341920 1 0.473438 0.395785 1 0.446875 0.400468 1 0.476562 0.437939 1 0.000000 0.000000 0
0 0.892844 0.323513 0.141406 0.440281 0.000000 0.000000 0 0.000000 0.000000 0 0.000000 0.000000 0 0.887500 0.156909 1 0.921875 0.152225 1 0.859375 0.215457 1 0.950000 0.229508 1 0.834375 0.309133 1 0.948438 0.348946 1 0.000000 0.000000 0 0.000000 0.000000 0 0.865625 0.407494 1 0.928125 0.414520 1 0.000000 0.000000 0 0.000000 0.000000 0 0.000000 0.000000 0 0.000000 0.000000 0
0 0.799594 0.290070 0.063219 0.199859 0.000000 0.000000 0 0.000000 0.000000 0 0.000000 0.000000 0 0.793750 0.208431 1 0.812500 0.213115 1 0.779687 0.248244 1 0.823438 0.248244 1 0.770312 0.285714 1 0.820312 0.278689 1 0.000000 0.000000 0 0.000000 0.000000 0 0.785937 0.348946 1 0.809375 0.346604 1 0.000000 0.000000 0 0.000000 0.000000 0 0.000000 0.000000 0 0.000000 0.000000 0
0 0.757391 0.244731 0.021406 0.078220 0.000000 0.000000 0 0.000000 0.000000 0 0.000000 0.000000 0 0.000000 0.000000 0 0.000000 0.000000 0 0.000000 0.000000 0 0.000000 0.000000 0 0.000000 0.000000 0 0.000000 0.000000 0 0.000000 0.000000 0 0.000000 0.000000 0 0.000000 0.000000 0 0.000000 0.000000 0 0.000000 0.000000 0 0.000000 0.000000 0 0.000000 0.000000 0 0.000000 0.000000 0
0 0.521758 0.353923 0.077953 0.348314 0.500000 0.227166 1 0.506250 0.217799 1 0.000000 0.000000 0 0.523438 0.217799 1 0.000000 0.000000 0 0.526563 0.262295 1 0.000000 0.000000 0 0.543750 0.320843 1 0.000000 0.000000 0 0.520312 0.377049 1 0.000000 0.000000 0 0.510938 0.398126 1 0.000000 0.000000 0 0.000000 0.000000 0 0.000000 0.000000 0 0.000000 0.000000 0 0.000000 0.000000 0
0 0.158930 0.414602 0.092953 0.339321 0.179688 0.283372 1 0.181250 0.276347 1 0.173437 0.276347 1 0.000000 0.000000 0 0.157812 0.278689 1 0.187500 0.325527 1 0.146875 0.327869 1 0.000000 0.000000 0 0.125000 0.377049 1 0.000000 0.000000 0 0.175000 0.414520 1 0.195312 0.430913 1 0.159375 0.440281 1 0.000000 0.000000 0 0.184375 0.503513 1 0.000000 0.000000 0 0.000000 0.000000 0
0 0.572914 0.354965 0.043984 0.072225 0.000000 0.000000 0 0.000000 0.000000 0 0.000000 0.000000 0 0.000000 0.000000 0 0.000000 0.000000 0 0.000000 0.000000 0 0.000000 0.000000 0 0.000000 0.000000 0 0.000000 0.000000 0 0.000000 0.000000 0 0.000000 0.000000 0 0.000000 0.000000 0 0.000000 0.000000 0 0.000000 0.000000 0 0.000000 0.000000 0 0.000000 0.000000 0 0.000000 0.000000 0
0 0.098633 0.269824 0.034203 0.079040 0.000000 0.000000 0 0.000000 0.000000 0 0.000000 0.000000 0 0.000000 0.000000 0 0.000000 0.000000 0 0.000000 0.000000 0 0.000000 0.000000 0 0.000000 0.000000 0 0.000000 0.000000 0 0.000000 0.000000 0 0.000000 0.000000 0 0.000000 0.000000 0 0.000000 0.000000 0 0.000000 0.000000 0 0.000000 0.000000 0 0.000000 0.000000 0 0.000000 0.000000 0
0 0.073680 0.248068 0.021797 0.052810 0.000000 0.000000 0 0.000000 0.000000 0 0.000000 0.000000 0 0.000000 0.000000 0 0.000000 0.000000 0 0.000000 0.000000 0 0.000000 0.000000 0 0.000000 0.000000 0 0.000000 0.000000 0 0.000000 0.000000 0 0.000000 0.000000 0 0.000000 0.000000 0 0.000000 0.000000 0 0.000000 0.000000 0 0.000000 0.000000 0 0.000000 0.000000 0 0.000000 0.000000 0
0 0.070187 0.429813 0.130062 0.291616 0.029687 0.337237 1 0.029687 0.330211 1 0.000000 0.000000 0 0.043750 0.323185 1 0.000000 0.000000 0 0.059375 0.360656 1 0.064062 0.358314 1 0.056250 0.414520 1 0.060937 0.407494 1 0.014063 0.414520 1 0.021875 0.407494 1 0.078125 0.454333 1 0.000000 0.000000 0 0.012500 0.442623 1 0.000000 0.000000 0 0.021875 0.540984 1 0.000000 0.000000 0
0 0.322766 0.282974 0.166844 0.275925 0.000000 0.000000 0 0.000000 0.000000 0 0.000000 0.000000 0 0.298438 0.182670 1 0.329688 0.177986 1 0.285938 0.238876 1 0.346875 0.238876 1 0.268750 0.306792 1 0.357812 0.325527 1 0.256250 0.360656 1 0.385937 0.320843 1 0.298438 0.416862 1 0.339062 0.414520 1 0.000000 0.000000 0 0.000000 0.000000 0 0.000000 0.000000 0 0.000000 0.000000 0