0 0.587531 0.549406 0.202000 0.770479 0.560937 0.237500 1 0.567187 0.214583 1 0.545312 0.220833 1 0.587500 0.222917 1 0.000000 0.000000 0 0.637500 0.304167 1 0.526563 0.339583 1 0.662500 0.416667 1 0.507812 0.495833 1 0.673438 0.516667 1 0.509375 0.406250 1 0.632812 0.541667 1 0.553125 0.547917 1 0.637500 0.702083 1 0.559375 0.710417 1 0.648438 0.856250 1 0.567187 0.860417 1
0 0.737359 0.470781 0.123031 0.478646 0.000000 0.000000 0 0.000000 0.000000 0 0.000000 0.000000 0 0.721875 0.283333 1 0.743750 0.285417 1 0.767188 0.337500 1 0.706250 0.333333 1 0.771875 0.408333 1 0.681250 0.408333 1 0.787500 0.456250 1 0.703125 0.475000 1 0.754687 0.495833 1 0.725000 0.495833 1 0.754687 0.579167 1 0.732812 0.579167 1 0.732812 0.664583 1 0.712500 0.662500 1
0 0.446461 0.573302 0.164047 0.711063 0.448437 0.314583 1 0.451562 0.300000 1 0.434375 0.295833 1 0.000000 0.000000 0 0.398438 0.306250 1 0.473438 0.370833 1 0.368750 0.381250 1 0.000000 0.000000 0 0.000000 0.000000 0 0.000000 0.000000 0 0.000000 0.000000 0 0.451562 0.608333 1 0.401562 0.616667 1 0.465625 0.714583 1 0.418750 0.725000 1 0.446875 0.845833 1 0.418750 0.860417 1
0 0.901195 0.291292 0.019078 0.067500 0.000000 0.000000 0 0.000000 0.000000 0 0.000000 0.000000 0 0.000000 0.000000 0 0.000000 0.000000 0 0.000000 0.000000 0 0.000000 0.000000 0 0.000000 0.000000 0 0.000000 0.000000 0 0.000000 0.000000 0 0.000000 0.000000 0 0.000000 0.000000 0 0.000000 0.000000 0 0.000000 0.000000 0 0.000000 0.000000 0 0.000000 0.000000 0 0.000000 0.000000 0
0 0.839000 0.399250 0.078969 0.308458 0.000000 0.000000 0 0.000000 0.000000 0 0.000000 0.000000 0 0.000000 0.000000 0 0.842187 0.279167 1 0.810937 0.304167 1 0.840625 0.308333 1 0.000000 0.000000 0 0.850000 0.362500 1 0.000000 0.000000 0 0.865625 0.368750 1 0.804688 0.385417 1 0.828125 0.393750 1 0.829688 0.458333 1 0.834375 0.466667 1 0.823438 0.520833 1 0.815625 0.539583 1
0 0.689398 0.313917 0.047797 0.142292 0.679688 0.287500 1 0.682813 0.279167 1 0.676562 0.281250 1 0.689063 0.275000 1 0.000000 0.000000 0 0.671875 0.314583 1 0.695312 0.302083 1 0.000000 0.000000 0 0.000000 0.000000 0 0.000000 0.000000 0 0.000000 0.000000 0 0.000000 0.000000 0 0.000000 0.000000 0 0.000000 0.000000 0 0.000000 0.000000 0 0.000000 0.000000 0 0.000000 0.000000 0
0 0.751648 0.226552 0.038078 0.048646 0.000000 0.000000 0 0.000000 0.000000 0 0.000000 0.000000 0 0.000000 0.000000 0 0.000000 0.000000 0 0.000000 0.000000 0 0.000000 0.000000 0 0.000000 0.000000 0 0.000000 0.000000 0 0.000000 0.000000 0 0.000000 0.000000 0 0.000000 0.000000 0 0.000000 0.000000 0 0.000000 0.000000 0 0.000000 0.000000 0 0.000000 0.000000 0 0.000000 0.000000 0
0 0.707484 0.247635 0.032813 0.049604 0.000000 0.000000 0 0.000000 0.000000 0 0.000000 0.000000 0 0.000000 0.000000 0 0.000000 0.000000 0 0.000000 0.000000 0 0.000000 0.000000 0 0.000000 0.000000 0 0.000000 0.000000 0 0.000000 0.000000 0 0.000000 0.000000 0 0.000000 0.000000 0 0.000000 0.000000 0 0.000000 0.000000 0 0.000000 0.000000 0 0.000000 0.000000 0 0.000000 0.000000 0
0 0.876703 0.295198 0.026375 0.064354 0.000000 0.000000 0 0.000000 0.000000 0 0.000000 0.000000 0 0.000000 0.000000 0 0.000000 0.000000 0 0.000000 0.000000 0 0.000000 0.000000 0 0.000000 0.000000 0 0.000000 0.000000 0 0.000000 0.000000 0 0.000000 0.000000 0 0.000000 0.000000 0 0.000000 0.000000 0 0.000000 0.000000 0 0.000000 0.000000 0 0.000000 0.000000 0 0.000000 0.000000 0
0 0.926812 0.395573 0.090219 0.337521 0.000000 0.000000 0 0.000000 0.000000 0 0.000000 0.000000 0 0.926562 0.252083 1 0.951562 0.258333 1 0.906250 0.293750 1 0.953125 0.300000 1 0.896875 0.345833 1 0.964063 0.354167 1 0.000000 0.000000 0 0.000000 0.000000 0 0.912500 0.393750 1 0.942187 0.400000 1 0.901563 0.472917 1 0.945312 0.475000 1 0.895312 0.529167 1 0.940625 0.545833 1
0 0.773094 0.258302 0.017125 0.054313 0.000000 0.000000 0 0.000000 0.000000 0 0.000000 0.000000 0 0.000000 0.000000 0 0.000000 0.000000 0 0.000000 0.000000 0 0.000000 0.000000 0 0.000000 0.000000 0 0.000000 0.000000 0 0.000000 0.000000 0 0.000000 0.000000 0 0.000000 0.000000 0 0.000000 0.000000 0 0.000000 0.000000 0 0.000000 0.000000 0 0.000000 0.000000 0 0.000000 0.000000 0
0 0.359414 0.619490 0.220141 0.735062 0.370312 0.337500 1 0.376563 0.314583 1 0.354687 0.316667 1 0.000000 0.000000 0 0.000000 0.000000 0 0.326562 0.412500 1 0.337500 0.414583 1 0.000000 0.000000 0 0.267188 0.539583 1 0.000000 0.000000 0 0.289062 0.618750 1 0.346875 0.635417 1 0.334375 0.633333 1 0.398438 0.770833 1 0.426563 0.785417 1 0.332813 0.908333 1 0.385937 0.945833 1