0 0.579000 0.334646 0.230250 0.665917 0.000000 0.000000 0 0.000000 0.000000 0 0.000000 0.000000 0 0.000000 0.000000 0 0.000000 0.000000 0 0.000000 0.000000 0 0.000000 0.000000 0 0.000000 0.000000 0 0.000000 0.000000 0 0.000000 0.000000 0 0.000000 0.000000 0 0.623437 0.037500 1 0.621875 0.043750 1 0.576562 0.335417 1 0.582812 0.337500 1 0.525000 0.572917 1 0.587500 0.581250 1
0 0.166477 0.362479 0.060547 0.103125 0.167187 0.327083 1 0.168750 0.322917 1 0.164062 0.322917 1 0.171875 0.325000 1 0.160938 0.325000 1 0.178125 0.343750 1 0.151562 0.343750 1 0.178125 0.379167 1 0.150000 0.372917 1 0.157812 0.381250 1 0.000000 0.000000 0 0.175000 0.391667 1 0.157812 0.391667 1 0.000000 0.000000 0 0.000000 0.000000 0 0.000000 0.000000 0 0.000000 0.000000 0
0 0.674375 0.239271 0.045688 0.158167 0.687500 0.185417 1 0.689063 0.179167 1 0.684375 0.179167 1 0.000000 0.000000 0 0.673438 0.185417 1 0.692187 0.208333 1 0.659375 0.202083 1 0.693750 0.247917 1 0.000000 0.000000 0 0.689063 0.281250 1 0.000000 0.000000 0 0.682813 0.277083 1 0.662500 0.275000 1 0.000000 0.000000 0 0.000000 0.000000 0 0.000000 0.000000 0 0.000000 0.000000 0
0 0.668688 0.381427 0.100469 0.149479 0.660937 0.325000 1 0.665625 0.320833 1 0.000000 0.000000 0 0.679688 0.327083 1 0.000000 0.000000 0 0.695312 0.350000 1 0.670312 0.350000 1 0.668750 0.375000 1 0.654687 0.381250 1 0.656250 0.339583 1 0.628125 0.385417 1 0.689063 0.408333 1 0.681250 0.402083 1 0.659375 0.393750 1 0.646875 0.383333 1 0.628125 0.435417 1 0.617188 0.425000 1
0 0.429492 0.375667 0.069766 0.118667 0.000000 0.000000 0 0.000000 0.000000 0 0.000000 0.000000 0 0.000000 0.000000 0 0.000000 0.000000 0 0.000000 0.000000 0 0.000000 0.000000 0 0.000000 0.000000 0 0.000000 0.000000 0 0.000000 0.000000 0 0.000000 0.000000 0 0.000000 0.000000 0 0.000000 0.000000 0 0.000000 0.000000 0 0.000000 0.000000 0 0.000000 0.000000 0 0.000000 0.000000 0
0 0.369328 0.366563 0.073406 0.123542 0.365625 0.331250 1 0.367188 0.327083 1 0.000000 0.000000 0 0.375000 0.331250 1 0.000000 0.000000 0 0.390625 0.341667 1 0.375000 0.343750 1 0.373437 0.358333 1 0.359375 0.356250 1 0.345313 0.372917 1 0.346875 0.372917 1 0.395313 0.391667 1 0.381250 0.391667 1 0.365625 0.375000 1 0.346875 0.377083 1 0.373437 0.418750 1 0.359375 0.418750 1
0 0.720898 0.387771 0.099203 0.164042 0.740625 0.331250 1 0.745313 0.327083 1 0.737500 0.327083 1 0.000000 0.000000 0 0.000000 0.000000 0 0.754687 0.360417 1 0.732812 0.362500 1 0.748437 0.406250 1 0.715625 0.410417 1 0.725000 0.397917 1 0.735938 0.408333 1 0.000000 0.000000 0 0.000000 0.000000 0 0.726562 0.429167 1 0.675000 0.433333 1 0.000000 0.000000 0 0.726562 0.460417 1
0 0.833820 0.377792 0.063234 0.115083 0.842187 0.347917 1 0.846875 0.343750 1 0.837500 0.343750 1 0.851562 0.347917 1 0.831250 0.345833 1 0.825000 0.364583 1 0.825000 0.368750 1 0.842187 0.402083 1 0.806250 0.406250 1 0.821875 0.402083 1 0.818750 0.387500 1 0.848437 0.418750 1 0.826562 0.416667 1 0.842187 0.404167 1 0.820312 0.408333 1 0.843750 0.462500 1 0.804688 0.450000 1
0 0.774180 0.285563 0.070953 0.213667 0.773438 0.204167 1 0.776563 0.197917 1 0.770312 0.200000 1 0.000000 0.000000 0 0.762500 0.202083 1 0.793750 0.227083 1 0.757812 0.233333 1 0.804688 0.262500 1 0.753125 0.266667 1 0.800000 0.293750 1 0.751563 0.302083 1 0.789062 0.308333 1 0.765625 0.310417 1 0.789062 0.358333 1 0.765625 0.358333 1 0.789062 0.406250 1 0.768750 0.410417 1
0 0.988023 0.267854 0.023953 0.122250 0.000000 0.000000 0 0.000000 0.000000 0 0.000000 0.000000 0 0.000000 0.000000 0 0.000000 0.000000 0 0.000000 0.000000 0 0.000000 0.000000 0 0.000000 0.000000 0 0.000000 0.000000 0 0.000000 0.000000 0 0.000000 0.000000 0 0.000000 0.000000 0 0.000000 0.000000 0 0.000000 0.000000 0 0.000000 0.000000 0 0.000000 0.000000 0 0.000000 0.000000 0
0 0.056484 0.295063 0.042594 0.165417 0.000000 0.000000 0 0.000000 0.000000 0 0.000000 0.000000 0 0.037500 0.227083 1 0.000000 0.000000 0 0.040625 0.243750 1 0.060937 0.243750 1 0.046875 0.264583 1 0.071875 0.272917 1 0.050000 0.297917 1 0.000000 0.000000 0 0.059375 0.287500 1 0.070312 0.283333 1 0.057813 0.339583 1 0.065625 0.337500 1 0.070312 0.387500 1 0.000000 0.000000 0
0 0.408969 0.374396 0.075281 0.120708 0.000000 0.000000 0 0.000000 0.000000 0 0.000000 0.000000 0 0.000000 0.000000 0 0.000000 0.000000 0 0.000000 0.000000 0 0.000000 0.000000 0 0.000000 0.000000 0 0.000000 0.000000 0 0.000000 0.000000 0 0.000000 0.000000 0 0.000000 0.000000 0 0.000000 0.000000 0 0.000000 0.000000 0 0.000000 0.000000 0 0.000000 0.000000 0 0.000000 0.000000 0
0 0.404609 0.360896 0.043781 0.081750 0.000000 0.000000 0 0.000000 0.000000 0 0.000000 0.000000 0 0.000000 0.000000 0 0.000000 0.000000 0 0.000000 0.000000 0 0.000000 0.000000 0 0.000000 0.000000 0 0.000000 0.000000 0 0.000000 0.000000 0 0.000000 0.000000 0 0.000000 0.000000 0 0.000000 0.000000 0 0.000000 0.000000 0 0.000000 0.000000 0 0.000000 0.000000 0 0.000000 0.000000 0