0 0.450150 0.530407 0.248260 0.662139 0.000000 0.000000 0 0.000000 0.000000 0 0.000000 0.000000 0 0.000000 0.000000 0 0.438000 0.316265 1 0.406000 0.373494 1 0.466000 0.343373 1 0.428000 0.331325 1 0.478000 0.283133 1 0.456000 0.292169 1 0.474000 0.240964 1 0.438000 0.560241 1 0.492000 0.557229 1 0.374000 0.596386 1 0.518000 0.683735 1 0.376000 0.737952 1 0.552000 0.756024 1
0 0.788290 0.493675 0.210420 0.591807 0.000000 0.000000 0 0.000000 0.000000 0 0.000000 0.000000 0 0.000000 0.000000 0 0.000000 0.000000 0 0.708000 0.325301 1 0.750000 0.280120 1 0.000000 0.000000 0 0.768000 0.286145 1 0.000000 0.000000 0 0.798000 0.304217 1 0.748000 0.409639 1 0.790000 0.400602 1 0.746000 0.536145 1 0.840000 0.581325 1 0.732000 0.545181 1 0.872000 0.716867 1
0 0.902820 0.557229 0.091280 0.468253 0.902000 0.367470 1 0.908000 0.361446 1 0.898000 0.361446 1 0.922000 0.373494 1 0.000000 0.000000 0 0.924000 0.424699 1 0.892000 0.415663 1 0.912000 0.496988 1 0.000000 0.000000 0 0.872000 0.466867 1 0.000000 0.000000 0 0.912000 0.545181 1 0.888000 0.548193 1 0.912000 0.662651 1 0.902000 0.665663 1 0.922000 0.768072 1 0.918000 0.762048 1
0 0.218050 0.422289 0.041420 0.214578 0.000000 0.000000 0 0.000000 0.000000 0 0.000000 0.000000 0 0.000000 0.000000 0 0.000000 0.000000 0 0.226000 0.361446 1 0.208000 0.358434 1 0.226000 0.391566 1 0.202000 0.382530 1 0.210000 0.382530 1 0.212000 0.385542 1 0.224000 0.421687 1 0.210000 0.421687 1 0.226000 0.466867 1 0.208000 0.469880 1 0.224000 0.518072 1 0.214000 0.515060 1
0 0.645180 0.456988 0.067800 0.145301 0.000000 0.000000 0 0.000000 0.000000 0 0.000000 0.000000 0 0.000000 0.000000 0 0.000000 0.000000 0 0.000000 0.000000 0 0.000000 0.000000 0 0.000000 0.000000 0 0.000000 0.000000 0 0.000000 0.000000 0 0.000000 0.000000 0 0.000000 0.000000 0 0.000000 0.000000 0 0.000000 0.000000 0 0.000000 0.000000 0 0.000000 0.000000 0 0.000000 0.000000 0
0 0.630280 0.410482 0.055880 0.204096 0.000000 0.000000 0 0.000000 0.000000 0 0.000000 0.000000 0 0.000000 0.000000 0 0.000000 0.000000 0 0.000000 0.000000 0 0.000000 0.000000 0 0.000000 0.000000 0 0.000000 0.000000 0 0.000000 0.000000 0 0.000000 0.000000 0 0.000000 0.000000 0 0.000000 0.000000 0 0.000000 0.000000 0 0.000000 0.000000 0 0.000000 0.000000 0 0.000000 0.000000 0
0 0.523350 0.437771 0.061420 0.251928 0.508000 0.334337 1 0.510000 0.331325 1 0.504000 0.331325 1 0.516000 0.334337 1 0.000000 0.000000 0 0.530000 0.352410 1 0.502000 0.361446 1 0.548000 0.379518 1 0.000000 0.000000 0 0.538000 0.382530 1 0.000000 0.000000 0 0.530000 0.424699 1 0.508000 0.421687 1 0.000000 0.000000 0 0.520000 0.475904 1 0.000000 0.000000 0 0.520000 0.530120 1
0 0.557650 0.432063 0.040980 0.192078 0.000000 0.000000 0 0.000000 0.000000 0 0.000000 0.000000 0 0.000000 0.000000 0 0.000000 0.000000 0 0.000000 0.000000 0 0.000000 0.000000 0 0.000000 0.000000 0 0.000000 0.000000 0 0.000000 0.000000 0 0.000000 0.000000 0 0.000000 0.000000 0 0.000000 0.000000 0 0.000000 0.000000 0 0.000000 0.000000 0 0.000000 0.000000 0 0.000000 0.000000 0
0 0.013280 0.472123 0.026560 0.102018 0.000000 0.000000 0 0.000000 0.000000 0 0.000000 0.000000 0 0.000000 0.000000 0 0.000000 0.000000 0 0.000000 0.000000 0 0.000000 0.000000 0 0.000000 0.000000 0 0.000000 0.000000 0 0.000000 0.000000 0 0.000000 0.000000 0 0.000000 0.000000 0 0.000000 0.000000 0 0.000000 0.000000 0 0.000000 0.000000 0 0.000000 0.000000 0 0.000000 0.000000 0
0 0.095330 0.407937 0.062380 0.179970 0.096000 0.343373 1 0.098000 0.340361 1 0.094000 0.340361 1 0.100000 0.340361 1 0.090000 0.343373 1 0.108000 0.370482 1 0.082000 0.370482 1 0.114000 0.403614 1 0.074000 0.403614 1 0.118000 0.436747 1 0.074000 0.442771 1 0.104000 0.433735 1 0.090000 0.433735 1 0.102000 0.469880 1 0.088000 0.472892 1 0.000000 0.000000 0 0.000000 0.000000 0
0 0.381160 0.414458 0.045560 0.191687 0.000000 0.000000 0 0.000000 0.000000 0 0.000000 0.000000 0 0.000000 0.000000 0 0.000000 0.000000 0 0.000000 0.000000 0 0.000000 0.000000 0 0.000000 0.000000 0 0.000000 0.000000 0 0.000000 0.000000 0 0.000000 0.000000 0 0.000000 0.000000 0 0.000000 0.000000 0 0.000000 0.000000 0 0.000000 0.000000 0 0.000000 0.000000 0 0.000000 0.000000 0
0 0.687210 0.434127 0.028740 0.106988 0.000000 0.000000 0 0.000000 0.000000 0 0.000000 0.000000 0 0.000000 0.000000 0 0.000000 0.000000 0 0.000000 0.000000 0 0.000000 0.000000 0 0.000000 0.000000 0 0.000000 0.000000 0 0.000000 0.000000 0 0.000000 0.000000 0 0.000000 0.000000 0 0.000000 0.000000 0 0.000000 0.000000 0 0.000000 0.000000 0 0.000000 0.000000 0 0.000000 0.000000 0
0 0.283520 0.414458 0.055000 0.181084 0.000000 0.000000 0 0.000000 0.000000 0 0.000000 0.000000 0 0.000000 0.000000 0 0.000000 0.000000 0 0.000000 0.000000 0 0.000000 0.000000 0 0.000000 0.000000 0 0.000000 0.000000 0 0.000000 0.000000 0 0.000000 0.000000 0 0.000000 0.000000 0 0.000000 0.000000 0 0.000000 0.000000 0 0.000000 0.000000 0 0.000000 0.000000 0 0.000000 0.000000 0