0 0.615969 0.159637 0.038531 0.088829 0.000000 0.000000 0 0.000000 0.000000 0 0.000000 0.000000 0 0.000000 0.000000 0 0.000000 0.000000 0 0.000000 0.000000 0 0.000000 0.000000 0 0.000000 0.000000 0 0.000000 0.000000 0 0.000000 0.000000 0 0.000000 0.000000 0 0.000000 0.000000 0 0.000000 0.000000 0 0.000000 0.000000 0 0.000000 0.000000 0 0.000000 0.000000 0 0.000000 0.000000 0
0 0.528891 0.234614 0.038844 0.178829 0.000000 0.000000 0 0.000000 0.000000 0 0.000000 0.000000 0 0.000000 0.000000 0 0.000000 0.000000 0 0.000000 0.000000 0 0.000000 0.000000 0 0.000000 0.000000 0 0.000000 0.000000 0 0.000000 0.000000 0 0.000000 0.000000 0 0.000000 0.000000 0 0.000000 0.000000 0 0.000000 0.000000 0 0.000000 0.000000 0 0.000000 0.000000 0 0.000000 0.000000 0
0 0.321242 0.695831 0.039516 0.230304 0.000000 0.000000 0 0.000000 0.000000 0 0.000000 0.000000 0 0.000000 0.000000 0 0.000000 0.000000 0 0.000000 0.000000 0 0.000000 0.000000 0 0.000000 0.000000 0 0.000000 0.000000 0 0.000000 0.000000 0 0.000000 0.000000 0 0.000000 0.000000 0 0.000000 0.000000 0 0.000000 0.000000 0 0.000000 0.000000 0 0.000000 0.000000 0 0.000000 0.000000 0
0 0.219375 0.714379 0.050344 0.280609 0.237500 0.592506 1 0.000000 0.000000 0 0.232813 0.587822 1 0.000000 0.000000 0 0.225000 0.592506 1 0.209375 0.627635 1 0.226562 0.627635 1 0.000000 0.000000 0 0.221875 0.665105 1 0.000000 0.000000 0 0.231250 0.700234 1 0.204687 0.690867 1 0.220312 0.695550 1 0.209375 0.747073 1 0.221875 0.758782 1 0.207813 0.824356 1 0.215625 0.831382 1
0 0.168531 0.727506 0.051438 0.305410 0.000000 0.000000 0 0.000000 0.000000 0 0.000000 0.000000 0 0.000000 0.000000 0 0.178125 0.604215 1 0.000000 0.000000 0 0.175000 0.639344 1 0.000000 0.000000 0 0.173437 0.676815 1 0.000000 0.000000 0 0.184375 0.700234 1 0.157812 0.711944 1 0.170313 0.714286 1 0.154688 0.777518 1 0.165625 0.793911 1 0.150000 0.845433 1 0.160938 0.854801 1
0 0.687688 0.743068 0.075281 0.319532 0.701562 0.629977 1 0.706250 0.625293 1 0.696875 0.625293 1 0.000000 0.000000 0 0.685937 0.611241 1 0.717187 0.632319 1 0.671875 0.615925 1 0.726562 0.658080 1 0.657813 0.667447 1 0.717187 0.679157 1 0.675000 0.697892 1 0.698438 0.725995 1 0.671875 0.725995 1 0.700000 0.789227 1 0.665625 0.793911 1 0.703125 0.864169 1 0.673438 0.864169 1
0 0.061508 0.736885 0.059328 0.313021 0.081250 0.613583 1 0.000000 0.000000 0 0.076563 0.606557 1 0.000000 0.000000 0 0.062500 0.608899 1 0.079687 0.639344 1 0.048438 0.639344 1 0.084375 0.674473 1 0.045312 0.683841 1 0.062500 0.690867 1 0.078125 0.679157 1 0.076563 0.733021 1 0.048438 0.730679 1 0.070312 0.800937 1 0.043750 0.793911 1 0.065625 0.857143 1 0.042188 0.859485 1
0 0.355922 0.688466 0.040563 0.221194 0.000000 0.000000 0 0.000000 0.000000 0 0.000000 0.000000 0 0.000000 0.000000 0 0.000000 0.000000 0 0.000000 0.000000 0 0.000000 0.000000 0 0.000000 0.000000 0 0.354687 0.653396 1 0.000000 0.000000 0 0.368750 0.644028 1 0.000000 0.000000 0 0.351562 0.667447 1 0.000000 0.000000 0 0.000000 0.000000 0 0.000000 0.000000 0 0.343750 0.768150 1
0 0.257531 0.709239 0.050250 0.250422 0.260937 0.594848 1 0.000000 0.000000 0 0.257812 0.592506 1 0.000000 0.000000 0 0.248438 0.597190 1 0.262500 0.622951 1 0.237500 0.629977 1 0.278125 0.655738 1 0.240625 0.655738 1 0.271875 0.667447 1 0.245312 0.681499 1 0.264062 0.700234 1 0.243750 0.702576 1 0.256250 0.751756 1 0.242188 0.747073 1 0.251563 0.798595 1 0.240625 0.800937 1
0 0.756727 0.747974 0.074172 0.377026 0.728125 0.590164 1 0.729688 0.583138 1 0.000000 0.000000 0 0.745313 0.585480 1 0.000000 0.000000 0 0.771875 0.622951 1 0.725000 0.622951 1 0.785937 0.641686 1 0.725000 0.683841 1 0.785937 0.655738 1 0.748437 0.683841 1 0.762500 0.709602 1 0.735938 0.707260 1 0.757812 0.810304 1 0.743750 0.810304 1 0.757812 0.903981 1 0.745313 0.889930 1
0 0.370250 0.626358 0.026406 0.126956 0.000000 0.000000 0 0.000000 0.000000 0 0.000000 0.000000 0 0.000000 0.000000 0 0.000000 0.000000 0 0.000000 0.000000 0 0.000000 0.000000 0 0.000000 0.000000 0 0.000000 0.000000 0 0.000000 0.000000 0 0.000000 0.000000 0 0.000000 0.000000 0 0.000000 0.000000 0 0.000000 0.000000 0 0.000000 0.000000 0 0.000000 0.000000 0 0.000000 0.000000 0
0 0.341141 0.533747 0.015437 0.031991 0.000000 0.000000 0 0.000000 0.000000 0 0.000000 0.000000 0 0.000000 0.000000 0 0.000000 0.000000 0 0.000000 0.000000 0 0.000000 0.000000 0 0.000000 0.000000 0 0.000000 0.000000 0 0.000000 0.000000 0 0.000000 0.000000 0 0.000000 0.000000 0 0.000000 0.000000 0 0.000000 0.000000 0 0.000000 0.000000 0 0.000000 0.000000 0 0.000000 0.000000 0
0 0.866930 0.768817 0.072891 0.386862 0.854688 0.611241 1 0.857812 0.601874 1 0.000000 0.000000 0 0.865625 0.608899 1 0.000000 0.000000 0 0.892188 0.653396 1 0.859375 0.653396 1 0.901563 0.716628 1 0.853125 0.709602 1 0.906250 0.768150 1 0.840625 0.693208 1 0.887500 0.758782 1 0.854688 0.742389 1 0.885938 0.822014 1 0.856250 0.822014 1 0.889062 0.913349 1 0.857812 0.906323 1