0 0.401805 0.584236 0.107797 0.384463 0.000000 0.000000 0 0.000000 0.000000 0 0.000000 0.000000 0 0.000000 0.000000 0 0.415625 0.427686 1 0.365625 0.475207 1 0.425000 0.471074 1 0.359375 0.551653 1 0.435937 0.537190 1 0.362500 0.597107 1 0.445312 0.584711 1 0.379688 0.588843 1 0.420312 0.586777 1 0.382812 0.671488 1 0.412500 0.665289 1 0.365625 0.747934 1 0.403125 0.745868 1
0 0.270820 0.604473 0.075578 0.341219 0.289062 0.491736 1 0.000000 0.000000 0 0.287500 0.479339 1 0.000000 0.000000 0 0.278125 0.464876 1 0.278125 0.487603 1 0.256250 0.489669 1 0.290625 0.541322 1 0.240625 0.533058 1 0.287500 0.555785 1 0.265625 0.557851 1 0.276562 0.586777 1 0.256250 0.588843 1 0.273438 0.675620 1 0.262500 0.679752 1 0.267188 0.735537 1 0.260937 0.737603 1
0 0.738406 0.569669 0.062875 0.330331 0.723437 0.433884 1 0.726562 0.427686 1 0.720313 0.429752 1 0.739062 0.431818 1 0.000000 0.000000 0 0.753125 0.471074 1 0.731250 0.473140 1 0.753125 0.526860 1 0.728125 0.522727 1 0.742188 0.570248 1 0.718750 0.572314 1 0.739062 0.559917 1 0.723437 0.561983 1 0.748437 0.634298 1 0.729688 0.636364 1 0.751563 0.706612 1 0.726562 0.702479 1
0 0.593484 0.575000 0.073969 0.276488 0.589063 0.458678 1 0.000000 0.000000 0 0.589063 0.456612 1 0.000000 0.000000 0 0.579688 0.466942 1 0.560937 0.491736 1 0.596875 0.489669 1 0.000000 0.000000 0 0.618750 0.512397 1 0.000000 0.000000 0 0.618750 0.497934 1 0.571875 0.574380 1 0.595313 0.570248 1 0.575000 0.619835 1 0.600000 0.617769 1 0.575000 0.685950 1 0.604688 0.681818 1
0 0.527797 0.573667 0.062812 0.274070 0.000000 0.000000 0 0.000000 0.000000 0 0.000000 0.000000 0 0.506250 0.456612 1 0.526563 0.454545 1 0.503125 0.483471 1 0.534375 0.481405 1 0.000000 0.000000 0 0.559375 0.518595 1 0.000000 0.000000 0 0.000000 0.000000 0 0.514062 0.566116 1 0.532813 0.566116 1 0.515625 0.619835 1 0.535937 0.615702 1 0.515625 0.683884 1 0.535937 0.683884 1
0 0.488664 0.573760 0.052266 0.294752 0.000000 0.000000 0 0.000000 0.000000 0 0.000000 0.000000 0 0.465625 0.450413 1 0.487500 0.450413 1 0.459375 0.489669 1 0.493750 0.491736 1 0.000000 0.000000 0 0.507812 0.539256 1 0.000000 0.000000 0 0.000000 0.000000 0 0.462500 0.568182 1 0.490625 0.568182 1 0.464062 0.626033 1 0.490625 0.626033 1 0.462500 0.698347 1 0.489063 0.700413 1
0 0.324000 0.578771 0.068906 0.280558 0.000000 0.000000 0 0.000000 0.000000 0 0.000000 0.000000 0 0.000000 0.000000 0 0.326562 0.469008 1 0.303125 0.493802 1 0.331250 0.491736 1 0.000000 0.000000 0 0.346875 0.547521 1 0.000000 0.000000 0 0.000000 0.000000 0 0.310937 0.586777 1 0.334375 0.586777 1 0.317188 0.630165 1 0.337500 0.630165 1 0.315625 0.698347 1 0.337500 0.702479 1
0 0.744180 0.366963 0.067297 0.195165 0.721875 0.297521 1 0.723437 0.291322 1 0.000000 0.000000 0 0.728125 0.287190 1 0.000000 0.000000 0 0.739062 0.311983 1 0.754687 0.291322 1 0.740625 0.349174 1 0.000000 0.000000 0 0.723437 0.373967 1 0.000000 0.000000 0 0.754687 0.353306 1 0.768750 0.347107 1 0.737500 0.402893 1 0.757812 0.407025 1 0.746875 0.458678 1 0.762500 0.458678 1
0 0.470961 0.322727 0.105297 0.157810 0.000000 0.000000 0 0.000000 0.000000 0 0.490625 0.260331 1 0.000000 0.000000 0 0.482812 0.262397 1 0.467187 0.287190 1 0.493750 0.278926 1 0.464062 0.314050 1 0.515625 0.293388 1 0.000000 0.000000 0 0.000000 0.000000 0 0.493750 0.353306 1 0.506250 0.349174 1 0.485938 0.369835 1 0.507812 0.373967 1 0.507812 0.390496 1 0.000000 0.000000 0
0 0.459164 0.583027 0.048047 0.280723 0.000000 0.000000 0 0.000000 0.000000 0 0.000000 0.000000 0 0.000000 0.000000 0 0.000000 0.000000 0 0.457813 0.500000 1 0.475000 0.491736 1 0.000000 0.000000 0 0.000000 0.000000 0 0.000000 0.000000 0 0.000000 0.000000 0 0.448437 0.590909 1 0.468750 0.590909 1 0.000000 0.000000 0 0.000000 0.000000 0 0.000000 0.000000 0 0.000000 0.000000 0
0 0.704641 0.290393 0.030781 0.054256 0.000000 0.000000 0 0.000000 0.000000 0 0.000000 0.000000 0 0.000000 0.000000 0 0.000000 0.000000 0 0.000000 0.000000 0 0.000000 0.000000 0 0.000000 0.000000 0 0.000000 0.000000 0 0.000000 0.000000 0 0.000000 0.000000 0 0.000000 0.000000 0 0.000000 0.000000 0 0.000000 0.000000 0 0.000000 0.000000 0 0.000000 0.000000 0 0.000000 0.000000 0
0 0.451313 0.530269 0.022906 0.154711 0.000000 0.000000 0 0.000000 0.000000 0 0.000000 0.000000 0 0.000000 0.000000 0 0.000000 0.000000 0 0.000000 0.000000 0 0.000000 0.000000 0 0.000000 0.000000 0 0.000000 0.000000 0 0.000000 0.000000 0 0.000000 0.000000 0 0.000000 0.000000 0 0.000000 0.000000 0 0.000000 0.000000 0 0.000000 0.000000 0 0.000000 0.000000 0 0.000000 0.000000 0