0 0.106945 0.791009 0.213891 0.413474 0.096875 0.671362 1 0.110937 0.654930 1 0.092188 0.654930 1 0.143750 0.669014 1 0.000000 0.000000 0 0.173437 0.725352 1 0.081250 0.725352 1 0.153125 0.852113 1 0.064062 0.852113 1 0.112500 0.741784 1 0.070312 0.741784 1 0.162500 0.906103 1 0.092188 0.901408 1 0.150000 0.887324 1 0.048438 0.892019 1 0.000000 0.000000 0 0.000000 0.000000 0
0 0.193977 0.588415 0.053266 0.227770 0.000000 0.000000 0 0.000000 0.000000 0 0.000000 0.000000 0 0.196875 0.492958 1 0.000000 0.000000 0 0.195312 0.514085 1 0.215625 0.516432 1 0.182812 0.551643 1 0.000000 0.000000 0 0.000000 0.000000 0 0.000000 0.000000 0 0.198437 0.586854 1 0.217188 0.591549 1 0.173437 0.617371 1 0.000000 0.000000 0 0.201563 0.622066 1 0.000000 0.000000 0
0 0.270766 0.607453 0.072875 0.306127 0.000000 0.000000 0 0.000000 0.000000 0 0.000000 0.000000 0 0.000000 0.000000 0 0.271875 0.483568 1 0.240625 0.518779 1 0.262500 0.518779 1 0.000000 0.000000 0 0.278125 0.558685 1 0.000000 0.000000 0 0.301563 0.553991 1 0.243750 0.610329 1 0.267188 0.607981 1 0.251563 0.673709 1 0.265625 0.683099 1 0.253125 0.720657 1 0.257812 0.741784 1
0 0.299375 0.520211 0.020406 0.057418 0.000000 0.000000 0 0.000000 0.000000 0 0.000000 0.000000 0 0.000000 0.000000 0 0.000000 0.000000 0 0.000000 0.000000 0 0.000000 0.000000 0 0.000000 0.000000 0 0.000000 0.000000 0 0.000000 0.000000 0 0.000000 0.000000 0 0.000000 0.000000 0 0.000000 0.000000 0 0.000000 0.000000 0 0.000000 0.000000 0 0.000000 0.000000 0 0.000000 0.000000 0
0 0.800586 0.652793 0.109578 0.391737 0.000000 0.000000 0 0.000000 0.000000 0 0.000000 0.000000 0 0.000000 0.000000 0 0.000000 0.000000 0 0.745313 0.511737 1 0.785937 0.485915 1 0.759375 0.568075 1 0.000000 0.000000 0 0.789062 0.598592 1 0.000000 0.000000 0 0.796875 0.605634 1 0.848437 0.589202 1 0.778125 0.704225 1 0.821875 0.687793 1 0.789062 0.830986 1 0.835938 0.805164 1
0 0.482977 0.506678 0.077547 0.132136 0.000000 0.000000 0 0.000000 0.000000 0 0.000000 0.000000 0 0.475000 0.464789 1 0.000000 0.000000 0 0.471875 0.497653 1 0.501563 0.495305 1 0.459375 0.542254 1 0.000000 0.000000 0 0.454688 0.535211 1 0.000000 0.000000 0 0.478125 0.558685 1 0.498437 0.558685 1 0.000000 0.000000 0 0.000000 0.000000 0 0.000000 0.000000 0 0.000000 0.000000 0
0 0.549375 0.559718 0.072281 0.281878 0.000000 0.000000 0 0.000000 0.000000 0 0.000000 0.000000 0 0.000000 0.000000 0 0.000000 0.000000 0 0.532813 0.478873 1 0.565625 0.471831 1 0.531250 0.537559 1 0.573438 0.518779 1 0.520312 0.579812 1 0.570312 0.579812 1 0.000000 0.000000 0 0.000000 0.000000 0 0.000000 0.000000 0 0.000000 0.000000 0 0.000000 0.000000 0 0.000000 0.000000 0
0 0.677328 0.509002 0.150500 0.378380 0.671875 0.382629 1 0.671875 0.366197 1 0.000000 0.000000 0 0.687500 0.368545 1 0.000000 0.000000 0 0.696875 0.441315 1 0.721875 0.429577 1 0.681250 0.544601 1 0.000000 0.000000 0 0.631250 0.544601 1 0.000000 0.000000 0 0.701562 0.619718 1 0.725000 0.615023 1 0.689063 0.748826 1 0.718750 0.744131 1 0.000000 0.000000 0 0.000000 0.000000 0
0 0.633367 0.469002 0.060922 0.137723 0.626563 0.431925 1 0.628125 0.429577 1 0.000000 0.000000 0 0.634375 0.429577 1 0.000000 0.000000 0 0.631250 0.462441 1 0.651563 0.462441 1 0.609375 0.509390 1 0.640625 0.502347 1 0.637500 0.504695 1 0.615625 0.509390 1 0.629687 0.530516 1 0.645312 0.530516 1 0.000000 0.000000 0 0.000000 0.000000 0 0.000000 0.000000 0 0.000000 0.000000 0
0 0.518961 0.458697 0.022141 0.070446 0.000000 0.000000 0 0.000000 0.000000 0 0.000000 0.000000 0 0.000000 0.000000 0 0.000000 0.000000 0 0.000000 0.000000 0 0.000000 0.000000 0 0.000000 0.000000 0 0.000000 0.000000 0 0.000000 0.000000 0 0.000000 0.000000 0 0.000000 0.000000 0 0.000000 0.000000 0 0.000000 0.000000 0 0.000000 0.000000 0 0.000000 0.000000 0 0.000000 0.000000 0
0 0.448383 0.493005 0.036516 0.078075 0.000000 0.000000 0 0.000000 0.000000 0 0.000000 0.000000 0 0.000000 0.000000 0 0.000000 0.000000 0 0.000000 0.000000 0 0.000000 0.000000 0 0.000000 0.000000 0 0.000000 0.000000 0 0.000000 0.000000 0 0.000000 0.000000 0 0.000000 0.000000 0 0.000000 0.000000 0 0.000000 0.000000 0 0.000000 0.000000 0 0.000000 0.000000 0 0.000000 0.000000 0
0 0.383422 0.461491 0.119687 0.146831 0.420312 0.417840 1 0.000000 0.000000 0 0.414062 0.413146 1 0.000000 0.000000 0 0.395313 0.422535 1 0.406250 0.462441 1 0.373437 0.455399 1 0.432812 0.521127 1 0.407813 0.497653 1 0.404687 0.518779 1 0.409375 0.441315 1 0.384375 0.553991 1 0.356250 0.549296 1 0.000000 0.000000 0 0.000000 0.000000 0 0.000000 0.000000 0 0.000000 0.000000 0
0 0.845758 0.519131 0.087484 0.170469 0.807813 0.464789 1 0.812500 0.457746 1 0.000000 0.000000 0 0.826562 0.457746 1 0.000000 0.000000 0 0.848437 0.495305 1 0.806250 0.504695 1 0.857812 0.530516 1 0.000000 0.000000 0 0.875000 0.542254 1 0.000000 0.000000 0 0.850000 0.603286 1 0.814063 0.612676 1 0.000000 0.000000 0 0.000000 0.000000 0 0.000000 0.000000 0 0.000000 0.000000 0