0 0.624727 0.440381 0.243172 0.413146 0.617188 0.304609 1 0.623437 0.294589 1 0.604688 0.294589 1 0.000000 0.000000 0 0.000000 0.000000 0 0.653125 0.354709 1 0.564063 0.358717 1 0.689063 0.426854 1 0.534375 0.424850 1 0.707812 0.476954 1 0.521875 0.482966 1 0.637500 0.501002 1 0.585938 0.505010 1 0.690625 0.565130 1 0.535937 0.571142 1 0.656250 0.645291 1 0.554688 0.683367 1
0 0.206555 0.460100 0.134609 0.503768 0.217188 0.268537 1 0.220312 0.256513 1 0.206250 0.256513 1 0.000000 0.000000 0 0.185938 0.252505 1 0.235937 0.306613 1 0.162500 0.310621 1 0.240625 0.380762 1 0.143750 0.386774 1 0.218750 0.428858 1 0.185938 0.426854 1 0.229687 0.462926 1 0.184375 0.462926 1 0.229687 0.561122 1 0.181250 0.567134 1 0.231250 0.659319 1 0.187500 0.671343 1
0 0.084453 0.595922 0.166313 0.808156 0.134375 0.286573 1 0.000000 0.000000 0 0.115625 0.274549 1 0.000000 0.000000 0 0.078125 0.272545 1 0.082812 0.328657 1 0.046875 0.340681 1 0.000000 0.000000 0 0.056250 0.478958 1 0.000000 0.000000 0 0.096875 0.575150 1 0.101562 0.607214 1 0.070312 0.599198 1 0.098437 0.739479 1 0.067187 0.787575 1 0.101562 0.881764 1 0.062500 0.955912 1
0 0.840875 0.387836 0.065906 0.325331 0.818750 0.258517 1 0.821875 0.254509 1 0.000000 0.000000 0 0.834375 0.258517 1 0.000000 0.000000 0 0.848437 0.288577 1 0.832812 0.284569 1 0.859375 0.340681 1 0.000000 0.000000 0 0.853125 0.378758 1 0.000000 0.000000 0 0.845313 0.374749 1 0.831250 0.368737 1 0.834375 0.438878 1 0.823438 0.434870 1 0.853125 0.515030 1 0.815625 0.503006 1
0 0.424008 0.333707 0.098109 0.195511 0.409375 0.272545 1 0.412500 0.262525 1 0.401562 0.266533 1 0.420312 0.256513 1 0.393750 0.270541 1 0.440625 0.288577 1 0.392188 0.300601 1 0.453125 0.342685 1 0.392188 0.358717 1 0.404687 0.338677 1 0.428125 0.344689 1 0.454688 0.408818 1 0.415625 0.410822 1 0.000000 0.000000 0 0.000000 0.000000 0 0.000000 0.000000 0 0.000000 0.000000 0
0 0.710656 0.401423 0.128344 0.351743 0.000000 0.000000 0 0.695312 0.256513 1 0.000000 0.000000 0 0.706250 0.246493 1 0.000000 0.000000 0 0.717187 0.264529 1 0.000000 0.000000 0 0.701562 0.290581 1 0.000000 0.000000 0 0.659375 0.278557 1 0.000000 0.000000 0 0.718750 0.370741 1 0.745313 0.370741 1 0.712500 0.456914 1 0.734375 0.448898 1 0.720313 0.549098 1 0.740625 0.541082 1
0 0.789266 0.442806 0.102688 0.378918 0.804688 0.300601 1 0.812500 0.294589 1 0.798438 0.294589 1 0.823438 0.288577 1 0.000000 0.000000 0 0.826562 0.330661 1 0.779687 0.324649 1 0.831250 0.382766 1 0.764062 0.376754 1 0.804688 0.342685 1 0.785937 0.334669 1 0.810937 0.422846 1 0.782813 0.420842 1 0.801562 0.519038 1 0.768750 0.517034 1 0.795312 0.581162 1 0.760938 0.577154 1
0 0.907297 0.497184 0.119344 0.538938 0.917188 0.286573 1 0.923438 0.280561 1 0.912500 0.274549 1 0.948438 0.280561 1 0.000000 0.000000 0 0.945312 0.330661 1 0.875000 0.332665 1 0.000000 0.000000 0 0.860938 0.410822 1 0.000000 0.000000 0 0.921875 0.406814 1 0.929688 0.490982 1 0.904687 0.490982 1 0.915625 0.603206 1 0.904687 0.599198 1 0.895312 0.703407 1 0.900000 0.721443 1
0 0.072531 0.220010 0.092250 0.149359 0.000000 0.000000 0 0.000000 0.000000 0 0.000000 0.000000 0 0.000000 0.000000 0 0.000000 0.000000 0 0.000000 0.000000 0 0.042188 0.280561 1 0.000000 0.000000 0 0.000000 0.000000 0 0.000000 0.000000 0 0.000000 0.000000 0 0.000000 0.000000 0 0.000000 0.000000 0 0.000000 0.000000 0 0.000000 0.000000 0 0.000000 0.000000 0 0.000000 0.000000 0
0 0.329266 0.386263 0.100094 0.299539 0.348438 0.288577 1 0.354687 0.280561 1 0.343750 0.280561 1 0.000000 0.000000 0 0.328125 0.276553 1 0.368750 0.326653 1 0.309375 0.316633 1 0.381250 0.374749 1 0.292187 0.386774 1 0.370312 0.396794 1 0.310937 0.432866 1 0.360938 0.446894 1 0.318750 0.446894 1 0.357812 0.529058 1 0.321875 0.531062 1 0.000000 0.000000 0 0.000000 0.000000 0
0 0.978313 0.586964 0.043375 0.534930 0.000000 0.000000 0 0.000000 0.000000 0 0.000000 0.000000 0 0.000000 0.000000 0 0.000000 0.000000 0 0.000000 0.000000 0 0.982812 0.364729 1 0.000000 0.000000 0 0.976562 0.446894 1 0.000000 0.000000 0 0.985938 0.551102 1 0.000000 0.000000 0 0.000000 0.000000 0 0.000000 0.000000 0 0.995313 0.659319 1 0.000000 0.000000 0 0.992188 0.797595 1
0 0.966891 0.279749 0.062813 0.223788 0.951562 0.218437 1 0.957812 0.210421 1 0.942187 0.210421 1 0.975000 0.204409 1 0.000000 0.000000 0 0.990625 0.266533 1 0.921875 0.268537 1 0.000000 0.000000 0 0.000000 0.000000 0 0.000000 0.000000 0 0.000000 0.000000 0 0.990625 0.370741 1 0.921875 0.372745 1 0.000000 0.000000 0 0.000000 0.000000 0 0.000000 0.000000 0 0.000000 0.000000 0