0 0.891234 0.588770 0.074844 0.355057 0.875000 0.439080 1 0.879687 0.434483 1 0.871875 0.434483 1 0.889062 0.429885 1 0.000000 0.000000 0 0.904687 0.480460 1 0.870313 0.482759 1 0.912500 0.531034 1 0.867188 0.519540 1 0.878125 0.531034 1 0.859375 0.549425 1 0.893750 0.574713 1 0.871875 0.570115 1 0.893750 0.666667 1 0.879687 0.664368 1 0.892188 0.742529 1 0.882812 0.737931 1
0 0.439883 0.668540 0.131359 0.406736 0.000000 0.000000 0 0.000000 0.000000 0 0.000000 0.000000 0 0.401562 0.519540 1 0.000000 0.000000 0 0.412500 0.567816 1 0.456250 0.535632 1 0.403125 0.634483 1 0.000000 0.000000 0 0.385937 0.678161 1 0.000000 0.000000 0 0.470313 0.680460 1 0.495312 0.673563 1 0.446875 0.763218 1 0.468750 0.756322 1 0.459375 0.857471 1 0.481250 0.850575 1
0 0.925648 0.472057 0.052359 0.256759 0.929688 0.370115 1 0.000000 0.000000 0 0.925000 0.365517 1 0.000000 0.000000 0 0.915625 0.367816 1 0.909375 0.388506 1 0.917188 0.390805 1 0.928125 0.441379 1 0.940625 0.429885 1 0.942187 0.468966 1 0.000000 0.000000 0 0.912500 0.480460 1 0.920312 0.480460 1 0.000000 0.000000 0 0.923438 0.540230 1 0.000000 0.000000 0 0.923438 0.595402 1
0 0.943531 0.348161 0.051250 0.184322 0.945312 0.278161 1 0.946875 0.271264 1 0.942187 0.271264 1 0.000000 0.000000 0 0.000000 0.000000 0 0.957812 0.298851 1 0.932813 0.296552 1 0.960938 0.326437 1 0.925000 0.321839 1 0.962500 0.349425 1 0.921875 0.347126 1 0.951562 0.351724 1 0.934375 0.344828 1 0.950000 0.386207 1 0.940625 0.381609 1 0.948438 0.422989 1 0.939063 0.416092 1
0 0.579422 0.582207 0.099500 0.337839 0.000000 0.000000 0 0.000000 0.000000 0 0.000000 0.000000 0 0.570312 0.455172 1 0.587500 0.450575 1 0.553125 0.498851 1 0.609375 0.496552 1 0.539062 0.537931 1 0.617188 0.558621 1 0.543750 0.586207 1 0.000000 0.000000 0 0.573438 0.590805 1 0.601562 0.586207 1 0.562500 0.645977 1 0.606250 0.609195 1 0.564063 0.712644 1 0.601562 0.648276 1
0 0.983211 0.356851 0.031922 0.207126 0.987500 0.275862 1 0.990625 0.271264 1 0.985938 0.271264 1 0.000000 0.000000 0 0.981250 0.271264 1 0.998437 0.291954 1 0.971875 0.291954 1 0.000000 0.000000 0 0.965625 0.321839 1 0.000000 0.000000 0 0.965625 0.342529 1 0.996875 0.358621 1 0.978125 0.356322 1 0.996875 0.395402 1 0.979688 0.400000 1 0.000000 0.000000 0 0.978125 0.434483 1
0 0.891313 0.344138 0.056594 0.200046 0.895312 0.266667 1 0.898438 0.264368 1 0.892188 0.262069 1 0.000000 0.000000 0 0.000000 0.000000 0 0.907813 0.296552 1 0.879687 0.289655 1 0.912500 0.326437 1 0.865625 0.317241 1 0.903125 0.347126 1 0.868750 0.321839 1 0.898438 0.363218 1 0.878125 0.363218 1 0.000000 0.000000 0 0.873437 0.388506 1 0.000000 0.000000 0 0.871875 0.422989 1
0 0.916516 0.253023 0.034187 0.082966 0.000000 0.000000 0 0.000000 0.000000 0 0.000000 0.000000 0 0.000000 0.000000 0 0.000000 0.000000 0 0.000000 0.000000 0 0.000000 0.000000 0 0.000000 0.000000 0 0.000000 0.000000 0 0.000000 0.000000 0 0.000000 0.000000 0 0.000000 0.000000 0 0.000000 0.000000 0 0.000000 0.000000 0 0.000000 0.000000 0 0.000000 0.000000 0 0.000000 0.000000 0
0 0.931719 0.192816 0.020688 0.043287 0.000000 0.000000 0 0.000000 0.000000 0 0.000000 0.000000 0 0.000000 0.000000 0 0.000000 0.000000 0 0.000000 0.000000 0 0.000000 0.000000 0 0.000000 0.000000 0 0.000000 0.000000 0 0.000000 0.000000 0 0.000000 0.000000 0 0.000000 0.000000 0 0.000000 0.000000 0 0.000000 0.000000 0 0.000000 0.000000 0 0.000000 0.000000 0 0.000000 0.000000 0
0 0.978453 0.244632 0.043094 0.098920 0.000000 0.000000 0 0.000000 0.000000 0 0.000000 0.000000 0 0.000000 0.000000 0 0.000000 0.000000 0 0.000000 0.000000 0 0.000000 0.000000 0 0.000000 0.000000 0 0.000000 0.000000 0 0.000000 0.000000 0 0.000000 0.000000 0 0.000000 0.000000 0 0.000000 0.000000 0 0.000000 0.000000 0 0.000000 0.000000 0 0.000000 0.000000 0 0.000000 0.000000 0
0 0.952953 0.238506 0.031344 0.073885 0.000000 0.000000 0 0.000000 0.000000 0 0.000000 0.000000 0 0.000000 0.000000 0 0.000000 0.000000 0 0.000000 0.000000 0 0.000000 0.000000 0 0.000000 0.000000 0 0.000000 0.000000 0 0.000000 0.000000 0 0.000000 0.000000 0 0.000000 0.000000 0 0.000000 0.000000 0 0.000000 0.000000 0 0.000000 0.000000 0 0.000000 0.000000 0 0.000000 0.000000 0
0 0.800320 0.245115 0.036172 0.148713 0.000000 0.000000 0 0.000000 0.000000 0 0.000000 0.000000 0 0.000000 0.000000 0 0.000000 0.000000 0 0.000000 0.000000 0 0.000000 0.000000 0 0.000000 0.000000 0 0.000000 0.000000 0 0.000000 0.000000 0 0.000000 0.000000 0 0.000000 0.000000 0 0.000000 0.000000 0 0.000000 0.000000 0 0.000000 0.000000 0 0.000000 0.000000 0 0.000000 0.000000 0