0 0.235922 0.448068 0.076469 0.533044 0.228125 0.224824 1 0.234375 0.213115 1 0.221875 0.213115 1 0.240625 0.217799 1 0.209375 0.222482 1 0.254688 0.276347 1 0.203125 0.274005 1 0.000000 0.000000 0 0.000000 0.000000 0 0.000000 0.000000 0 0.000000 0.000000 0 0.250000 0.421546 1 0.215625 0.421546 1 0.254688 0.550351 1 0.203125 0.548009 1 0.260937 0.667447 1 0.192188 0.672131 1
0 0.417836 0.471546 0.114797 0.531663 0.418750 0.266979 1 0.423438 0.252927 1 0.412500 0.255269 1 0.000000 0.000000 0 0.401562 0.252927 1 0.439063 0.302108 1 0.389062 0.297424 1 0.448437 0.372365 1 0.392188 0.398126 1 0.457813 0.393443 1 0.439063 0.414520 1 0.445312 0.459016 1 0.403125 0.466042 1 0.448437 0.592506 1 0.400000 0.597190 1 0.000000 0.000000 0 0.384375 0.690867 1
0 0.555727 0.435878 0.116172 0.447073 0.557813 0.252927 1 0.565625 0.243560 1 0.550000 0.243560 1 0.573438 0.250585 1 0.542188 0.252927 1 0.600000 0.323185 1 0.510938 0.320843 1 0.596875 0.393443 1 0.503125 0.381733 1 0.575000 0.437939 1 0.532813 0.430913 1 0.573438 0.459016 1 0.534375 0.459016 1 0.581250 0.555035 1 0.526563 0.557377 1 0.578125 0.665105 1 0.523438 0.679157 1
0 0.615430 0.311112 0.089516 0.279930 0.596875 0.220141 1 0.603125 0.206089 1 0.590625 0.210773 1 0.615625 0.208431 1 0.582812 0.215457 1 0.639062 0.274005 1 0.568750 0.278689 1 0.642188 0.351288 1 0.000000 0.000000 0 0.635938 0.423888 1 0.000000 0.000000 0 0.621875 0.423888 1 0.575000 0.423888 1 0.617188 0.524590 1 0.576562 0.524590 1 0.000000 0.000000 0 0.000000 0.000000 0
0 0.668016 0.224813 0.045188 0.127002 0.665625 0.206089 1 0.673438 0.196721 1 0.660937 0.199063 1 0.685937 0.201405 1 0.653125 0.206089 1 0.692187 0.255269 1 0.646875 0.255269 1 0.000000 0.000000 0 0.000000 0.000000 0 0.000000 0.000000 0 0.000000 0.000000 0 0.000000 0.000000 0 0.000000 0.000000 0 0.000000 0.000000 0 0.000000 0.000000 0 0.000000 0.000000 0 0.000000 0.000000 0
0 0.461836 0.654016 0.169641 0.389766 0.526563 0.531616 1 0.532813 0.517564 1 0.520312 0.512881 1 0.000000 0.000000 0 0.500000 0.505855 1 0.525000 0.557377 1 0.468750 0.522248 1 0.529687 0.625293 1 0.464062 0.613583 1 0.517188 0.695550 1 0.501563 0.653396 1 0.454688 0.674473 1 0.396875 0.653396 1 0.523438 0.754098 1 0.446875 0.627635 1 0.426563 0.721311 1 0.448437 0.796253 1
0 0.624453 0.585386 0.121437 0.379766 0.604688 0.459016 1 0.612500 0.444965 1 0.598437 0.444965 1 0.626563 0.447307 1 0.590625 0.449649 1 0.645312 0.484778 1 0.592187 0.482436 1 0.617188 0.583138 1 0.000000 0.000000 0 0.579688 0.601874 1 0.585938 0.632319 1 0.653125 0.641686 1 0.631250 0.634660 1 0.590625 0.592506 1 0.584375 0.644028 1 0.603125 0.728337 1 0.637500 0.702576 1
0 0.168141 0.489239 0.126937 0.605878 0.182812 0.248244 1 0.190625 0.241218 1 0.175000 0.236534 1 0.198437 0.238876 1 0.162500 0.236534 1 0.214062 0.309133 1 0.134375 0.299766 1 0.226562 0.400468 1 0.117188 0.386417 1 0.220312 0.449649 1 0.145313 0.447307 1 0.210938 0.454333 1 0.157812 0.451991 1 0.189062 0.594848 1 0.165625 0.590164 1 0.176563 0.721311 1 0.159375 0.723653 1
0 0.306039 0.457014 0.119703 0.587096 0.306250 0.227166 1 0.314063 0.222482 1 0.298438 0.220141 1 0.323437 0.227166 1 0.287500 0.224824 1 0.343750 0.295082 1 0.262500 0.295082 1 0.357812 0.402810 1 0.253125 0.379391 1 0.348438 0.449649 1 0.282813 0.444965 1 0.335938 0.454333 1 0.290625 0.454333 1 0.331250 0.585480 1 0.282813 0.583138 1 0.323437 0.700234 1 0.281250 0.700234 1
0 0.364859 0.438162 0.063281 0.553466 0.378125 0.210773 1 0.382812 0.201405 1 0.370312 0.201405 1 0.392188 0.210773 1 0.359375 0.208431 1 0.407813 0.276347 1 0.337500 0.281030 1 0.000000 0.000000 0 0.000000 0.000000 0 0.000000 0.000000 0 0.000000 0.000000 0 0.403125 0.421546 1 0.353125 0.421546 1 0.392188 0.562061 1 0.350000 0.562061 1 0.389062 0.683841 1 0.346875 0.688525 1
0 0.485172 0.331230 0.085938 0.309719 0.492188 0.222482 1 0.498437 0.213115 1 0.484375 0.213115 1 0.506250 0.224824 1 0.475000 0.224824 1 0.521875 0.295082 1 0.450000 0.297424 1 0.532813 0.370023 1 0.443750 0.374707 1 0.000000 0.000000 0 0.000000 0.000000 0 0.517188 0.451991 1 0.462500 0.454333 1 0.517188 0.555035 1 0.467187 0.559719 1 0.000000 0.000000 0 0.000000 0.000000 0
0 0.691117 0.458759 0.089141 0.563747 0.701562 0.231850 1 0.709375 0.224824 1 0.695312 0.222482 1 0.718750 0.227166 1 0.689063 0.234192 1 0.735938 0.285714 1 0.668750 0.295082 1 0.000000 0.000000 0 0.662500 0.381733 1 0.000000 0.000000 0 0.000000 0.000000 0 0.715625 0.463700 1 0.670312 0.463700 1 0.718750 0.580796 1 0.679688 0.578454 1 0.721875 0.697892 1 0.689063 0.688525 1
0 0.781031 0.459520 0.155094 0.645082 0.770312 0.206089 1 0.776563 0.196721 1 0.760938 0.199063 1 0.792188 0.201405 1 0.000000 0.000000 0 0.825000 0.271663 1 0.739062 0.283372 1 0.845313 0.358314 1 0.712500 0.377049 1 0.809375 0.391101 1 0.737500 0.409836 1 0.800000 0.435597 1 0.750000 0.433255 1 0.810937 0.592506 1 0.746875 0.592506 1 0.826562 0.728337 1 0.742188 0.718970 1