0 0.600330 0.527464 0.144980 0.779324 0.656000 0.241546 1 0.000000 0.000000 0 0.648000 0.227053 1 0.000000 0.000000 0 0.618000 0.214976 1 0.570000 0.287440 1 0.586000 0.299517 1 0.000000 0.000000 0 0.590000 0.429952 1 0.000000 0.000000 0 0.620000 0.562802 1 0.570000 0.562802 1 0.596000 0.570048 1 0.568000 0.705314 1 0.590000 0.722222 1 0.556000 0.830918 1 0.580000 0.874396 1
0 0.805670 0.625845 0.249340 0.725845 0.000000 0.000000 0 0.000000 0.000000 0 0.000000 0.000000 0 0.000000 0.000000 0 0.000000 0.000000 0 0.786000 0.345411 1 0.882000 0.374396 1 0.780000 0.444444 1 0.000000 0.000000 0 0.746000 0.514493 1 0.000000 0.000000 0 0.842000 0.635266 1 0.900000 0.620773 1 0.786000 0.801932 1 0.836000 0.792271 1 0.738000 0.992754 1 0.828000 0.963768 1
0 0.820470 0.281437 0.178700 0.260652 0.812000 0.253623 1 0.816000 0.241546 1 0.802000 0.241546 1 0.840000 0.214976 1 0.786000 0.222222 1 0.876000 0.275362 1 0.760000 0.304348 1 0.892000 0.352657 1 0.742000 0.369565 1 0.874000 0.405797 1 0.758000 0.420290 1 0.000000 0.000000 0 0.000000 0.000000 0 0.000000 0.000000 0 0.000000 0.000000 0 0.000000 0.000000 0 0.000000 0.000000 0
0 0.405890 0.339915 0.085860 0.356063 0.392000 0.198068 1 0.396000 0.190821 1 0.000000 0.000000 0 0.410000 0.195652 1 0.000000 0.000000 0 0.402000 0.236715 1 0.428000 0.234300 1 0.388000 0.285024 1 0.000000 0.000000 0 0.374000 0.314010 1 0.000000 0.000000 0 0.390000 0.328502 1 0.424000 0.326087 1 0.396000 0.415459 1 0.418000 0.410628 1 0.392000 0.500000 1 0.426000 0.490338 1
0 0.485160 0.333056 0.069800 0.385000 0.476000 0.173913 1 0.482000 0.169082 1 0.474000 0.166667 1 0.498000 0.173913 1 0.000000 0.000000 0 0.492000 0.212560 1 0.000000 0.000000 0 0.480000 0.268116 1 0.000000 0.000000 0 0.448000 0.287440 1 0.000000 0.000000 0 0.480000 0.347826 1 0.000000 0.000000 0 0.478000 0.417874 1 0.000000 0.000000 0 0.476000 0.500000 1 0.000000 0.000000 0
0 0.312370 0.315543 0.101660 0.340217 0.320000 0.176329 1 0.000000 0.000000 0 0.316000 0.169082 1 0.000000 0.000000 0 0.304000 0.173913 1 0.280000 0.210145 1 0.318000 0.205314 1 0.268000 0.268116 1 0.326000 0.253623 1 0.296000 0.282609 1 0.344000 0.297101 1 0.288000 0.287440 1 0.318000 0.289855 1 0.296000 0.381643 1 0.338000 0.384058 1 0.308000 0.466184 1 0.336000 0.471014 1
0 0.374660 0.228502 0.045720 0.126763 0.000000 0.000000 0 0.000000 0.000000 0 0.000000 0.000000 0 0.000000 0.000000 0 0.000000 0.000000 0 0.000000 0.000000 0 0.000000 0.000000 0 0.000000 0.000000 0 0.000000 0.000000 0 0.000000 0.000000 0 0.000000 0.000000 0 0.000000 0.000000 0 0.000000 0.000000 0 0.000000 0.000000 0 0.000000 0.000000 0 0.000000 0.000000 0 0.000000 0.000000 0
0 0.220350 0.309130 0.073180 0.315169 0.224000 0.181159 1 0.224000 0.171498 1 0.216000 0.173913 1 0.000000 0.000000 0 0.208000 0.173913 1 0.218000 0.207729 1 0.202000 0.207729 1 0.000000 0.000000 0 0.204000 0.272947 1 0.000000 0.000000 0 0.236000 0.265700 1 0.224000 0.304348 1 0.214000 0.301932 1 0.214000 0.367150 1 0.218000 0.369565 1 0.208000 0.439614 1 0.214000 0.449275 1
0 0.099100 0.312500 0.098160 0.387029 0.118000 0.149758 1 0.118000 0.142512 1 0.110000 0.140097 1 0.000000 0.000000 0 0.092000 0.144928 1 0.070000 0.181159 1 0.096000 0.176329 1 0.000000 0.000000 0 0.102000 0.241546 1 0.000000 0.000000 0 0.122000 0.289855 1 0.070000 0.309179 1 0.086000 0.311594 1 0.086000 0.398551 1 0.122000 0.408213 1 0.092000 0.487923 1 0.146000 0.473430 1
0 0.954000 0.369662 0.092000 0.429227 0.000000 0.000000 0 0.000000 0.000000 0 0.000000 0.000000 0 0.936000 0.195652 1 0.000000 0.000000 0 0.948000 0.239130 1 0.990000 0.231884 1 0.926000 0.314010 1 0.000000 0.000000 0 0.888000 0.355072 1 0.000000 0.000000 0 0.936000 0.386473 1 0.968000 0.379227 1 0.926000 0.471014 1 0.958000 0.463768 1 0.926000 0.550725 1 0.948000 0.543478 1
0 0.742960 0.266860 0.075520 0.201159 0.736000 0.202899 1 0.740000 0.198068 1 0.734000 0.198068 1 0.750000 0.190821 1 0.000000 0.000000 0 0.764000 0.222222 1 0.728000 0.217391 1 0.772000 0.258454 1 0.712000 0.251208 1 0.742000 0.258454 1 0.708000 0.282609 1 0.750000 0.301932 1 0.716000 0.294686 1 0.000000 0.000000 0 0.000000 0.000000 0 0.000000 0.000000 0 0.000000 0.000000 0
0 0.460520 0.219094 0.053960 0.123599 0.000000 0.000000 0 0.000000 0.000000 0 0.000000 0.000000 0 0.000000 0.000000 0 0.000000 0.000000 0 0.000000 0.000000 0 0.000000 0.000000 0 0.000000 0.000000 0 0.000000 0.000000 0 0.000000 0.000000 0 0.000000 0.000000 0 0.000000 0.000000 0 0.000000 0.000000 0 0.000000 0.000000 0 0.000000 0.000000 0 0.000000 0.000000 0 0.000000 0.000000 0
0 0.518120 0.419481 0.116440 0.474662 0.554000 0.243961 1 0.560000 0.234300 1 0.548000 0.231884 1 0.000000 0.000000 0 0.528000 0.227053 1 0.000000 0.000000 0 0.522000 0.272947 1 0.000000 0.000000 0 0.550000 0.330918 1 0.000000 0.000000 0 0.000000 0.000000 0 0.000000 0.000000 0 0.524000 0.425121 1 0.000000 0.000000 0 0.522000 0.541063 1 0.000000 0.000000 0 0.522000 0.625604 1