0 0.529914 0.569661 0.139609 0.523607 0.000000 0.000000 0 0.000000 0.000000 0 0.000000 0.000000 0 0.000000 0.000000 0 0.000000 0.000000 0 0.493750 0.408929 1 0.573438 0.412500 1 0.479687 0.498214 1 0.579688 0.498214 1 0.495312 0.558929 1 0.000000 0.000000 0 0.507812 0.535714 1 0.564063 0.537500 1 0.496875 0.691071 1 0.581250 0.691071 1 0.490625 0.803571 1 0.590625 0.800000 1
0 0.672469 0.552804 0.149437 0.570786 0.000000 0.000000 0 0.000000 0.000000 0 0.000000 0.000000 0 0.635938 0.328571 1 0.682813 0.333929 1 0.620313 0.391071 1 0.718750 0.391071 1 0.609375 0.487500 1 0.731250 0.492857 1 0.609375 0.555357 1 0.714063 0.558929 1 0.650000 0.548214 1 0.700000 0.550000 1 0.651563 0.671429 1 0.700000 0.666071 1 0.653125 0.783929 1 0.701562 0.787500 1
0 0.075703 0.576402 0.127812 0.519089 0.000000 0.000000 0 0.000000 0.000000 0 0.000000 0.000000 0 0.000000 0.000000 0 0.092188 0.369643 1 0.031250 0.432143 1 0.110937 0.423214 1 0.021875 0.517857 1 0.125000 0.492857 1 0.053125 0.498214 1 0.000000 0.000000 0 0.056250 0.573214 1 0.112500 0.573214 1 0.064062 0.683929 1 0.107813 0.687500 1 0.076563 0.798214 1 0.101562 0.791071 1
0 0.411945 0.534554 0.060422 0.227286 0.425000 0.444643 1 0.000000 0.000000 0 0.423438 0.439286 1 0.000000 0.000000 0 0.414062 0.437500 1 0.000000 0.000000 0 0.404687 0.460714 1 0.000000 0.000000 0 0.396875 0.492857 1 0.000000 0.000000 0 0.421875 0.500000 1 0.417187 0.528571 1 0.403125 0.530357 1 0.420312 0.573214 1 0.403125 0.573214 1 0.420312 0.621429 1 0.400000 0.625000 1
0 0.351430 0.513741 0.067328 0.197018 0.346875 0.435714 1 0.348438 0.430357 1 0.000000 0.000000 0 0.357812 0.433929 1 0.000000 0.000000 0 0.365625 0.450000 1 0.353125 0.451786 1 0.371875 0.478571 1 0.345313 0.483929 1 0.350000 0.491071 1 0.328125 0.487500 1 0.367188 0.514286 1 0.354687 0.514286 1 0.367188 0.555357 1 0.350000 0.553571 1 0.368750 0.592857 1 0.371875 0.583929 1
0 0.818023 0.513241 0.062109 0.225875 0.818750 0.417857 1 0.823438 0.412500 1 0.815625 0.412500 1 0.829688 0.417857 1 0.812500 0.416071 1 0.831250 0.444643 1 0.798438 0.441071 1 0.840625 0.475000 1 0.790625 0.480357 1 0.843750 0.503571 1 0.790625 0.510714 1 0.828125 0.508929 1 0.804688 0.507143 1 0.832812 0.562500 1 0.806250 0.566071 1 0.831250 0.612500 1 0.812500 0.608929 1
0 0.915305 0.510527 0.054484 0.223875 0.904687 0.423214 1 0.909375 0.417857 1 0.903125 0.419643 1 0.000000 0.000000 0 0.000000 0.000000 0 0.929688 0.437500 1 0.893750 0.448214 1 0.937500 0.475000 1 0.887500 0.482143 1 0.918750 0.464286 1 0.903125 0.467857 1 0.914062 0.503571 1 0.901563 0.510714 1 0.914062 0.553571 1 0.904687 0.551786 1 0.921875 0.598214 1 0.910937 0.601786 1
0 0.869258 0.496134 0.042766 0.157232 0.871875 0.437500 1 0.873437 0.433929 1 0.867188 0.433929 1 0.000000 0.000000 0 0.864062 0.433929 1 0.884375 0.453571 1 0.854688 0.455357 1 0.884375 0.473214 1 0.000000 0.000000 0 0.868750 0.473214 1 0.000000 0.000000 0 0.875000 0.501786 1 0.859375 0.489286 1 0.870313 0.528571 1 0.862500 0.528571 1 0.873437 0.560714 1 0.860938 0.553571 1
0 0.783445 0.482063 0.050484 0.195625 0.790625 0.405357 1 0.793750 0.400000 1 0.787500 0.400000 1 0.800000 0.401786 1 0.000000 0.000000 0 0.807813 0.425000 1 0.781250 0.419643 1 0.000000 0.000000 0 0.765625 0.428571 1 0.000000 0.000000 0 0.776563 0.412500 1 0.798438 0.467857 1 0.781250 0.466071 1 0.795312 0.521429 1 0.781250 0.507143 1 0.787500 0.564286 1 0.796875 0.558929 1
0 0.951531 0.450321 0.033875 0.153357 0.000000 0.000000 0 0.000000 0.000000 0 0.000000 0.000000 0 0.000000 0.000000 0 0.000000 0.000000 0 0.000000 0.000000 0 0.000000 0.000000 0 0.000000 0.000000 0 0.000000 0.000000 0 0.000000 0.000000 0 0.000000 0.000000 0 0.000000 0.000000 0 0.000000 0.000000 0 0.000000 0.000000 0 0.000000 0.000000 0 0.000000 0.000000 0 0.000000 0.000000 0
0 0.760008 0.462973 0.030172 0.164161 0.000000 0.000000 0 0.000000 0.000000 0 0.000000 0.000000 0 0.756250 0.391071 1 0.000000 0.000000 0 0.760938 0.407143 1 0.762500 0.403571 1 0.757812 0.437500 1 0.000000 0.000000 0 0.753125 0.460714 1 0.000000 0.000000 0 0.756250 0.458929 1 0.762500 0.458929 1 0.757812 0.489286 1 0.764062 0.487500 1 0.760938 0.530357 1 0.768750 0.526786 1
0 0.869719 0.412071 0.041375 0.087964 0.000000 0.000000 0 0.000000 0.000000 0 0.000000 0.000000 0 0.000000 0.000000 0 0.000000 0.000000 0 0.000000 0.000000 0 0.000000 0.000000 0 0.000000 0.000000 0 0.000000 0.000000 0 0.000000 0.000000 0 0.000000 0.000000 0 0.000000 0.000000 0 0.000000 0.000000 0 0.000000 0.000000 0 0.000000 0.000000 0 0.000000 0.000000 0 0.000000 0.000000 0