0 0.225109 0.398098 0.072250 0.118484 0.214062 0.364362 1 0.218750 0.356383 1 0.210938 0.359043 1 0.000000 0.000000 0 0.000000 0.000000 0 0.242188 0.372340 1 0.203125 0.382979 1 0.251563 0.430851 1 0.200000 0.433511 1 0.223438 0.446809 1 0.198437 0.438830 1 0.240625 0.444149 1 0.210938 0.452128 1 0.214062 0.465426 1 0.000000 0.000000 0 0.000000 0.000000 0 0.000000 0.000000 0
0 0.450977 0.381742 0.119484 0.312580 0.448437 0.260638 1 0.453125 0.255319 1 0.446875 0.252660 1 0.000000 0.000000 0 0.000000 0.000000 0 0.476562 0.287234 1 0.437500 0.281915 1 0.496875 0.327128 1 0.426563 0.337766 1 0.503125 0.380319 1 0.420312 0.385638 1 0.467187 0.390957 1 0.442188 0.382979 1 0.475000 0.481383 1 0.414062 0.404255 1 0.475000 0.555851 1 0.412500 0.507979 1
0 0.210445 0.109668 0.027297 0.067101 0.000000 0.000000 0 0.000000 0.000000 0 0.000000 0.000000 0 0.000000 0.000000 0 0.000000 0.000000 0 0.000000 0.000000 0 0.000000 0.000000 0 0.000000 0.000000 0 0.000000 0.000000 0 0.000000 0.000000 0 0.000000 0.000000 0 0.000000 0.000000 0 0.000000 0.000000 0 0.000000 0.000000 0 0.000000 0.000000 0 0.000000 0.000000 0 0.000000 0.000000 0
0 0.405766 0.089003 0.068063 0.143697 0.410938 0.047872 1 0.414062 0.042553 1 0.407813 0.042553 1 0.420312 0.045213 1 0.000000 0.000000 0 0.429688 0.071809 1 0.398438 0.074468 1 0.429688 0.122340 1 0.384375 0.103723 1 0.406250 0.132979 1 0.381250 0.127660 1 0.414062 0.146277 1 0.389062 0.143617 1 0.000000 0.000000 0 0.000000 0.000000 0 0.000000 0.000000 0 0.000000 0.000000 0
0 0.555078 0.119973 0.040937 0.096117 0.000000 0.000000 0 0.000000 0.000000 0 0.000000 0.000000 0 0.000000 0.000000 0 0.000000 0.000000 0 0.000000 0.000000 0 0.000000 0.000000 0 0.000000 0.000000 0 0.000000 0.000000 0 0.000000 0.000000 0 0.000000 0.000000 0 0.000000 0.000000 0 0.000000 0.000000 0 0.000000 0.000000 0 0.000000 0.000000 0 0.000000 0.000000 0 0.000000 0.000000 0
0 0.902703 0.162194 0.035281 0.081410 0.000000 0.000000 0 0.000000 0.000000 0 0.000000 0.000000 0 0.000000 0.000000 0 0.000000 0.000000 0 0.000000 0.000000 0 0.000000 0.000000 0 0.000000 0.000000 0 0.000000 0.000000 0 0.000000 0.000000 0 0.000000 0.000000 0 0.000000 0.000000 0 0.000000 0.000000 0 0.000000 0.000000 0 0.000000 0.000000 0 0.000000 0.000000 0 0.000000 0.000000 0
0 0.905758 0.757566 0.182734 0.411090 0.000000 0.000000 0 0.889062 0.593085 1 0.000000 0.000000 0 0.903125 0.595745 1 0.000000 0.000000 0 0.928125 0.632979 1 0.910937 0.651596 1 0.962500 0.699468 1 0.884375 0.723404 1 0.962500 0.771277 1 0.843750 0.718085 1 0.971875 0.768617 1 0.970313 0.768617 1 0.929688 0.819149 1 0.915625 0.808511 1 0.960938 0.938830 1 0.940625 0.914894 1
0 0.318594 0.360904 0.086750 0.269362 0.315625 0.265957 1 0.318750 0.257979 1 0.312500 0.257979 1 0.329688 0.260638 1 0.000000 0.000000 0 0.339062 0.279255 1 0.307812 0.279255 1 0.354687 0.311170 1 0.278125 0.300532 1 0.323437 0.311170 1 0.295312 0.305851 1 0.353125 0.385638 1 0.328125 0.388298 1 0.331250 0.401596 1 0.326562 0.452128 1 0.345313 0.470745 1 0.335938 0.505319 1
0 0.043148 0.339348 0.083984 0.236356 0.046875 0.252660 1 0.051562 0.247340 1 0.043750 0.247340 1 0.059375 0.250000 1 0.037500 0.247340 1 0.067187 0.279255 1 0.032813 0.276596 1 0.079687 0.276596 1 0.010937 0.268617 1 0.050000 0.297872 1 0.014063 0.287234 1 0.065625 0.390957 1 0.043750 0.390957 1 0.070312 0.481383 1 0.053125 0.478723 1 0.000000 0.000000 0 0.000000 0.000000 0
0 0.911969 0.322154 0.051938 0.116596 0.000000 0.000000 0 0.000000 0.000000 0 0.000000 0.000000 0 0.000000 0.000000 0 0.000000 0.000000 0 0.000000 0.000000 0 0.000000 0.000000 0 0.000000 0.000000 0 0.000000 0.000000 0 0.000000 0.000000 0 0.000000 0.000000 0 0.000000 0.000000 0 0.000000 0.000000 0 0.000000 0.000000 0 0.000000 0.000000 0 0.000000 0.000000 0 0.000000 0.000000 0
0 0.492508 0.735758 0.198297 0.419601 0.401562 0.574468 1 0.000000 0.000000 0 0.000000 0.000000 0 0.000000 0.000000 0 0.410938 0.569149 1 0.432812 0.595745 1 0.417187 0.630319 1 0.459375 0.667553 1 0.446875 0.702128 1 0.462500 0.728723 1 0.426563 0.742021 1 0.484375 0.715426 1 0.500000 0.704787 1 0.454688 0.829787 1 0.518750 0.832447 1 0.501563 0.890957 1 0.562500 0.845745 1
0 0.690773 0.322912 0.050484 0.091144 0.000000 0.000000 0 0.000000 0.000000 0 0.000000 0.000000 0 0.000000 0.000000 0 0.000000 0.000000 0 0.000000 0.000000 0 0.000000 0.000000 0 0.000000 0.000000 0 0.000000 0.000000 0 0.000000 0.000000 0 0.000000 0.000000 0 0.000000 0.000000 0 0.000000 0.000000 0 0.000000 0.000000 0 0.000000 0.000000 0 0.000000 0.000000 0 0.000000 0.000000 0
0 0.762227 0.776622 0.202953 0.316862 0.751563 0.675532 1 0.756250 0.670213 1 0.000000 0.000000 0 0.765625 0.672872 1 0.000000 0.000000 0 0.770312 0.728723 1 0.790625 0.707447 1 0.740625 0.784574 1 0.000000 0.000000 0 0.704688 0.803191 1 0.000000 0.000000 0 0.834375 0.811170 1 0.851562 0.784574 1 0.767188 0.819149 1 0.789062 0.805851 1 0.829688 0.914894 1 0.835938 0.901596 1