0 0.702828 0.686628 0.089469 0.393958 0.000000 0.000000 0 0.000000 0.000000 0 0.000000 0.000000 0 0.000000 0.000000 0 0.000000 0.000000 0 0.681250 0.569087 1 0.723437 0.566745 1 0.667188 0.629977 1 0.742188 0.618267 1 0.000000 0.000000 0 0.000000 0.000000 0 0.693750 0.693208 1 0.728125 0.690867 1 0.695312 0.772834 1 0.714063 0.770492 1 0.698438 0.852459 1 0.709375 0.843091 1
0 0.431070 0.731967 0.093484 0.399672 0.000000 0.000000 0 0.000000 0.000000 0 0.000000 0.000000 0 0.000000 0.000000 0 0.000000 0.000000 0 0.417187 0.592506 1 0.434375 0.573770 1 0.440625 0.676815 1 0.000000 0.000000 0 0.442188 0.737705 1 0.000000 0.000000 0 0.439063 0.709602 1 0.000000 0.000000 0 0.445312 0.810304 1 0.000000 0.000000 0 0.454688 0.913349 1 0.000000 0.000000 0
0 0.507508 0.710258 0.091453 0.386511 0.000000 0.000000 0 0.000000 0.000000 0 0.000000 0.000000 0 0.000000 0.000000 0 0.000000 0.000000 0 0.471875 0.592506 1 0.515625 0.594848 1 0.467187 0.658080 1 0.542188 0.658080 1 0.485938 0.688525 1 0.534375 0.709602 1 0.482812 0.702576 1 0.512500 0.704918 1 0.485938 0.796253 1 0.518750 0.793911 1 0.492188 0.878220 1 0.525000 0.882904 1
0 0.629656 0.669251 0.050750 0.392506 0.637500 0.522248 1 0.000000 0.000000 0 0.639062 0.515222 1 0.000000 0.000000 0 0.631250 0.510539 1 0.604688 0.536300 1 0.640625 0.548009 1 0.000000 0.000000 0 0.643750 0.615925 1 0.000000 0.000000 0 0.643750 0.674473 1 0.000000 0.000000 0 0.623437 0.672131 1 0.000000 0.000000 0 0.623437 0.749415 1 0.000000 0.000000 0 0.621875 0.845433 1
0 0.552937 0.588267 0.018531 0.086464 0.000000 0.000000 0 0.000000 0.000000 0 0.000000 0.000000 0 0.000000 0.000000 0 0.000000 0.000000 0 0.000000 0.000000 0 0.000000 0.000000 0 0.000000 0.000000 0 0.000000 0.000000 0 0.000000 0.000000 0 0.000000 0.000000 0 0.000000 0.000000 0 0.000000 0.000000 0 0.000000 0.000000 0 0.000000 0.000000 0 0.000000 0.000000 0 0.000000 0.000000 0
0 0.334344 0.759543 0.209906 0.458431 0.000000 0.000000 0 0.000000 0.000000 0 0.000000 0.000000 0 0.357812 0.562061 1 0.000000 0.000000 0 0.348438 0.599532 1 0.403125 0.592506 1 0.334375 0.681499 1 0.393750 0.662763 1 0.321875 0.653396 1 0.328125 0.653396 1 0.382812 0.775176 1 0.432812 0.758782 1 0.375000 0.878220 1 0.417187 0.875878 1 0.410938 0.981265 1 0.409375 0.976581 1
0 0.761906 0.677963 0.038844 0.254567 0.000000 0.000000 0 0.000000 0.000000 0 0.000000 0.000000 0 0.000000 0.000000 0 0.000000 0.000000 0 0.754687 0.606557 1 0.760938 0.592506 1 0.000000 0.000000 0 0.000000 0.000000 0 0.000000 0.000000 0 0.000000 0.000000 0 0.754687 0.681499 1 0.764062 0.669789 1 0.753125 0.754098 1 0.767188 0.744731 1 0.000000 0.000000 0 0.000000 0.000000 0
0 0.794500 0.659274 0.077375 0.255972 0.760938 0.564403 1 0.000000 0.000000 0 0.000000 0.000000 0 0.770312 0.557377 1 0.000000 0.000000 0 0.778125 0.576112 1 0.784375 0.571429 1 0.760938 0.599532 1 0.000000 0.000000 0 0.000000 0.000000 0 0.000000 0.000000 0 0.796875 0.655738 1 0.793750 0.660422 1 0.792188 0.716628 1 0.000000 0.000000 0 0.820312 0.749415 1 0.000000 0.000000 0
0 0.887719 0.571066 0.017469 0.047611 0.000000 0.000000 0 0.000000 0.000000 0 0.000000 0.000000 0 0.000000 0.000000 0 0.000000 0.000000 0 0.000000 0.000000 0 0.000000 0.000000 0 0.000000 0.000000 0 0.000000 0.000000 0 0.000000 0.000000 0 0.000000 0.000000 0 0.000000 0.000000 0 0.000000 0.000000 0 0.000000 0.000000 0 0.000000 0.000000 0 0.000000 0.000000 0 0.000000 0.000000 0
0 0.840648 0.536733 0.031172 0.070328 0.000000 0.000000 0 0.000000 0.000000 0 0.000000 0.000000 0 0.000000 0.000000 0 0.000000 0.000000 0 0.000000 0.000000 0 0.000000 0.000000 0 0.000000 0.000000 0 0.000000 0.000000 0 0.000000 0.000000 0 0.000000 0.000000 0 0.000000 0.000000 0 0.000000 0.000000 0 0.000000 0.000000 0 0.000000 0.000000 0 0.000000 0.000000 0 0.000000 0.000000 0
0 0.088414 0.864157 0.031016 0.092201 0.000000 0.000000 0 0.000000 0.000000 0 0.000000 0.000000 0 0.000000 0.000000 0 0.000000 0.000000 0 0.000000 0.000000 0 0.000000 0.000000 0 0.000000 0.000000 0 0.000000 0.000000 0 0.000000 0.000000 0 0.000000 0.000000 0 0.000000 0.000000 0 0.000000 0.000000 0 0.000000 0.000000 0 0.000000 0.000000 0 0.000000 0.000000 0 0.000000 0.000000 0
0 0.439219 0.526534 0.051906 0.156300 0.000000 0.000000 0 0.000000 0.000000 0 0.000000 0.000000 0 0.000000 0.000000 0 0.000000 0.000000 0 0.000000 0.000000 0 0.000000 0.000000 0 0.000000 0.000000 0 0.000000 0.000000 0 0.000000 0.000000 0 0.000000 0.000000 0 0.000000 0.000000 0 0.000000 0.000000 0 0.000000 0.000000 0 0.000000 0.000000 0 0.000000 0.000000 0 0.000000 0.000000 0
0 0.581930 0.712424 0.067891 0.371967 0.000000 0.000000 0 0.000000 0.000000 0 0.000000 0.000000 0 0.571875 0.550351 1 0.000000 0.000000 0 0.573438 0.592506 1 0.596875 0.578454 1 0.559375 0.653396 1 0.000000 0.000000 0 0.546875 0.622951 1 0.000000 0.000000 0 0.584375 0.735363 1 0.596875 0.733021 1 0.578125 0.805621 1 0.584375 0.803279 1 0.578125 0.878220 1 0.585938 0.868852 1