0 0.467086 0.261333 0.115016 0.229853 0.501563 0.193154 1 0.000000 0.000000 0 0.496875 0.183374 1 0.000000 0.000000 0 0.484375 0.176039 1 0.482812 0.217604 1 0.465625 0.200489 1 0.484375 0.278729 1 0.473438 0.278729 1 0.495312 0.334963 1 0.498437 0.330073 1 0.443750 0.295844 1 0.426563 0.286064 1 0.000000 0.000000 0 0.468750 0.332518 1 0.000000 0.000000 0 0.475000 0.415648 1
0 0.682969 0.542787 0.073406 0.299560 0.675000 0.420538 1 0.679688 0.415648 1 0.668750 0.415648 1 0.684375 0.420538 1 0.662500 0.415648 1 0.693750 0.459658 1 0.651563 0.462103 1 0.706250 0.506112 1 0.648438 0.513447 1 0.000000 0.000000 0 0.651563 0.572127 1 0.692187 0.559902 1 0.659375 0.562347 1 0.695312 0.633252 1 0.662500 0.635697 1 0.000000 0.000000 0 0.664062 0.694377 1
0 0.772336 0.471100 0.073266 0.155355 0.768750 0.444988 1 0.773438 0.437653 1 0.764062 0.440098 1 0.779687 0.432763 1 0.000000 0.000000 0 0.785937 0.462103 1 0.746875 0.464548 1 0.789062 0.498778 1 0.740625 0.513447 1 0.796875 0.511002 1 0.740625 0.555012 1 0.775000 0.550122 1 0.756250 0.557457 1 0.000000 0.000000 0 0.000000 0.000000 0 0.000000 0.000000 0 0.000000 0.000000 0
0 0.955750 0.490306 0.071344 0.121149 0.942187 0.457213 1 0.946875 0.452323 1 0.000000 0.000000 0 0.957812 0.457213 1 0.000000 0.000000 0 0.971875 0.486553 1 0.940625 0.486553 1 0.984375 0.540342 1 0.925000 0.518337 1 0.000000 0.000000 0 0.939063 0.533007 1 0.962500 0.572127 1 0.940625 0.567237 1 0.000000 0.000000 0 0.000000 0.000000 0 0.000000 0.000000 0 0.000000 0.000000 0
0 0.071211 0.748741 0.075609 0.397042 0.000000 0.000000 0 0.000000 0.000000 0 0.000000 0.000000 0 0.000000 0.000000 0 0.000000 0.000000 0 0.067187 0.625917 1 0.095312 0.625917 1 0.054688 0.704156 1 0.000000 0.000000 0 0.042188 0.755501 1 0.000000 0.000000 0 0.070312 0.731051 1 0.100000 0.728606 1 0.070312 0.806846 1 0.084375 0.799511 1 0.095312 0.909535 1 0.065625 0.892421 1
0 0.063945 0.604132 0.054141 0.228509 0.045312 0.508557 1 0.046875 0.506112 1 0.000000 0.000000 0 0.054688 0.511002 1 0.000000 0.000000 0 0.065625 0.530562 1 0.053125 0.533007 1 0.084375 0.564792 1 0.000000 0.000000 0 0.000000 0.000000 0 0.000000 0.000000 0 0.059375 0.623472 1 0.046875 0.623472 1 0.056250 0.674817 1 0.043750 0.672372 1 0.000000 0.000000 0 0.000000 0.000000 0
0 0.026703 0.617543 0.051625 0.248533 0.025000 0.520782 1 0.026562 0.513447 1 0.020313 0.515892 1 0.029687 0.515892 1 0.017188 0.520782 1 0.040625 0.535452 1 0.009375 0.537897 1 0.000000 0.000000 0 0.007812 0.564792 1 0.000000 0.000000 0 0.026562 0.545232 1 0.031250 0.623472 1 0.010937 0.623472 1 0.031250 0.679707 1 0.014063 0.677262 1 0.031250 0.723716 1 0.015625 0.723716 1
0 0.099648 0.540905 0.042109 0.100978 0.000000 0.000000 0 0.000000 0.000000 0 0.000000 0.000000 0 0.000000 0.000000 0 0.000000 0.000000 0 0.000000 0.000000 0 0.000000 0.000000 0 0.000000 0.000000 0 0.000000 0.000000 0 0.000000 0.000000 0 0.000000 0.000000 0 0.000000 0.000000 0 0.000000 0.000000 0 0.000000 0.000000 0 0.000000 0.000000 0 0.000000 0.000000 0 0.000000 0.000000 0
0 0.798398 0.438289 0.038766 0.119315 0.000000 0.000000 0 0.000000 0.000000 0 0.000000 0.000000 0 0.000000 0.000000 0 0.000000 0.000000 0 0.000000 0.000000 0 0.000000 0.000000 0 0.000000 0.000000 0 0.000000 0.000000 0 0.000000 0.000000 0 0.000000 0.000000 0 0.000000 0.000000 0 0.000000 0.000000 0 0.000000 0.000000 0 0.000000 0.000000 0 0.000000 0.000000 0 0.000000 0.000000 0
0 0.901125 0.455269 0.057094 0.167408 0.889062 0.410758 1 0.887500 0.403423 1 0.000000 0.000000 0 0.895312 0.398533 1 0.000000 0.000000 0 0.904687 0.420538 1 0.921875 0.420538 1 0.903125 0.464548 1 0.000000 0.000000 0 0.884375 0.471883 1 0.000000 0.000000 0 0.904687 0.511002 1 0.918750 0.508557 1 0.000000 0.000000 0 0.000000 0.000000 0 0.000000 0.000000 0 0.000000 0.000000 0
0 0.125633 0.622641 0.042078 0.173692 0.000000 0.000000 0 0.000000 0.000000 0 0.000000 0.000000 0 0.000000 0.000000 0 0.000000 0.000000 0 0.000000 0.000000 0 0.000000 0.000000 0 0.000000 0.000000 0 0.000000 0.000000 0 0.000000 0.000000 0 0.000000 0.000000 0 0.000000 0.000000 0 0.000000 0.000000 0 0.000000 0.000000 0 0.000000 0.000000 0 0.000000 0.000000 0 0.000000 0.000000 0