0 0.082844 0.654672 0.165688 0.552677 0.000000 0.000000 0 0.000000 0.000000 0 0.100000 0.434343 1 0.000000 0.000000 0 0.078125 0.439394 1 0.037500 0.472222 1 0.060937 0.505051 1 0.000000 0.000000 0 0.084375 0.601010 1 0.000000 0.000000 0 0.134375 0.611111 1 0.000000 0.000000 0 0.000000 0.000000 0 0.000000 0.000000 0 0.045312 0.729798 1 0.000000 0.000000 0 0.025000 0.896465 1
0 0.774578 0.106515 0.090031 0.112121 0.000000 0.000000 0 0.000000 0.000000 0 0.790625 0.085859 1 0.000000 0.000000 0 0.782813 0.073232 1 0.798438 0.095960 1 0.750000 0.090909 1 0.807813 0.138889 1 0.734375 0.146465 1 0.000000 0.000000 0 0.771875 0.146465 1 0.000000 0.000000 0 0.000000 0.000000 0 0.000000 0.000000 0 0.000000 0.000000 0 0.000000 0.000000 0 0.000000 0.000000 0
0 0.232203 0.183144 0.086219 0.137096 0.248438 0.151515 1 0.251563 0.143939 1 0.245312 0.143939 1 0.000000 0.000000 0 0.232813 0.143939 1 0.257812 0.179293 1 0.220312 0.179293 1 0.265625 0.234848 1 0.223438 0.239899 1 0.000000 0.000000 0 0.000000 0.000000 0 0.000000 0.000000 0 0.000000 0.000000 0 0.000000 0.000000 0 0.000000 0.000000 0 0.000000 0.000000 0 0.000000 0.000000 0
0 0.646234 0.115013 0.058062 0.125682 0.653125 0.083333 1 0.656250 0.078283 1 0.650000 0.080808 1 0.000000 0.000000 0 0.640625 0.080808 1 0.664062 0.121212 1 0.632812 0.123737 1 0.667188 0.164141 1 0.631250 0.174242 1 0.660937 0.184343 1 0.651563 0.184343 1 0.000000 0.000000 0 0.000000 0.000000 0 0.000000 0.000000 0 0.000000 0.000000 0 0.000000 0.000000 0 0.000000 0.000000 0
0 0.393227 0.120896 0.091391 0.190732 0.401562 0.060606 1 0.404687 0.053030 1 0.396875 0.053030 1 0.000000 0.000000 0 0.000000 0.000000 0 0.409375 0.080808 1 0.376563 0.083333 1 0.414062 0.131313 1 0.376563 0.136364 1 0.000000 0.000000 0 0.409375 0.151515 1 0.396875 0.138889 1 0.370312 0.141414 1 0.428125 0.151515 1 0.382812 0.161616 1 0.404687 0.219697 1 0.357812 0.224747 1
0 0.326305 0.129217 0.096797 0.210101 0.317188 0.053030 1 0.318750 0.045455 1 0.310937 0.047980 1 0.000000 0.000000 0 0.000000 0.000000 0 0.323437 0.080808 1 0.287500 0.088384 1 0.000000 0.000000 0 0.273438 0.148990 1 0.000000 0.000000 0 0.312500 0.143939 1 0.318750 0.156566 1 0.292187 0.159091 1 0.362500 0.138889 1 0.307812 0.151515 1 0.360938 0.229798 1 0.317188 0.234848 1
0 0.702875 0.108990 0.059781 0.132576 0.714063 0.073232 1 0.718750 0.068182 1 0.710938 0.068182 1 0.000000 0.000000 0 0.000000 0.000000 0 0.720313 0.106061 1 0.690625 0.111111 1 0.721875 0.146465 1 0.690625 0.159091 1 0.000000 0.000000 0 0.714063 0.179293 1 0.000000 0.000000 0 0.000000 0.000000 0 0.000000 0.000000 0 0.000000 0.000000 0 0.000000 0.000000 0 0.000000 0.000000 0
0 0.548625 0.135101 0.074031 0.122475 0.565625 0.103535 1 0.568750 0.098485 1 0.562500 0.098485 1 0.000000 0.000000 0 0.554688 0.098485 1 0.575000 0.128788 1 0.540625 0.128788 1 0.581250 0.181818 1 0.546875 0.186869 1 0.000000 0.000000 0 0.568750 0.196970 1 0.000000 0.000000 0 0.521875 0.196970 1 0.000000 0.000000 0 0.000000 0.000000 0 0.000000 0.000000 0 0.000000 0.000000 0
0 0.247516 0.139710 0.077687 0.200581 0.246875 0.073232 1 0.251563 0.065657 1 0.243750 0.065657 1 0.000000 0.000000 0 0.000000 0.000000 0 0.257812 0.101010 1 0.229687 0.101010 1 0.000000 0.000000 0 0.229687 0.148990 1 0.000000 0.000000 0 0.264062 0.148990 1 0.000000 0.000000 0 0.000000 0.000000 0 0.000000 0.000000 0 0.000000 0.000000 0 0.000000 0.000000 0 0.000000 0.000000 0
0 0.169531 0.178068 0.047063 0.152146 0.179688 0.138889 1 0.181250 0.131313 1 0.173437 0.131313 1 0.000000 0.000000 0 0.165625 0.136364 1 0.178125 0.169192 1 0.153125 0.171717 1 0.179688 0.227273 1 0.000000 0.000000 0 0.000000 0.000000 0 0.000000 0.000000 0 0.176563 0.244949 1 0.156250 0.247475 1 0.000000 0.000000 0 0.000000 0.000000 0 0.000000 0.000000 0 0.000000 0.000000 0
0 0.498086 0.571427 0.286234 0.571439 0.517188 0.348485 1 0.000000 0.000000 0 0.000000 0.000000 0 0.000000 0.000000 0 0.000000 0.000000 0 0.467187 0.330808 1 0.496875 0.391414 1 0.518750 0.323232 1 0.576562 0.388889 1 0.570312 0.348485 1 0.596875 0.345960 1 0.523438 0.527778 1 0.495312 0.532828 1 0.568750 0.659091 1 0.454688 0.686869 1 0.603125 0.808081 1 0.378125 0.775253 1
0 0.122984 0.197538 0.080969 0.123460 0.135937 0.174242 1 0.140625 0.166667 1 0.132812 0.164141 1 0.143750 0.166667 1 0.125000 0.166667 1 0.150000 0.196970 1 0.107813 0.199495 1 0.156250 0.252525 1 0.112500 0.255051 1 0.132812 0.255051 1 0.000000 0.000000 0 0.000000 0.000000 0 0.000000 0.000000 0 0.000000 0.000000 0 0.000000 0.000000 0 0.000000 0.000000 0 0.000000 0.000000 0
0 0.042812 0.195492 0.085625 0.168914 0.035937 0.151515 1 0.039062 0.146465 1 0.031250 0.146465 1 0.000000 0.000000 0 0.021875 0.151515 1 0.045312 0.191919 1 0.014063 0.202020 1 0.054688 0.217172 1 0.025000 0.250000 1 0.081250 0.217172 1 0.056250 0.275253 1 0.000000 0.000000 0 0.000000 0.000000 0 0.000000 0.000000 0 0.000000 0.000000 0 0.000000 0.000000 0 0.000000 0.000000 0