0 0.900160 0.573507 0.058160 0.243067 0.906000 0.472000 1 0.000000 0.000000 0 0.000000 0.000000 0 0.000000 0.000000 0 0.900000 0.469333 1 0.878000 0.498667 1 0.900000 0.496000 1 0.000000 0.000000 0 0.914000 0.536000 1 0.000000 0.000000 0 0.924000 0.565333 1 0.892000 0.568000 1 0.908000 0.565333 1 0.902000 0.624000 1 0.914000 0.624000 1 0.892000 0.672000 1 0.906000 0.672000 1
0 0.817020 0.566533 0.067840 0.271413 0.000000 0.000000 0 0.000000 0.000000 0 0.000000 0.000000 0 0.000000 0.000000 0 0.810000 0.453333 1 0.790000 0.485333 1 0.812000 0.488000 1 0.000000 0.000000 0 0.812000 0.522667 1 0.000000 0.000000 0 0.826000 0.554667 1 0.798000 0.560000 1 0.812000 0.554667 1 0.802000 0.600000 1 0.816000 0.610667 1 0.798000 0.658667 1 0.812000 0.669333 1
0 0.514580 0.582507 0.080040 0.282880 0.490000 0.466667 1 0.490000 0.461333 1 0.000000 0.000000 0 0.496000 0.458667 1 0.000000 0.000000 0 0.496000 0.480000 1 0.526000 0.485333 1 0.498000 0.525333 1 0.534000 0.525333 1 0.000000 0.000000 0 0.000000 0.000000 0 0.506000 0.565333 1 0.520000 0.565333 1 0.500000 0.632000 1 0.522000 0.621333 1 0.504000 0.688000 1 0.532000 0.682667 1
0 0.472070 0.592840 0.055300 0.233573 0.462000 0.498667 1 0.464000 0.493333 1 0.000000 0.000000 0 0.476000 0.493333 1 0.000000 0.000000 0 0.488000 0.525333 1 0.460000 0.528000 1 0.000000 0.000000 0 0.454000 0.554667 1 0.000000 0.000000 0 0.458000 0.584000 1 0.486000 0.584000 1 0.468000 0.584000 1 0.488000 0.640000 1 0.470000 0.637333 1 0.488000 0.685333 1 0.476000 0.685333 1
0 0.405330 0.586960 0.069100 0.280907 0.000000 0.000000 0 0.000000 0.000000 0 0.000000 0.000000 0 0.000000 0.000000 0 0.000000 0.000000 0 0.382000 0.504000 1 0.424000 0.496000 1 0.370000 0.530667 1 0.434000 0.522667 1 0.382000 0.546667 1 0.426000 0.541333 1 0.396000 0.568000 1 0.416000 0.562667 1 0.394000 0.634667 1 0.422000 0.634667 1 0.400000 0.698667 1 0.424000 0.688000 1
0 0.339180 0.578427 0.052000 0.284960 0.348000 0.474667 1 0.000000 0.000000 0 0.000000 0.000000 0 0.000000 0.000000 0 0.340000 0.469333 1 0.322000 0.496000 1 0.334000 0.496000 1 0.000000 0.000000 0 0.350000 0.530667 1 0.000000 0.000000 0 0.356000 0.509333 1 0.328000 0.560000 1 0.334000 0.562667 1 0.000000 0.000000 0 0.334000 0.637333 1 0.000000 0.000000 0 0.334000 0.701333 1
0 0.071550 0.592307 0.059540 0.276453 0.056000 0.482667 1 0.058000 0.474667 1 0.052000 0.477333 1 0.068000 0.472000 1 0.000000 0.000000 0 0.074000 0.506667 1 0.054000 0.512000 1 0.092000 0.538667 1 0.000000 0.000000 0 0.074000 0.568000 1 0.000000 0.000000 0 0.062000 0.570667 1 0.050000 0.573333 1 0.046000 0.616000 1 0.066000 0.632000 1 0.056000 0.682667 1 0.066000 0.690667 1
0 0.199030 0.611280 0.044180 0.181387 0.000000 0.000000 0 0.000000 0.000000 0 0.000000 0.000000 0 0.000000 0.000000 0 0.000000 0.000000 0 0.000000 0.000000 0 0.000000 0.000000 0 0.000000 0.000000 0 0.000000 0.000000 0 0.000000 0.000000 0 0.000000 0.000000 0 0.000000 0.000000 0 0.000000 0.000000 0 0.000000 0.000000 0 0.000000 0.000000 0 0.000000 0.000000 0 0.000000 0.000000 0
0 0.309570 0.522773 0.022220 0.053227 0.000000 0.000000 0 0.000000 0.000000 0 0.000000 0.000000 0 0.000000 0.000000 0 0.000000 0.000000 0 0.000000 0.000000 0 0.000000 0.000000 0 0.000000 0.000000 0 0.000000 0.000000 0 0.000000 0.000000 0 0.000000 0.000000 0 0.000000 0.000000 0 0.000000 0.000000 0 0.000000 0.000000 0 0.000000 0.000000 0 0.000000 0.000000 0 0.000000 0.000000 0
0 0.573720 0.521893 0.113720 0.472373 0.000000 0.000000 0 0.000000 0.000000 0 0.000000 0.000000 0 0.000000 0.000000 0 0.588000 0.330667 1 0.000000 0.000000 0 0.574000 0.386667 1 0.000000 0.000000 0 0.556000 0.429333 1 0.608000 0.469333 1 0.566000 0.472000 1 0.612000 0.504000 1 0.580000 0.501333 1 0.622000 0.624000 1 0.560000 0.618667 1 0.000000 0.000000 0 0.558000 0.720000 1
0 0.685020 0.486387 0.419560 0.772293 0.852000 0.250667 1 0.000000 0.000000 0 0.858000 0.229333 1 0.000000 0.000000 0 0.834000 0.176000 1 0.720000 0.120000 1 0.788000 0.234667 1 0.622000 0.138667 1 0.734000 0.394667 1 0.524000 0.232000 1 0.698000 0.584000 1 0.588000 0.408000 1 0.660000 0.434667 1 0.658000 0.602667 1 0.762000 0.600000 1 0.586000 0.765333 1 0.708000 0.816000 1
0 0.022890 0.573480 0.044940 0.145840 0.000000 0.000000 0 0.000000 0.000000 0 0.000000 0.000000 0 0.000000 0.000000 0 0.000000 0.000000 0 0.000000 0.000000 0 0.000000 0.000000 0 0.000000 0.000000 0 0.000000 0.000000 0 0.000000 0.000000 0 0.000000 0.000000 0 0.000000 0.000000 0 0.000000 0.000000 0 0.000000 0.000000 0 0.000000 0.000000 0 0.000000 0.000000 0 0.000000 0.000000 0
0 0.298010 0.547387 0.032300 0.061547 0.000000 0.000000 0 0.000000 0.000000 0 0.000000 0.000000 0 0.000000 0.000000 0 0.000000 0.000000 0 0.000000 0.000000 0 0.000000 0.000000 0 0.000000 0.000000 0 0.000000 0.000000 0 0.000000 0.000000 0 0.000000 0.000000 0 0.000000 0.000000 0 0.000000 0.000000 0 0.000000 0.000000 0 0.000000 0.000000 0 0.000000 0.000000 0 0.000000 0.000000 0