0 0.447477 0.893406 0.082578 0.182021 0.420312 0.827083 1 0.420312 0.822917 1 0.000000 0.000000 0 0.428125 0.820833 1 0.000000 0.000000 0 0.432812 0.843750 1 0.434375 0.841667 1 0.434375 0.877083 1 0.000000 0.000000 0 0.434375 0.910417 1 0.000000 0.000000 0 0.437500 0.900000 1 0.439063 0.895833 1 0.440625 0.941667 1 0.423438 0.941667 1 0.465625 0.972917 1 0.420312 0.991667 1
0 0.363570 0.909208 0.054672 0.176417 0.375000 0.837500 1 0.000000 0.000000 0 0.373437 0.833333 1 0.000000 0.000000 0 0.365625 0.833333 1 0.365625 0.850000 1 0.360938 0.852083 1 0.000000 0.000000 0 0.351562 0.881250 1 0.000000 0.000000 0 0.354687 0.902083 1 0.367188 0.897917 1 0.362500 0.900000 1 0.371875 0.943750 1 0.350000 0.939583 1 0.371875 0.979167 1 0.343750 0.983333 1
0 0.313109 0.907260 0.044750 0.185479 0.000000 0.000000 0 0.300000 0.831250 1 0.000000 0.000000 0 0.307812 0.833333 1 0.000000 0.000000 0 0.312500 0.850000 1 0.321875 0.843750 1 0.298438 0.877083 1 0.000000 0.000000 0 0.296875 0.852083 1 0.000000 0.000000 0 0.312500 0.904167 1 0.325000 0.897917 1 0.317188 0.954167 1 0.301563 0.943750 1 0.325000 0.993750 1 0.307812 0.983333 1
0 0.778875 0.910031 0.061469 0.178104 0.756250 0.841667 1 0.757812 0.837500 1 0.000000 0.000000 0 0.765625 0.837500 1 0.000000 0.000000 0 0.770312 0.854167 1 0.000000 0.000000 0 0.778125 0.883333 1 0.000000 0.000000 0 0.776563 0.914583 1 0.000000 0.000000 0 0.773438 0.931250 1 0.000000 0.000000 0 0.792188 0.977083 1 0.000000 0.000000 0 0.000000 0.000000 0 0.000000 0.000000 0
0 0.804305 0.848917 0.029547 0.063458 0.000000 0.000000 0 0.000000 0.000000 0 0.000000 0.000000 0 0.000000 0.000000 0 0.000000 0.000000 0 0.000000 0.000000 0 0.000000 0.000000 0 0.000000 0.000000 0 0.000000 0.000000 0 0.000000 0.000000 0 0.000000 0.000000 0 0.000000 0.000000 0 0.000000 0.000000 0 0.000000 0.000000 0 0.000000 0.000000 0 0.000000 0.000000 0 0.000000 0.000000 0
0 0.131203 0.906042 0.057219 0.165333 0.000000 0.000000 0 0.000000 0.000000 0 0.000000 0.000000 0 0.125000 0.837500 1 0.000000 0.000000 0 0.123438 0.854167 1 0.139063 0.852083 1 0.117188 0.870833 1 0.000000 0.000000 0 0.109375 0.877083 1 0.000000 0.000000 0 0.123438 0.902083 1 0.135937 0.900000 1 0.132812 0.933333 1 0.123438 0.937500 1 0.146875 0.975000 1 0.114062 0.972917 1
0 0.687070 0.815281 0.019953 0.054771 0.000000 0.000000 0 0.000000 0.000000 0 0.000000 0.000000 0 0.000000 0.000000 0 0.000000 0.000000 0 0.000000 0.000000 0 0.000000 0.000000 0 0.000000 0.000000 0 0.000000 0.000000 0 0.000000 0.000000 0 0.000000 0.000000 0 0.000000 0.000000 0 0.000000 0.000000 0 0.000000 0.000000 0 0.000000 0.000000 0 0.000000 0.000000 0 0.000000 0.000000 0
0 0.021992 0.907854 0.037891 0.178417 0.000000 0.000000 0 0.000000 0.000000 0 0.000000 0.000000 0 0.000000 0.000000 0 0.000000 0.000000 0 0.010937 0.850000 1 0.028125 0.850000 1 0.010937 0.877083 1 0.032813 0.881250 1 0.000000 0.000000 0 0.034375 0.904167 1 0.017188 0.897917 1 0.029687 0.895833 1 0.010937 0.947917 1 0.014063 0.935417 1 0.014063 0.991667 1 0.021875 0.972917 1
0 0.045891 0.924135 0.046312 0.137812 0.000000 0.000000 0 0.000000 0.000000 0 0.000000 0.000000 0 0.000000 0.000000 0 0.000000 0.000000 0 0.000000 0.000000 0 0.000000 0.000000 0 0.000000 0.000000 0 0.000000 0.000000 0 0.000000 0.000000 0 0.000000 0.000000 0 0.000000 0.000000 0 0.000000 0.000000 0 0.000000 0.000000 0 0.000000 0.000000 0 0.000000 0.000000 0 0.000000 0.000000 0
0 0.631656 0.826802 0.014094 0.055354 0.000000 0.000000 0 0.000000 0.000000 0 0.000000 0.000000 0 0.000000 0.000000 0 0.000000 0.000000 0 0.000000 0.000000 0 0.000000 0.000000 0 0.000000 0.000000 0 0.000000 0.000000 0 0.000000 0.000000 0 0.000000 0.000000 0 0.000000 0.000000 0 0.000000 0.000000 0 0.000000 0.000000 0 0.000000 0.000000 0 0.000000 0.000000 0 0.000000 0.000000 0
0 0.886586 0.869292 0.042703 0.164958 0.885938 0.804167 1 0.887500 0.800000 1 0.884375 0.800000 1 0.000000 0.000000 0 0.000000 0.000000 0 0.898438 0.822917 1 0.879687 0.818750 1 0.900000 0.845833 1 0.870313 0.845833 1 0.885938 0.837500 1 0.000000 0.000000 0 0.885938 0.860417 1 0.878125 0.858333 1 0.887500 0.900000 1 0.879687 0.902083 1 0.896875 0.929167 1 0.882812 0.941667 1
0 0.742578 0.879396 0.041812 0.055250 0.000000 0.000000 0 0.000000 0.000000 0 0.000000 0.000000 0 0.000000 0.000000 0 0.000000 0.000000 0 0.000000 0.000000 0 0.000000 0.000000 0 0.000000 0.000000 0 0.000000 0.000000 0 0.000000 0.000000 0 0.000000 0.000000 0 0.000000 0.000000 0 0.000000 0.000000 0 0.000000 0.000000 0 0.000000 0.000000 0 0.000000 0.000000 0 0.000000 0.000000 0
0 0.750617 0.966521 0.094859 0.066958 0.000000 0.000000 0 0.000000 0.000000 0 0.000000 0.000000 0 0.000000 0.000000 0 0.000000 0.000000 0 0.000000 0.000000 0 0.000000 0.000000 0 0.000000 0.000000 0 0.000000 0.000000 0 0.000000 0.000000 0 0.000000 0.000000 0 0.000000 0.000000 0 0.000000 0.000000 0 0.000000 0.000000 0 0.000000 0.000000 0 0.000000 0.000000 0 0.000000 0.000000 0