0 0.500375 0.784266 0.299625 0.404500 0.000000 0.000000 0 0.000000 0.000000 0 0.000000 0.000000 0 0.460417 0.640625 1 0.525000 0.643750 1 0.431250 0.679688 1 0.556250 0.673438 1 0.381250 0.665625 1 0.600000 0.689063 1 0.445833 0.618750 1 0.606250 0.776563 1 0.435417 0.845313 1 0.537500 0.850000 1 0.437500 0.976562 1 0.487500 0.907813 1 0.000000 0.000000 0 0.000000 0.000000 0
0 0.302333 0.388336 0.441542 0.750734 0.000000 0.000000 0 0.000000 0.000000 0 0.000000 0.000000 0 0.329167 0.221875 1 0.387500 0.232813 1 0.302083 0.284375 1 0.416667 0.235937 1 0.172917 0.303125 1 0.464583 0.167187 1 0.131250 0.234375 1 0.479167 0.084375 1 0.316667 0.448437 1 0.389583 0.450000 1 0.306250 0.565625 1 0.356250 0.550000 1 0.333333 0.671875 1 0.370833 0.671875 1
0 0.122385 0.416344 0.211021 0.300344 0.108333 0.310937 1 0.114583 0.303125 1 0.093750 0.304688 1 0.000000 0.000000 0 0.068750 0.309375 1 0.139583 0.346875 1 0.035417 0.346875 1 0.152083 0.409375 1 0.020833 0.420312 1 0.147917 0.437500 1 0.079167 0.443750 1 0.118750 0.464062 1 0.050000 0.460938 1 0.172917 0.454688 1 0.012500 0.460938 1 0.139583 0.535937 1 0.000000 0.000000 0
0 0.884563 0.259758 0.119333 0.156953 0.879167 0.210938 1 0.887500 0.206250 1 0.866667 0.204687 1 0.900000 0.217188 1 0.852083 0.212500 1 0.920833 0.253125 1 0.829167 0.264062 1 0.952083 0.292187 1 0.839583 0.328125 1 0.979167 0.317188 1 0.879167 0.346875 1 0.939583 0.334375 1 0.875000 0.340625 1 0.000000 0.000000 0 0.000000 0.000000 0 0.000000 0.000000 0 0.000000 0.000000 0
0 0.471625 0.338758 0.109833 0.152203 0.454167 0.300000 1 0.464583 0.292187 1 0.441667 0.292187 1 0.477083 0.303125 1 0.427083 0.298438 1 0.497917 0.340625 1 0.410417 0.335938 1 0.504167 0.401562 1 0.000000 0.000000 0 0.000000 0.000000 0 0.000000 0.000000 0 0.000000 0.000000 0 0.000000 0.000000 0 0.000000 0.000000 0 0.000000 0.000000 0 0.000000 0.000000 0 0.000000 0.000000 0
0 0.166937 0.198258 0.088625 0.145203 0.164583 0.167187 1 0.166667 0.160938 1 0.152083 0.160938 1 0.000000 0.000000 0 0.127083 0.165625 1 0.183333 0.210938 1 0.097917 0.221875 1 0.000000 0.000000 0 0.000000 0.000000 0 0.000000 0.000000 0 0.000000 0.000000 0 0.000000 0.000000 0 0.000000 0.000000 0 0.000000 0.000000 0 0.000000 0.000000 0 0.000000 0.000000 0 0.000000 0.000000 0
0 0.260698 0.169672 0.117021 0.144562 0.272917 0.132812 1 0.281250 0.128125 1 0.264583 0.126562 1 0.000000 0.000000 0 0.250000 0.131250 1 0.306250 0.179688 1 0.229167 0.181250 1 0.000000 0.000000 0 0.000000 0.000000 0 0.000000 0.000000 0 0.000000 0.000000 0 0.000000 0.000000 0 0.000000 0.000000 0 0.000000 0.000000 0 0.000000 0.000000 0 0.000000 0.000000 0 0.000000 0.000000 0
0 0.339448 0.198758 0.100646 0.127234 0.366667 0.175000 1 0.372917 0.165625 1 0.354167 0.165625 1 0.385417 0.168750 1 0.329167 0.168750 1 0.397917 0.214062 1 0.314583 0.217188 1 0.000000 0.000000 0 0.329167 0.281250 1 0.000000 0.000000 0 0.000000 0.000000 0 0.000000 0.000000 0 0.000000 0.000000 0 0.000000 0.000000 0 0.000000 0.000000 0 0.000000 0.000000 0 0.000000 0.000000 0
0 0.956292 0.139734 0.087417 0.105594 0.985417 0.117188 1 0.991667 0.110937 1 0.975000 0.110937 1 0.000000 0.000000 0 0.954167 0.118750 1 0.000000 0.000000 0 0.931250 0.146875 1 0.000000 0.000000 0 0.954167 0.198437 1 0.000000 0.000000 0 0.000000 0.000000 0 0.000000 0.000000 0 0.000000 0.000000 0 0.000000 0.000000 0 0.000000 0.000000 0 0.000000 0.000000 0 0.000000 0.000000 0
0 0.880500 0.208750 0.160042 0.187156 0.877083 0.210938 1 0.887500 0.206250 1 0.866667 0.204687 1 0.902083 0.215625 1 0.850000 0.212500 1 0.927083 0.257812 1 0.827083 0.262500 1 0.950000 0.298438 1 0.845833 0.323437 1 0.000000 0.000000 0 0.000000 0.000000 0 0.000000 0.000000 0 0.000000 0.000000 0 0.000000 0.000000 0 0.000000 0.000000 0 0.000000 0.000000 0 0.000000 0.000000 0
0 0.871885 0.134430 0.137104 0.151922 0.856250 0.090625 1 0.866667 0.085938 1 0.843750 0.084375 1 0.877083 0.095312 1 0.825000 0.092188 1 0.891667 0.131250 1 0.806250 0.131250 1 0.912500 0.193750 1 0.816667 0.196875 1 0.000000 0.000000 0 0.891667 0.196875 1 0.885417 0.206250 1 0.822917 0.207813 1 0.000000 0.000000 0 0.000000 0.000000 0 0.000000 0.000000 0 0.000000 0.000000 0
0 0.856188 0.406992 0.244750 0.298828 0.789583 0.289062 1 0.795833 0.284375 1 0.000000 0.000000 0 0.000000 0.000000 0 0.000000 0.000000 0 0.829167 0.317188 1 0.741667 0.329688 1 0.856250 0.384375 1 0.754167 0.398438 1 0.854167 0.412500 1 0.820833 0.421875 1 0.825000 0.403125 1 0.775000 0.421875 1 0.872917 0.432812 1 0.831250 0.439063 1 0.920833 0.520312 1 0.872917 0.518750 1
0 0.611406 0.414766 0.314479 0.650375 0.000000 0.000000 0 0.000000 0.000000 0 0.000000 0.000000 0 0.583333 0.234375 1 0.631250 0.223438 1 0.556250 0.295312 1 0.670833 0.226562 1 0.535417 0.384375 1 0.716667 0.170313 1 0.514583 0.451562 1 0.756250 0.121875 1 0.606250 0.426563 1 0.683333 0.420312 1 0.604167 0.548438 1 0.675000 0.550000 1 0.629167 0.675000 1 0.681250 0.682813 1