0 0.633508 0.573096 0.127453 0.717500 0.662500 0.280374 1 0.000000 0.000000 0 0.656250 0.271028 1 0.000000 0.000000 0 0.628125 0.275701 1 0.634375 0.331776 1 0.601562 0.359813 1 0.000000 0.000000 0 0.628125 0.478972 1 0.000000 0.000000 0 0.671875 0.553738 1 0.651563 0.537383 1 0.620313 0.560748 1 0.684375 0.703271 1 0.609375 0.721963 1 0.639062 0.876168 1 0.603125 0.911215 1
0 0.730383 0.483213 0.056516 0.536706 0.000000 0.000000 0 0.000000 0.000000 0 0.000000 0.000000 0 0.000000 0.000000 0 0.000000 0.000000 0 0.707812 0.296729 1 0.742188 0.315421 1 0.000000 0.000000 0 0.742188 0.390187 1 0.000000 0.000000 0 0.000000 0.000000 0 0.712500 0.441589 1 0.729688 0.443925 1 0.723437 0.584112 1 0.743750 0.586449 1 0.707812 0.696262 1 0.723437 0.714953 1
0 0.725727 0.193119 0.019359 0.036612 0.000000 0.000000 0 0.000000 0.000000 0 0.000000 0.000000 0 0.000000 0.000000 0 0.000000 0.000000 0 0.000000 0.000000 0 0.000000 0.000000 0 0.000000 0.000000 0 0.000000 0.000000 0 0.000000 0.000000 0 0.000000 0.000000 0 0.000000 0.000000 0 0.000000 0.000000 0 0.000000 0.000000 0 0.000000 0.000000 0 0.000000 0.000000 0 0.000000 0.000000 0
0 0.513961 0.612360 0.156297 0.698879 0.529687 0.327103 1 0.000000 0.000000 0 0.518750 0.308411 1 0.000000 0.000000 0 0.487500 0.329439 1 0.529687 0.387850 1 0.465625 0.387850 1 0.576562 0.394860 1 0.492188 0.439252 1 0.567187 0.308411 1 0.506250 0.329439 1 0.523438 0.591121 1 0.490625 0.593458 1 0.562500 0.747664 1 0.492188 0.780374 1 0.532813 0.927570 1 0.471875 0.953271 1
0 0.269961 0.463645 0.082172 0.485841 0.284375 0.273364 1 0.000000 0.000000 0 0.278125 0.264019 1 0.000000 0.000000 0 0.262500 0.264019 1 0.287500 0.320093 1 0.251563 0.322430 1 0.000000 0.000000 0 0.248438 0.394860 1 0.000000 0.000000 0 0.253125 0.462617 1 0.284375 0.474299 1 0.259375 0.476636 1 0.279687 0.567757 1 0.251563 0.577103 1 0.273438 0.670561 1 0.248438 0.682243 1
0 0.920891 0.471998 0.107938 0.569229 0.000000 0.000000 0 0.000000 0.000000 0 0.000000 0.000000 0 0.887500 0.233645 1 0.000000 0.000000 0 0.884375 0.280374 1 0.931250 0.275701 1 0.892188 0.362150 1 0.962500 0.364486 1 0.873437 0.350467 1 0.000000 0.000000 0 0.903125 0.443925 1 0.940625 0.439252 1 0.904687 0.577103 1 0.931250 0.574766 1 0.918750 0.721963 1 0.937500 0.714953 1
0 0.075891 0.501121 0.112719 0.480888 0.107813 0.310748 1 0.106250 0.299065 1 0.101562 0.299065 1 0.000000 0.000000 0 0.078125 0.301402 1 0.101562 0.352804 1 0.054688 0.357477 1 0.114062 0.441589 1 0.034375 0.450935 1 0.115625 0.446262 1 0.082812 0.441589 1 0.100000 0.532710 1 0.057813 0.539720 1 0.117188 0.649533 1 0.057813 0.668224 1 0.104688 0.778037 1 0.053125 0.782710 1
0 0.810016 0.482021 0.117219 0.555070 0.000000 0.000000 0 0.000000 0.000000 0 0.000000 0.000000 0 0.000000 0.000000 0 0.000000 0.000000 0 0.784375 0.308411 1 0.842187 0.299065 1 0.757812 0.399533 1 0.857812 0.397196 1 0.776563 0.418224 1 0.860938 0.355140 1 0.787500 0.488318 1 0.825000 0.492991 1 0.800000 0.602804 1 0.831250 0.607477 1 0.800000 0.728972 1 0.831250 0.731308 1
0 0.201375 0.486507 0.129250 0.586519 0.220312 0.252336 1 0.220312 0.242991 1 0.212500 0.242991 1 0.000000 0.000000 0 0.187500 0.247664 1 0.223438 0.299065 1 0.175000 0.303738 1 0.240625 0.394860 1 0.140625 0.422897 1 0.246875 0.343458 1 0.157812 0.485981 1 0.221875 0.460280 1 0.184375 0.460280 1 0.229687 0.605140 1 0.165625 0.619159 1 0.243750 0.728972 1 0.148438 0.717290 1
0 0.689070 0.390082 0.081016 0.416939 0.000000 0.000000 0 0.000000 0.000000 0 0.000000 0.000000 0 0.000000 0.000000 0 0.678125 0.224299 1 0.640625 0.266355 1 0.689063 0.268692 1 0.000000 0.000000 0 0.681250 0.357477 1 0.000000 0.000000 0 0.703125 0.434579 1 0.646875 0.467290 1 0.682813 0.462617 1 0.000000 0.000000 0 0.693750 0.605140 1 0.000000 0.000000 0 0.706250 0.752336 1
0 0.760313 0.253633 0.061281 0.229089 0.767188 0.198598 1 0.768750 0.191589 1 0.759375 0.191589 1 0.000000 0.000000 0 0.742188 0.196262 1 0.785937 0.231308 1 0.723437 0.228972 1 0.000000 0.000000 0 0.000000 0.000000 0 0.000000 0.000000 0 0.000000 0.000000 0 0.775000 0.336449 1 0.731250 0.334112 1 0.000000 0.000000 0 0.000000 0.000000 0 0.000000 0.000000 0 0.000000 0.000000 0
0 0.396078 0.442301 0.127656 0.578061 0.000000 0.000000 0 0.000000 0.000000 0 0.000000 0.000000 0 0.395313 0.177570 1 0.429688 0.189252 1 0.364063 0.252336 1 0.428125 0.252336 1 0.342187 0.334112 1 0.443750 0.334112 1 0.000000 0.000000 0 0.448437 0.296729 1 0.375000 0.429907 1 0.412500 0.432243 1 0.385937 0.549065 1 0.400000 0.553738 1 0.387500 0.668224 1 0.396875 0.677570 1