0 0.123984 0.518448 0.124156 0.477604 0.114062 0.320833 1 0.118750 0.312500 1 0.109375 0.312500 1 0.132812 0.320833 1 0.101562 0.318750 1 0.143750 0.368750 1 0.084375 0.370833 1 0.168750 0.435417 1 0.075000 0.450000 1 0.135937 0.487500 1 0.117188 0.502083 1 0.151562 0.525000 1 0.095312 0.527083 1 0.146875 0.622917 1 0.106250 0.635417 1 0.148438 0.720833 1 0.101562 0.725000 1
0 0.815891 0.624281 0.124031 0.271312 0.815625 0.541667 1 0.820312 0.533333 1 0.807813 0.533333 1 0.832812 0.533333 1 0.000000 0.000000 0 0.846875 0.581250 1 0.787500 0.579167 1 0.000000 0.000000 0 0.771875 0.639583 1 0.000000 0.000000 0 0.796875 0.695833 1 0.821875 0.677083 1 0.785937 0.672917 1 0.823438 0.758333 1 0.784375 0.756250 1 0.000000 0.000000 0 0.000000 0.000000 0
0 0.440992 0.524990 0.094141 0.453813 0.451562 0.335417 1 0.454688 0.331250 1 0.442188 0.331250 1 0.460938 0.333333 1 0.432812 0.337500 1 0.473438 0.379167 1 0.415625 0.383333 1 0.479687 0.460417 1 0.407813 0.468750 1 0.478125 0.518750 1 0.404687 0.447917 1 0.465625 0.527083 1 0.425000 0.527083 1 0.470313 0.629167 1 0.420312 0.629167 1 0.457813 0.716667 1 0.421875 0.722917 1
0 0.522766 0.507917 0.115719 0.487167 0.521875 0.304167 1 0.526563 0.295833 1 0.515625 0.295833 1 0.537500 0.304167 1 0.506250 0.302083 1 0.551562 0.356250 1 0.496875 0.360417 1 0.567187 0.431250 1 0.475000 0.443750 1 0.542188 0.443750 1 0.476562 0.387500 1 0.540625 0.497917 1 0.503125 0.497917 1 0.542188 0.589583 1 0.506250 0.587500 1 0.548438 0.718750 1 0.501563 0.714583 1
0 0.698391 0.581240 0.106562 0.372437 0.682813 0.433333 1 0.687500 0.418750 1 0.675000 0.420833 1 0.698438 0.425000 1 0.000000 0.000000 0 0.720313 0.458333 1 0.673438 0.468750 1 0.742188 0.497917 1 0.662500 0.527083 1 0.725000 0.535417 1 0.660937 0.479167 1 0.707812 0.550000 1 0.671875 0.556250 1 0.714063 0.629167 1 0.673438 0.641667 1 0.714063 0.718750 1 0.673438 0.720833 1
0 0.235180 0.550615 0.103703 0.414813 0.235937 0.391667 1 0.243750 0.385417 1 0.229687 0.383333 1 0.250000 0.389583 1 0.220312 0.383333 1 0.259375 0.433333 1 0.206250 0.433333 1 0.279687 0.491667 1 0.176563 0.489583 1 0.000000 0.000000 0 0.218750 0.485417 1 0.246875 0.554167 1 0.215625 0.554167 1 0.248438 0.658333 1 0.217188 0.643750 1 0.250000 0.727083 1 0.212500 0.725000 1
0 0.340516 0.583625 0.137031 0.391208 0.329688 0.435417 1 0.331250 0.422917 1 0.321875 0.425000 1 0.000000 0.000000 0 0.309375 0.427083 1 0.340625 0.447917 1 0.289062 0.458333 1 0.368750 0.429167 1 0.295312 0.520833 1 0.392188 0.441667 1 0.301563 0.512500 1 0.321875 0.566667 1 0.290625 0.566667 1 0.335938 0.650000 1 0.303125 0.633333 1 0.301563 0.710417 1 0.290625 0.735417 1
0 0.615055 0.527906 0.074359 0.462062 0.609375 0.341667 1 0.614062 0.331250 1 0.600000 0.335417 1 0.629687 0.327083 1 0.000000 0.000000 0 0.631250 0.352083 1 0.618750 0.358333 1 0.589063 0.387500 1 0.595313 0.435417 1 0.000000 0.000000 0 0.601562 0.391667 1 0.626563 0.485417 1 0.612500 0.485417 1 0.621875 0.622917 1 0.617188 0.625000 1 0.634375 0.712500 1 0.626563 0.716667 1
0 0.758109 0.512198 0.138531 0.450187 0.754687 0.318750 1 0.759375 0.312500 1 0.750000 0.314583 1 0.768750 0.314583 1 0.739062 0.318750 1 0.789062 0.368750 1 0.729688 0.360417 1 0.798438 0.431250 1 0.715625 0.362500 1 0.804688 0.491667 1 0.706250 0.347917 1 0.784375 0.508333 1 0.750000 0.510417 1 0.800000 0.606250 1 0.746875 0.608333 1 0.809375 0.697917 1 0.746875 0.712500 1
0 0.375297 0.541365 0.075719 0.416729 0.371875 0.379167 1 0.376563 0.370833 1 0.365625 0.370833 1 0.384375 0.372917 1 0.360938 0.375000 1 0.400000 0.393750 1 0.348438 0.395833 1 0.000000 0.000000 0 0.000000 0.000000 0 0.000000 0.000000 0 0.000000 0.000000 0 0.389062 0.495833 1 0.365625 0.491667 1 0.392188 0.616667 1 0.382812 0.614583 1 0.393750 0.687500 1 0.371875 0.702083 1
0 0.182023 0.507885 0.079859 0.468646 0.179688 0.327083 1 0.185938 0.316667 1 0.173437 0.314583 1 0.000000 0.000000 0 0.159375 0.310417 1 0.206250 0.362500 1 0.145313 0.366667 1 0.000000 0.000000 0 0.000000 0.000000 0 0.000000 0.000000 0 0.000000 0.000000 0 0.207813 0.529167 1 0.164062 0.531250 1 0.000000 0.000000 0 0.167187 0.625000 1 0.000000 0.000000 0 0.171875 0.714583 1