0 0.594389 0.430281 0.116478 0.094844 0.591241 0.404687 1 0.594891 0.400000 1 0.591241 0.400000 1 0.000000 0.000000 0 0.000000 0.000000 0 0.622263 0.425000 1 0.602190 0.421875 1 0.585766 0.445312 1 0.585766 0.439063 1 0.554745 0.429688 1 0.578467 0.412500 1 0.596715 0.475000 1 0.587591 0.473438 1 0.560219 0.485938 1 0.552920 0.484375 1 0.000000 0.000000 0 0.000000 0.000000 0
0 0.681268 0.429898 0.107099 0.105391 0.673358 0.401562 1 0.675182 0.396875 1 0.000000 0.000000 0 0.689781 0.396875 1 0.000000 0.000000 0 0.706204 0.418750 1 0.708029 0.415625 1 0.673358 0.451562 1 0.675182 0.445312 1 0.645985 0.420312 1 0.666058 0.406250 1 0.686131 0.478125 1 0.684307 0.473438 1 0.625912 0.484375 1 0.629562 0.478125 1 0.000000 0.000000 0 0.000000 0.000000 0
0 0.900885 0.443031 0.088449 0.093281 0.895985 0.417187 1 0.903285 0.414062 1 0.890511 0.412500 1 0.912409 0.415625 1 0.885036 0.415625 1 0.925182 0.434375 1 0.874088 0.435937 1 0.925182 0.471875 1 0.864964 0.468750 1 0.888686 0.476562 1 0.875912 0.475000 1 0.912409 0.495312 1 0.877737 0.495312 1 0.000000 0.000000 0 0.000000 0.000000 0 0.000000 0.000000 0 0.000000 0.000000 0
0 0.436724 0.427320 0.098485 0.108672 0.430657 0.393750 1 0.434307 0.390625 1 0.430657 0.389062 1 0.450730 0.390625 1 0.000000 0.000000 0 0.450730 0.414062 1 0.467153 0.407813 1 0.427007 0.442188 1 0.441606 0.435937 1 0.403285 0.420312 1 0.419708 0.404687 1 0.443431 0.490625 1 0.461679 0.485938 1 0.000000 0.000000 0 0.000000 0.000000 0 0.000000 0.000000 0 0.000000 0.000000 0
0 0.746232 0.159328 0.079690 0.111375 0.740876 0.125000 1 0.744526 0.121875 1 0.735401 0.121875 1 0.757299 0.125000 1 0.000000 0.000000 0 0.775547 0.145313 1 0.720803 0.150000 1 0.771898 0.167187 1 0.709854 0.179688 1 0.733577 0.170313 1 0.757299 0.167187 1 0.759124 0.200000 1 0.720803 0.201563 1 0.000000 0.000000 0 0.000000 0.000000 0 0.000000 0.000000 0 0.000000 0.000000 0
0 0.572080 0.228641 0.068613 0.104344 0.549270 0.201563 1 0.556569 0.196875 1 0.547445 0.196875 1 0.569343 0.196875 1 0.000000 0.000000 0 0.589416 0.218750 1 0.552920 0.218750 1 0.585766 0.253125 1 0.000000 0.000000 0 0.554745 0.257812 1 0.000000 0.000000 0 0.580292 0.262500 1 0.552920 0.260937 1 0.538321 0.275000 1 0.000000 0.000000 0 0.000000 0.000000 0 0.000000 0.000000 0
0 0.342573 0.175617 0.100401 0.118266 0.337591 0.140625 1 0.343066 0.135937 1 0.332117 0.135937 1 0.350365 0.132812 1 0.000000 0.000000 0 0.368613 0.150000 1 0.324818 0.150000 1 0.374088 0.181250 1 0.321168 0.167187 1 0.337591 0.195312 1 0.321168 0.189062 1 0.355839 0.203125 1 0.337591 0.203125 1 0.370438 0.189062 1 0.301095 0.200000 1 0.372263 0.243750 1 0.301095 0.245312 1
0 0.771341 0.684195 0.230237 0.425516 0.000000 0.000000 0 0.000000 0.000000 0 0.000000 0.000000 0 0.773723 0.595313 1 0.000000 0.000000 0 0.751825 0.600000 1 0.799270 0.628125 1 0.698905 0.559375 1 0.815693 0.665625 1 0.667883 0.510938 1 0.824818 0.614062 1 0.751825 0.687500 1 0.797445 0.696875 1 0.768248 0.779687 1 0.815693 0.781250 1 0.786496 0.851562 1 0.857664 0.839063 1
0 0.046606 0.377828 0.093212 0.165813 0.000000 0.000000 0 0.000000 0.000000 0 0.000000 0.000000 0 0.000000 0.000000 0 0.025547 0.314063 1 0.060219 0.334375 1 0.021898 0.334375 1 0.000000 0.000000 0 0.000000 0.000000 0 0.000000 0.000000 0 0.007299 0.371875 1 0.056569 0.398438 1 0.029197 0.398438 1 0.058394 0.453125 1 0.025547 0.454688 1 0.000000 0.000000 0 0.000000 0.000000 0
0 0.247591 0.440211 0.101861 0.065234 0.211679 0.442188 1 0.213504 0.440625 1 0.211679 0.440625 1 0.228102 0.429688 1 0.000000 0.000000 0 0.257299 0.423438 1 0.218978 0.432812 1 0.260949 0.456250 1 0.218978 0.462500 1 0.000000 0.000000 0 0.000000 0.000000 0 0.288321 0.465625 1 0.259124 0.468750 1 0.000000 0.000000 0 0.000000 0.000000 0 0.000000 0.000000 0 0.000000 0.000000 0
0 0.674252 0.150625 0.071314 0.084781 0.684307 0.126562 1 0.689781 0.125000 1 0.678832 0.123438 1 0.695255 0.125000 1 0.673358 0.125000 1 0.706204 0.145313 1 0.664234 0.142187 1 0.697080 0.175000 1 0.645985 0.165625 1 0.671533 0.179688 1 0.673358 0.167187 1 0.682482 0.190625 1 0.662409 0.190625 1 0.000000 0.000000 0 0.000000 0.000000 0 0.000000 0.000000 0 0.000000 0.000000 0
0 0.659370 0.274688 0.156405 0.077406 0.631387 0.251563 1 0.635036 0.246875 1 0.625912 0.250000 1 0.645985 0.248438 1 0.000000 0.000000 0 0.671533 0.270313 1 0.613139 0.276562 1 0.700730 0.284375 1 0.593066 0.303125 1 0.717153 0.295312 1 0.000000 0.000000 0 0.000000 0.000000 0 0.000000 0.000000 0 0.000000 0.000000 0 0.000000 0.000000 0 0.000000 0.000000 0 0.000000 0.000000 0
0 0.966989 0.441695 0.066022 0.102859 0.959854 0.415625 1 0.963504 0.409375 1 0.952555 0.412500 1 0.976277 0.409375 1 0.950730 0.417187 1 0.996350 0.431250 1 0.941606 0.442188 1 0.996350 0.467187 1 0.937956 0.467187 1 0.990876 0.484375 1 0.945255 0.484375 1 0.981752 0.489063 1 0.956204 0.489063 1 0.000000 0.000000 0 0.000000 0.000000 0 0.000000 0.000000 0 0.000000 0.000000 0