0 0.133422 0.221846 0.102750 0.322290 0.121875 0.109813 1 0.125000 0.105140 1 0.115625 0.102804 1 0.000000 0.000000 0 0.106250 0.100467 1 0.150000 0.123832 1 0.093750 0.135514 1 0.164062 0.175234 1 0.098437 0.189252 1 0.160938 0.217290 1 0.104688 0.235981 1 0.153125 0.217290 1 0.121875 0.228972 1 0.164062 0.282710 1 0.135937 0.292056 1 0.173437 0.364486 1 0.146875 0.371495 1
0 0.205688 0.156098 0.024719 0.103458 0.000000 0.000000 0 0.000000 0.000000 0 0.000000 0.000000 0 0.000000 0.000000 0 0.000000 0.000000 0 0.000000 0.000000 0 0.000000 0.000000 0 0.000000 0.000000 0 0.000000 0.000000 0 0.000000 0.000000 0 0.000000 0.000000 0 0.000000 0.000000 0 0.000000 0.000000 0 0.000000 0.000000 0 0.000000 0.000000 0 0.000000 0.000000 0 0.000000 0.000000 0
0 0.322164 0.177839 0.037703 0.192173 0.000000 0.000000 0 0.000000 0.000000 0 0.000000 0.000000 0 0.000000 0.000000 0 0.000000 0.000000 0 0.326562 0.119159 1 0.315625 0.121495 1 0.329688 0.144860 1 0.000000 0.000000 0 0.315625 0.149533 1 0.000000 0.000000 0 0.325000 0.179907 1 0.315625 0.179907 1 0.325000 0.219626 1 0.320312 0.221963 1 0.329688 0.261682 1 0.325000 0.252336 1
0 0.409742 0.283785 0.143703 0.567570 0.000000 0.000000 0 0.000000 0.000000 0 0.000000 0.000000 0 0.382812 0.021028 1 0.417187 0.016355 1 0.360938 0.077103 1 0.453125 0.074766 1 0.345313 0.182243 1 0.468750 0.172897 1 0.000000 0.000000 0 0.000000 0.000000 0 0.378125 0.242991 1 0.440625 0.235981 1 0.387500 0.427570 1 0.445312 0.406542 1 0.390625 0.546729 1 0.446875 0.535047 1
0 0.869375 0.274159 0.160813 0.539346 0.885938 0.046729 1 0.896875 0.025701 1 0.878125 0.030374 1 0.906250 0.014019 1 0.864062 0.021028 1 0.920312 0.109813 1 0.843750 0.116822 1 0.926562 0.200935 1 0.812500 0.207944 1 0.940625 0.285047 1 0.803125 0.292056 1 0.904687 0.308411 1 0.851562 0.313084 1 0.907813 0.427570 1 0.843750 0.429907 1 0.890625 0.535047 1 0.839063 0.539720 1
0 0.976078 0.152815 0.031563 0.134836 0.000000 0.000000 0 0.000000 0.000000 0 0.000000 0.000000 0 0.000000 0.000000 0 0.000000 0.000000 0 0.000000 0.000000 0 0.000000 0.000000 0 0.000000 0.000000 0 0.000000 0.000000 0 0.000000 0.000000 0 0.000000 0.000000 0 0.000000 0.000000 0 0.000000 0.000000 0 0.000000 0.000000 0 0.000000 0.000000 0 0.000000 0.000000 0 0.000000 0.000000 0
0 0.290320 0.160280 0.037109 0.153598 0.000000 0.000000 0 0.000000 0.000000 0 0.000000 0.000000 0 0.000000 0.000000 0 0.000000 0.000000 0 0.000000 0.000000 0 0.000000 0.000000 0 0.000000 0.000000 0 0.000000 0.000000 0 0.000000 0.000000 0 0.000000 0.000000 0 0.000000 0.000000 0 0.000000 0.000000 0 0.000000 0.000000 0 0.000000 0.000000 0 0.000000 0.000000 0 0.000000 0.000000 0
0 0.823227 0.074953 0.025422 0.067710 0.000000 0.000000 0 0.000000 0.000000 0 0.000000 0.000000 0 0.000000 0.000000 0 0.000000 0.000000 0 0.000000 0.000000 0 0.000000 0.000000 0 0.000000 0.000000 0 0.000000 0.000000 0 0.000000 0.000000 0 0.000000 0.000000 0 0.000000 0.000000 0 0.000000 0.000000 0 0.000000 0.000000 0 0.000000 0.000000 0 0.000000 0.000000 0 0.000000 0.000000 0
0 0.553906 0.213435 0.112500 0.401869 0.000000 0.000000 0 0.000000 0.000000 0 0.000000 0.000000 0 0.000000 0.000000 0 0.000000 0.000000 0 0.543750 0.126168 1 0.570312 0.114486 1 0.509375 0.161215 1 0.600000 0.133178 1 0.528125 0.121495 1 0.596875 0.207944 1 0.556250 0.268692 1 0.576562 0.264019 1 0.559375 0.385514 1 0.575000 0.380841 1 0.575000 0.488318 1 0.590625 0.483645 1
0 0.628930 0.131460 0.025547 0.101145 0.000000 0.000000 0 0.000000 0.000000 0 0.000000 0.000000 0 0.000000 0.000000 0 0.000000 0.000000 0 0.000000 0.000000 0 0.000000 0.000000 0 0.000000 0.000000 0 0.000000 0.000000 0 0.000000 0.000000 0 0.000000 0.000000 0 0.000000 0.000000 0 0.000000 0.000000 0 0.000000 0.000000 0 0.000000 0.000000 0 0.000000 0.000000 0 0.000000 0.000000 0
0 0.241305 0.203014 0.077578 0.262617 0.242188 0.102804 1 0.243750 0.095794 1 0.235937 0.098131 1 0.000000 0.000000 0 0.223438 0.102804 1 0.253125 0.135514 1 0.214062 0.135514 1 0.271875 0.184579 1 0.201563 0.186916 1 0.265625 0.226636 1 0.209375 0.228972 1 0.246875 0.212617 1 0.226562 0.212617 1 0.256250 0.320093 1 0.226562 0.322430 1 0.000000 0.000000 0 0.000000 0.000000 0
0 0.490672 0.224720 0.085656 0.408972 0.460938 0.070093 1 0.465625 0.060748 1 0.459375 0.060748 1 0.485938 0.063084 1 0.000000 0.000000 0 0.487500 0.098131 1 0.482812 0.098131 1 0.478125 0.203271 1 0.000000 0.000000 0 0.000000 0.000000 0 0.000000 0.000000 0 0.487500 0.238318 1 0.479687 0.235981 1 0.487500 0.404206 1 0.000000 0.000000 0 0.000000 0.000000 0 0.000000 0.000000 0
0 0.067898 0.167430 0.032922 0.147897 0.000000 0.000000 0 0.000000 0.000000 0 0.000000 0.000000 0 0.000000 0.000000 0 0.000000 0.000000 0 0.000000 0.000000 0 0.000000 0.000000 0 0.000000 0.000000 0 0.000000 0.000000 0 0.000000 0.000000 0 0.000000 0.000000 0 0.000000 0.000000 0 0.000000 0.000000 0 0.000000 0.000000 0 0.000000 0.000000 0 0.000000 0.000000 0 0.000000 0.000000 0