0 0.550898 0.536608 0.164516 0.755704 0.000000 0.000000 0 0.000000 0.000000 0 0.000000 0.000000 0 0.539062 0.223005 1 0.579688 0.223005 1 0.509375 0.295775 1 0.606250 0.309859 1 0.490625 0.417840 1 0.606250 0.424883 1 0.482812 0.511737 1 0.621875 0.539906 1 0.512500 0.492958 1 0.570312 0.490610 1 0.523438 0.652582 1 0.565625 0.685446 1 0.528125 0.744131 1 0.553125 0.845070 1
0 0.281953 0.530329 0.124156 0.597746 0.000000 0.000000 0 0.000000 0.000000 0 0.000000 0.000000 0 0.000000 0.000000 0 0.301563 0.286385 1 0.242188 0.347418 1 0.303125 0.352113 1 0.000000 0.000000 0 0.309375 0.481221 1 0.000000 0.000000 0 0.326562 0.570423 1 0.248438 0.528169 1 0.284375 0.530516 1 0.260937 0.685446 1 0.310937 0.687793 1 0.264062 0.830986 1 0.000000 0.000000 0
0 0.777039 0.466197 0.096703 0.409202 0.785937 0.302817 1 0.790625 0.295775 1 0.779687 0.295775 1 0.000000 0.000000 0 0.762500 0.300469 1 0.800000 0.349765 1 0.760938 0.340376 1 0.814063 0.408451 1 0.739062 0.401408 1 0.806250 0.410798 1 0.775000 0.410798 1 0.793750 0.471831 1 0.768750 0.471831 1 0.781250 0.549296 1 0.756250 0.544601 1 0.779687 0.640845 1 0.756250 0.640845 1
0 0.461383 0.397465 0.050766 0.242817 0.451562 0.302817 1 0.453125 0.295775 1 0.000000 0.000000 0 0.464062 0.295775 1 0.000000 0.000000 0 0.465625 0.323944 1 0.476562 0.316901 1 0.456250 0.361502 1 0.000000 0.000000 0 0.443750 0.382629 1 0.000000 0.000000 0 0.464062 0.401408 1 0.479687 0.396714 1 0.460938 0.448357 1 0.470313 0.453052 1 0.470313 0.495305 1 0.465625 0.495305 1
0 0.412023 0.410775 0.076828 0.248638 0.000000 0.000000 0 0.000000 0.000000 0 0.000000 0.000000 0 0.400000 0.307512 1 0.421875 0.307512 1 0.395313 0.330986 1 0.428125 0.333333 1 0.379688 0.354460 1 0.445312 0.356808 1 0.403125 0.347418 1 0.425000 0.340376 1 0.401562 0.392019 1 0.423438 0.392019 1 0.398438 0.457746 1 0.423438 0.462441 1 0.392188 0.511737 1 0.421875 0.516432 1
0 0.839008 0.441103 0.075703 0.392254 0.871875 0.281690 1 0.871875 0.272300 1 0.865625 0.272300 1 0.000000 0.000000 0 0.850000 0.279343 1 0.873437 0.319249 1 0.835938 0.319249 1 0.000000 0.000000 0 0.825000 0.377934 1 0.000000 0.000000 0 0.835938 0.427230 1 0.867188 0.441315 1 0.835938 0.438967 1 0.853125 0.507042 1 0.821875 0.521127 1 0.839063 0.586854 1 0.810937 0.598592 1
0 0.918055 0.523146 0.132859 0.546291 0.896875 0.323944 1 0.901563 0.314554 1 0.892188 0.316901 1 0.914062 0.316901 1 0.000000 0.000000 0 0.921875 0.347418 1 0.870313 0.345070 1 0.917188 0.415493 1 0.864062 0.401408 1 0.873437 0.410798 1 0.881250 0.354460 1 0.909375 0.483568 1 0.876563 0.478873 1 0.909375 0.570423 1 0.873437 0.572770 1 0.895312 0.676056 1 0.868750 0.673709 1
0 0.807438 0.276538 0.011156 0.031056 0.000000 0.000000 0 0.000000 0.000000 0 0.000000 0.000000 0 0.000000 0.000000 0 0.000000 0.000000 0 0.000000 0.000000 0 0.000000 0.000000 0 0.000000 0.000000 0 0.000000 0.000000 0 0.000000 0.000000 0 0.000000 0.000000 0 0.000000 0.000000 0 0.000000 0.000000 0 0.000000 0.000000 0 0.000000 0.000000 0 0.000000 0.000000 0 0.000000 0.000000 0
0 0.667469 0.356878 0.051000 0.221737 0.682813 0.269953 1 0.000000 0.000000 0 0.681250 0.262911 1 0.000000 0.000000 0 0.673438 0.260563 1 0.676562 0.295775 1 0.664062 0.295775 1 0.000000 0.000000 0 0.660937 0.321596 1 0.000000 0.000000 0 0.675000 0.307512 1 0.670312 0.354460 1 0.659375 0.354460 1 0.668750 0.403756 1 0.657813 0.408451 1 0.668750 0.446009 1 0.657813 0.450704 1
0 0.337766 0.383556 0.053531 0.272700 0.000000 0.000000 0 0.000000 0.000000 0 0.000000 0.000000 0 0.000000 0.000000 0 0.000000 0.000000 0 0.320312 0.295775 1 0.000000 0.000000 0 0.342187 0.269953 1 0.000000 0.000000 0 0.331250 0.265258 1 0.000000 0.000000 0 0.342187 0.368545 1 0.332813 0.366197 1 0.345313 0.434272 1 0.332813 0.436620 1 0.000000 0.000000 0 0.000000 0.000000 0
0 0.888289 0.493603 0.064109 0.424343 0.895312 0.323944 1 0.903125 0.316901 1 0.890625 0.319249 1 0.912500 0.316901 1 0.000000 0.000000 0 0.921875 0.354460 1 0.873437 0.354460 1 0.918750 0.417840 1 0.864062 0.406103 1 0.876563 0.413146 1 0.879687 0.359155 1 0.914062 0.490610 1 0.876563 0.490610 1 0.903125 0.579812 1 0.870313 0.575117 1 0.893750 0.673709 1 0.868750 0.671362 1
0 0.702609 0.428016 0.079531 0.345469 0.710938 0.291080 1 0.712500 0.284038 1 0.706250 0.286385 1 0.000000 0.000000 0 0.696875 0.288732 1 0.720313 0.323944 1 0.687500 0.321596 1 0.732812 0.368545 1 0.703125 0.352113 1 0.717187 0.368545 1 0.706250 0.314554 1 0.714063 0.410798 1 0.693750 0.410798 1 0.712500 0.490610 1 0.693750 0.488263 1 0.712500 0.561033 1 0.689063 0.561033 1