0 0.644040 0.944687 0.049672 0.108500 0.000000 0.000000 0 0.000000 0.000000 0 0.000000 0.000000 0 0.637002 0.900000 1 0.646370 0.901563 1 0.632319 0.914062 1 0.660422 0.914062 1 0.627635 0.929688 1 0.667447 0.926562 1 0.000000 0.000000 0 0.000000 0.000000 0 0.634660 0.940625 1 0.655738 0.940625 1 0.634660 0.968750 1 0.653396 0.970313 1 0.634660 0.990625 1 0.655738 0.993750 1
0 0.180386 0.960594 0.132810 0.078813 0.000000 0.000000 0 0.000000 0.000000 0 0.000000 0.000000 0 0.000000 0.000000 0 0.206089 0.950000 1 0.131148 0.995313 1 0.234192 0.995313 1 0.000000 0.000000 0 0.000000 0.000000 0 0.000000 0.000000 0 0.000000 0.000000 0 0.000000 0.000000 0 0.000000 0.000000 0 0.000000 0.000000 0 0.000000 0.000000 0 0.000000 0.000000 0 0.000000 0.000000 0
0 0.416815 0.939258 0.076862 0.087922 0.000000 0.000000 0 0.000000 0.000000 0 0.000000 0.000000 0 0.000000 0.000000 0 0.000000 0.000000 0 0.400468 0.926562 1 0.437939 0.923438 1 0.388759 0.951562 1 0.451991 0.940625 1 0.000000 0.000000 0 0.000000 0.000000 0 0.402810 0.967187 1 0.428571 0.967187 1 0.000000 0.000000 0 0.000000 0.000000 0 0.000000 0.000000 0 0.000000 0.000000 0
0 0.361827 0.929531 0.061827 0.064687 0.000000 0.000000 0 0.000000 0.000000 0 0.000000 0.000000 0 0.000000 0.000000 0 0.000000 0.000000 0 0.000000 0.000000 0 0.000000 0.000000 0 0.000000 0.000000 0 0.000000 0.000000 0 0.000000 0.000000 0 0.000000 0.000000 0 0.000000 0.000000 0 0.000000 0.000000 0 0.000000 0.000000 0 0.000000 0.000000 0 0.000000 0.000000 0 0.000000 0.000000 0
0 0.736253 0.947828 0.071382 0.102469 0.000000 0.000000 0 0.000000 0.000000 0 0.000000 0.000000 0 0.725995 0.909375 1 0.744731 0.907813 1 0.718970 0.921875 1 0.754098 0.923438 1 0.709602 0.943750 1 0.758782 0.942187 1 0.707260 0.956250 1 0.758782 0.962500 1 0.728337 0.954688 1 0.747073 0.954688 1 0.735363 0.989062 1 0.747073 0.989062 1 0.000000 0.000000 0 0.000000 0.000000 0
0 0.798993 0.949648 0.066745 0.097391 0.000000 0.000000 0 0.000000 0.000000 0 0.000000 0.000000 0 0.000000 0.000000 0 0.791569 0.914062 1 0.770492 0.929688 1 0.810304 0.928125 1 0.770492 0.951562 1 0.824356 0.946875 1 0.770492 0.968750 1 0.000000 0.000000 0 0.784543 0.970313 1 0.817330 0.968750 1 0.789227 0.995313 1 0.817330 0.996875 1 0.000000 0.000000 0 0.000000 0.000000 0
0 0.973267 0.955945 0.049859 0.086078 0.000000 0.000000 0 0.000000 0.000000 0 0.000000 0.000000 0 0.000000 0.000000 0 0.000000 0.000000 0 0.000000 0.000000 0 0.000000 0.000000 0 0.000000 0.000000 0 0.000000 0.000000 0 0.000000 0.000000 0 0.000000 0.000000 0 0.000000 0.000000 0 0.000000 0.000000 0 0.000000 0.000000 0 0.000000 0.000000 0 0.000000 0.000000 0 0.000000 0.000000 0
0 0.251768 0.945547 0.088782 0.108906 0.000000 0.000000 0 0.000000 0.000000 0 0.000000 0.000000 0 0.248244 0.903125 1 0.000000 0.000000 0 0.236534 0.918750 1 0.276347 0.920312 1 0.224824 0.945312 1 0.285714 0.946875 1 0.213115 0.967187 1 0.285714 0.967187 1 0.236534 0.965625 1 0.269321 0.967187 1 0.234192 0.993750 1 0.000000 0.000000 0 0.000000 0.000000 0 0.000000 0.000000 0
0 0.540281 0.946469 0.071429 0.107062 0.000000 0.000000 0 0.000000 0.000000 0 0.000000 0.000000 0 0.522248 0.903125 1 0.536300 0.903125 1 0.515222 0.917188 1 0.548009 0.915625 1 0.515222 0.929688 1 0.559719 0.928125 1 0.512881 0.940625 1 0.564403 0.942187 1 0.524590 0.946875 1 0.545667 0.945312 1 0.526932 0.968750 1 0.538642 0.965625 1 0.531616 0.992188 1 0.543326 0.982812 1
0 0.990480 0.897680 0.019040 0.038734 0.000000 0.000000 0 0.000000 0.000000 0 0.000000 0.000000 0 0.000000 0.000000 0 0.000000 0.000000 0 0.000000 0.000000 0 0.000000 0.000000 0 0.000000 0.000000 0 0.000000 0.000000 0 0.000000 0.000000 0 0.000000 0.000000 0 0.000000 0.000000 0 0.000000 0.000000 0 0.000000 0.000000 0 0.000000 0.000000 0 0.000000 0.000000 0 0.000000 0.000000 0
0 0.846148 0.932234 0.034403 0.056062 0.000000 0.000000 0 0.000000 0.000000 0 0.000000 0.000000 0 0.000000 0.000000 0 0.000000 0.000000 0 0.000000 0.000000 0 0.000000 0.000000 0 0.000000 0.000000 0 0.000000 0.000000 0 0.000000 0.000000 0 0.000000 0.000000 0 0.000000 0.000000 0 0.000000 0.000000 0 0.000000 0.000000 0 0.000000 0.000000 0 0.000000 0.000000 0 0.000000 0.000000 0
0 0.115023 0.924047 0.036604 0.053469 0.000000 0.000000 0 0.000000 0.000000 0 0.000000 0.000000 0 0.000000 0.000000 0 0.000000 0.000000 0 0.000000 0.000000 0 0.000000 0.000000 0 0.000000 0.000000 0 0.000000 0.000000 0 0.000000 0.000000 0 0.000000 0.000000 0 0.000000 0.000000 0 0.000000 0.000000 0 0.000000 0.000000 0 0.000000 0.000000 0 0.000000 0.000000 0 0.000000 0.000000 0
0 0.917635 0.950805 0.077564 0.097172 0.000000 0.000000 0 0.000000 0.000000 0 0.000000 0.000000 0 0.000000 0.000000 0 0.000000 0.000000 0 0.903981 0.928125 1 0.941452 0.928125 1 0.892272 0.945312 1 0.948478 0.943750 1 0.000000 0.000000 0 0.000000 0.000000 0 0.906323 0.968750 1 0.934426 0.968750 1 0.000000 0.000000 0 0.000000 0.000000 0 0.000000 0.000000 0 0.000000 0.000000 0