0 0.644297 0.375156 0.147500 0.208354 0.654687 0.316667 1 0.662500 0.306250 1 0.648438 0.304167 1 0.000000 0.000000 0 0.637500 0.306250 1 0.679688 0.356250 1 0.609375 0.354167 1 0.709375 0.416667 1 0.578125 0.410417 1 0.689063 0.452083 1 0.595313 0.454167 1 0.665625 0.468750 1 0.617188 0.468750 1 0.715625 0.516667 1 0.570312 0.512500 1 0.000000 0.000000 0 0.000000 0.000000 0
0 0.604797 0.288969 0.071156 0.219104 0.595313 0.218750 1 0.601562 0.212500 1 0.589063 0.214583 1 0.609375 0.218750 1 0.581250 0.220833 1 0.620313 0.256250 1 0.576562 0.270833 1 0.632812 0.310417 1 0.578125 0.325000 1 0.615625 0.327083 1 0.593750 0.314583 1 0.620313 0.331250 1 0.589063 0.345833 1 0.000000 0.000000 0 0.000000 0.000000 0 0.000000 0.000000 0 0.000000 0.000000 0
0 0.365352 0.366562 0.022953 0.056708 0.000000 0.000000 0 0.000000 0.000000 0 0.000000 0.000000 0 0.000000 0.000000 0 0.000000 0.000000 0 0.000000 0.000000 0 0.000000 0.000000 0 0.000000 0.000000 0 0.000000 0.000000 0 0.000000 0.000000 0 0.000000 0.000000 0 0.000000 0.000000 0 0.000000 0.000000 0 0.000000 0.000000 0 0.000000 0.000000 0 0.000000 0.000000 0 0.000000 0.000000 0
0 0.401766 0.450802 0.058063 0.186313 0.395313 0.383333 1 0.398438 0.377083 1 0.390625 0.377083 1 0.403125 0.377083 1 0.384375 0.381250 1 0.417187 0.406250 1 0.381250 0.408333 1 0.421875 0.439583 1 0.379688 0.447917 1 0.417187 0.456250 1 0.395313 0.456250 1 0.418750 0.460417 1 0.389062 0.462500 1 0.423438 0.464583 1 0.393750 0.464583 1 0.407813 0.516667 1 0.414062 0.512500 1
0 0.340703 0.418250 0.068375 0.190042 0.340625 0.358333 1 0.342187 0.354167 1 0.337500 0.354167 1 0.348438 0.347917 1 0.331250 0.352083 1 0.359375 0.370833 1 0.326562 0.372917 1 0.364063 0.395833 1 0.310937 0.389583 1 0.360938 0.408333 1 0.315625 0.395833 1 0.357812 0.410417 1 0.337500 0.408333 1 0.000000 0.000000 0 0.345313 0.425000 1 0.000000 0.000000 0 0.345313 0.481250 1
0 0.368031 0.319990 0.037812 0.077271 0.000000 0.000000 0 0.000000 0.000000 0 0.000000 0.000000 0 0.000000 0.000000 0 0.000000 0.000000 0 0.000000 0.000000 0 0.000000 0.000000 0 0.000000 0.000000 0 0.000000 0.000000 0 0.000000 0.000000 0 0.000000 0.000000 0 0.000000 0.000000 0 0.000000 0.000000 0 0.000000 0.000000 0 0.000000 0.000000 0 0.000000 0.000000 0 0.000000 0.000000 0
0 0.541867 0.355948 0.081172 0.299479 0.528125 0.235417 1 0.532813 0.229167 1 0.521875 0.229167 1 0.540625 0.235417 1 0.514062 0.239583 1 0.557813 0.272917 1 0.509375 0.287500 1 0.570312 0.325000 1 0.509375 0.343750 1 0.570312 0.356250 1 0.528125 0.343750 1 0.559375 0.366667 1 0.531250 0.372917 1 0.562500 0.402083 1 0.532813 0.356250 1 0.571875 0.481250 1 0.550000 0.443750 1
0 0.679805 0.282219 0.094422 0.232729 0.667188 0.218750 1 0.670312 0.212500 1 0.660937 0.212500 1 0.679688 0.216667 1 0.650000 0.216667 1 0.695312 0.260417 1 0.640625 0.270833 1 0.709375 0.300000 1 0.639062 0.325000 1 0.000000 0.000000 0 0.673438 0.329167 1 0.000000 0.000000 0 0.000000 0.000000 0 0.712500 0.325000 1 0.000000 0.000000 0 0.703125 0.408333 1 0.000000 0.000000 0
0 0.408719 0.393875 0.068406 0.168708 0.000000 0.000000 0 0.000000 0.000000 0 0.000000 0.000000 0 0.000000 0.000000 0 0.000000 0.000000 0 0.000000 0.000000 0 0.000000 0.000000 0 0.000000 0.000000 0 0.000000 0.000000 0 0.000000 0.000000 0 0.000000 0.000000 0 0.000000 0.000000 0 0.000000 0.000000 0 0.000000 0.000000 0 0.000000 0.000000 0 0.000000 0.000000 0 0.000000 0.000000 0
0 0.306375 0.359740 0.022969 0.080604 0.000000 0.000000 0 0.000000 0.000000 0 0.000000 0.000000 0 0.000000 0.000000 0 0.000000 0.000000 0 0.000000 0.000000 0 0.000000 0.000000 0 0.000000 0.000000 0 0.000000 0.000000 0 0.000000 0.000000 0 0.000000 0.000000 0 0.000000 0.000000 0 0.000000 0.000000 0 0.000000 0.000000 0 0.000000 0.000000 0 0.000000 0.000000 0 0.000000 0.000000 0
0 0.323852 0.340000 0.013453 0.047375 0.000000 0.000000 0 0.000000 0.000000 0 0.000000 0.000000 0 0.000000 0.000000 0 0.000000 0.000000 0 0.000000 0.000000 0 0.000000 0.000000 0 0.000000 0.000000 0 0.000000 0.000000 0 0.000000 0.000000 0 0.000000 0.000000 0 0.000000 0.000000 0 0.000000 0.000000 0 0.000000 0.000000 0 0.000000 0.000000 0 0.000000 0.000000 0 0.000000 0.000000 0
0 0.339719 0.311406 0.021031 0.026521 0.000000 0.000000 0 0.000000 0.000000 0 0.000000 0.000000 0 0.000000 0.000000 0 0.000000 0.000000 0 0.000000 0.000000 0 0.000000 0.000000 0 0.000000 0.000000 0 0.000000 0.000000 0 0.000000 0.000000 0 0.000000 0.000000 0 0.000000 0.000000 0 0.000000 0.000000 0 0.000000 0.000000 0 0.000000 0.000000 0 0.000000 0.000000 0 0.000000 0.000000 0
0 0.348586 0.307292 0.010109 0.015458 0.000000 0.000000 0 0.000000 0.000000 0 0.000000 0.000000 0 0.000000 0.000000 0 0.000000 0.000000 0 0.000000 0.000000 0 0.000000 0.000000 0 0.000000 0.000000 0 0.000000 0.000000 0 0.000000 0.000000 0 0.000000 0.000000 0 0.000000 0.000000 0 0.000000 0.000000 0 0.000000 0.000000 0 0.000000 0.000000 0 0.000000 0.000000 0 0.000000 0.000000 0