0 0.142617 0.180976 0.059984 0.235092 0.135937 0.113456 1 0.139063 0.102902 1 0.129688 0.105541 1 0.151562 0.102902 1 0.123438 0.105541 1 0.162500 0.142480 1 0.120313 0.145119 1 0.159375 0.208443 1 0.125000 0.211082 1 0.125000 0.203166 1 0.150000 0.182058 1 0.153125 0.218997 1 0.132812 0.216359 1 0.000000 0.000000 0 0.000000 0.000000 0 0.000000 0.000000 0 0.000000 0.000000 0
0 0.230070 0.192573 0.097359 0.382876 0.000000 0.000000 0 0.000000 0.000000 0 0.000000 0.000000 0 0.000000 0.000000 0 0.000000 0.000000 0 0.256250 0.005277 1 0.214062 0.023747 1 0.271875 0.094987 1 0.214062 0.110818 1 0.243750 0.158311 1 0.201563 0.166227 1 0.257812 0.168865 1 0.225000 0.174142 1 0.265625 0.284960 1 0.214062 0.284960 1 0.000000 0.000000 0 0.223438 0.393140 1
0 0.307688 0.109828 0.060688 0.219657 0.000000 0.000000 0 0.000000 0.000000 0 0.000000 0.000000 0 0.000000 0.000000 0 0.000000 0.000000 0 0.285938 0.023747 1 0.318750 0.010554 1 0.289062 0.079156 1 0.323437 0.076517 1 0.289062 0.126649 1 0.000000 0.000000 0 0.303125 0.129288 1 0.325000 0.124011 1 0.306250 0.203166 1 0.325000 0.200528 1 0.000000 0.000000 0 0.000000 0.000000 0
0 0.475437 0.197955 0.118063 0.395910 0.000000 0.000000 0 0.000000 0.000000 0 0.000000 0.000000 0 0.000000 0.000000 0 0.000000 0.000000 0 0.493750 0.005277 1 0.428125 0.018470 1 0.517188 0.105541 1 0.000000 0.000000 0 0.503125 0.192612 1 0.000000 0.000000 0 0.490625 0.179420 1 0.442188 0.176781 1 0.489063 0.319261 1 0.456250 0.319261 1 0.000000 0.000000 0 0.000000 0.000000 0
0 0.377273 0.114604 0.097141 0.229208 0.379688 0.002639 1 0.000000 0.000000 0 0.000000 0.000000 0 0.000000 0.000000 0 0.000000 0.000000 0 0.404687 0.052770 1 0.348438 0.063325 1 0.000000 0.000000 0 0.334375 0.163588 1 0.000000 0.000000 0 0.000000 0.000000 0 0.392188 0.213720 1 0.364063 0.213720 1 0.000000 0.000000 0 0.000000 0.000000 0 0.000000 0.000000 0 0.000000 0.000000 0
0 0.792117 0.106464 0.037922 0.212929 0.000000 0.000000 0 0.000000 0.000000 0 0.000000 0.000000 0 0.000000 0.000000 0 0.000000 0.000000 0 0.801562 0.002639 1 0.782813 0.002639 1 0.000000 0.000000 0 0.779687 0.036939 1 0.000000 0.000000 0 0.789062 0.068602 1 0.801562 0.063325 1 0.792188 0.063325 1 0.795312 0.116095 1 0.792188 0.129288 1 0.775000 0.158311 1 0.787500 0.197889 1
0 0.841227 0.108100 0.050922 0.216201 0.000000 0.000000 0 0.000000 0.000000 0 0.000000 0.000000 0 0.000000 0.000000 0 0.000000 0.000000 0 0.848437 0.010554 1 0.843750 0.013193 1 0.843750 0.044855 1 0.000000 0.000000 0 0.831250 0.073879 1 0.000000 0.000000 0 0.842187 0.079156 1 0.835938 0.079156 1 0.842187 0.139842 1 0.839063 0.137203 1 0.840625 0.189974 1 0.839063 0.179420 1
0 0.562117 0.139604 0.092891 0.278417 0.000000 0.000000 0 0.000000 0.000000 0 0.000000 0.000000 0 0.000000 0.000000 0 0.000000 0.000000 0 0.568750 0.002639 1 0.539062 0.000000 1 0.582812 0.039578 1 0.000000 0.000000 0 0.565625 0.084433 1 0.000000 0.000000 0 0.565625 0.102902 1 0.537500 0.102902 1 0.571875 0.176781 1 0.537500 0.171504 1 0.596875 0.229551 1 0.540625 0.248021 1
0 0.146602 0.193615 0.098953 0.387230 0.135937 0.002639 1 0.000000 0.000000 0 0.000000 0.000000 0 0.000000 0.000000 0 0.000000 0.000000 0 0.170313 0.047493 1 0.117188 0.050132 1 0.168750 0.113456 1 0.110937 0.126649 1 0.000000 0.000000 0 0.000000 0.000000 0 0.160938 0.150396 1 0.128125 0.153034 1 0.162500 0.255937 1 0.132812 0.258575 1 0.000000 0.000000 0 0.000000 0.000000 0
0 0.200375 0.217058 0.080063 0.430739 0.000000 0.000000 0 0.000000 0.000000 0 0.000000 0.000000 0 0.000000 0.000000 0 0.000000 0.000000 0 0.000000 0.000000 0 0.000000 0.000000 0 0.000000 0.000000 0 0.179688 0.079156 1 0.000000 0.000000 0 0.167187 0.058047 1 0.000000 0.000000 0 0.201563 0.168865 1 0.000000 0.000000 0 0.210938 0.279683 1 0.000000 0.000000 0 0.220312 0.387863 1
0 0.893406 0.084037 0.054438 0.168074 0.000000 0.000000 0 0.000000 0.000000 0 0.000000 0.000000 0 0.000000 0.000000 0 0.000000 0.000000 0 0.000000 0.000000 0 0.909375 0.002639 1 0.000000 0.000000 0 0.917188 0.036939 1 0.000000 0.000000 0 0.914062 0.055409 1 0.892188 0.071240 1 0.900000 0.071240 1 0.892188 0.116095 1 0.904687 0.116095 1 0.889062 0.142480 1 0.896875 0.155673 1
0 0.118219 0.024987 0.029063 0.040317 0.000000 0.000000 0 0.000000 0.000000 0 0.000000 0.000000 0 0.000000 0.000000 0 0.000000 0.000000 0 0.000000 0.000000 0 0.000000 0.000000 0 0.000000 0.000000 0 0.000000 0.000000 0 0.000000 0.000000 0 0.000000 0.000000 0 0.000000 0.000000 0 0.000000 0.000000 0 0.000000 0.000000 0 0.000000 0.000000 0 0.000000 0.000000 0 0.000000 0.000000 0
0 0.016039 0.314314 0.032078 0.469683 0.000000 0.000000 0 0.000000 0.000000 0 0.000000 0.000000 0 0.000000 0.000000 0 0.000000 0.000000 0 0.000000 0.000000 0 0.000000 0.000000 0 0.000000 0.000000 0 0.020313 0.160950 1 0.000000 0.000000 0 0.000000 0.000000 0 0.000000 0.000000 0 0.003125 0.263852 1 0.000000 0.000000 0 0.010937 0.379947 1 0.000000 0.000000 0 0.015625 0.498681 1