0 0.090914 0.599873 0.180797 0.649332 0.106250 0.361751 1 0.115625 0.345622 1 0.090625 0.341014 1 0.000000 0.000000 0 0.056250 0.354839 1 0.131250 0.440092 1 0.043750 0.444700 1 0.173437 0.562212 1 0.039062 0.587558 1 0.000000 0.000000 0 0.129688 0.626728 1 0.135937 0.603687 1 0.095312 0.601382 1 0.000000 0.000000 0 0.153125 0.675115 1 0.000000 0.000000 0 0.114062 0.912442 1
0 0.272773 0.577523 0.176766 0.844954 0.317188 0.264977 1 0.325000 0.248848 1 0.296875 0.248848 1 0.000000 0.000000 0 0.256250 0.269585 1 0.348438 0.412442 1 0.215625 0.426267 1 0.000000 0.000000 0 0.210938 0.594470 1 0.000000 0.000000 0 0.214062 0.746544 1 0.348438 0.695853 1 0.264062 0.700461 1 0.343750 0.940092 1 0.270313 0.947005 1 0.000000 0.000000 0 0.000000 0.000000 0
0 0.226187 0.288191 0.043344 0.173710 0.000000 0.000000 0 0.000000 0.000000 0 0.000000 0.000000 0 0.000000 0.000000 0 0.243750 0.304147 1 0.000000 0.000000 0 0.000000 0.000000 0 0.000000 0.000000 0 0.000000 0.000000 0 0.000000 0.000000 0 0.000000 0.000000 0 0.000000 0.000000 0 0.000000 0.000000 0 0.000000 0.000000 0 0.000000 0.000000 0 0.000000 0.000000 0 0.000000 0.000000 0
0 0.722414 0.781532 0.271859 0.416659 0.000000 0.000000 0 0.000000 0.000000 0 0.000000 0.000000 0 0.701562 0.732719 1 0.828125 0.753456 1 0.635938 0.868664 1 0.809375 0.986175 1 0.000000 0.000000 0 0.000000 0.000000 0 0.000000 0.000000 0 0.000000 0.000000 0 0.000000 0.000000 0 0.000000 0.000000 0 0.000000 0.000000 0 0.000000 0.000000 0 0.000000 0.000000 0 0.000000 0.000000 0
0 0.582391 0.557938 0.252094 0.884124 0.614062 0.251152 1 0.625000 0.235023 1 0.593750 0.232719 1 0.000000 0.000000 0 0.542188 0.258065 1 0.650000 0.387097 1 0.525000 0.410138 1 0.676562 0.539171 1 0.490625 0.576037 1 0.690625 0.718894 1 0.557813 0.670507 1 0.646875 0.723502 1 0.557813 0.730415 1 0.653125 0.940092 1 0.562500 0.958525 1 0.000000 0.000000 0 0.000000 0.000000 0
0 0.809937 0.637074 0.245344 0.685392 0.812500 0.417051 1 0.818750 0.394009 1 0.790625 0.403226 1 0.000000 0.000000 0 0.743750 0.435484 1 0.000000 0.000000 0 0.712500 0.562212 1 0.000000 0.000000 0 0.834375 0.532258 1 0.000000 0.000000 0 0.873437 0.679724 1 0.892188 0.811060 1 0.818750 0.831797 1 0.000000 0.000000 0 0.000000 0.000000 0 0.000000 0.000000 0 0.000000 0.000000 0
0 0.415844 0.630046 0.199187 0.708525 0.437500 0.394009 1 0.442188 0.375576 1 0.414062 0.377880 1 0.000000 0.000000 0 0.370312 0.400922 1 0.468750 0.529954 1 0.373437 0.546083 1 0.000000 0.000000 0 0.360938 0.702765 1 0.000000 0.000000 0 0.393750 0.813364 1 0.479687 0.792627 1 0.432812 0.813364 1 0.000000 0.000000 0 0.000000 0.000000 0 0.000000 0.000000 0 0.000000 0.000000 0
0 0.976773 0.477316 0.046453 0.301544 0.000000 0.000000 0 0.000000 0.000000 0 0.000000 0.000000 0 0.000000 0.000000 0 0.993750 0.405530 1 0.000000 0.000000 0 0.987500 0.479263 1 0.000000 0.000000 0 0.000000 0.000000 0 0.000000 0.000000 0 0.000000 0.000000 0 0.000000 0.000000 0 0.989062 0.652074 1 0.000000 0.000000 0 0.000000 0.000000 0 0.000000 0.000000 0 0.000000 0.000000 0
0 0.911281 0.563007 0.177437 0.585184 0.892188 0.380184 1 0.906250 0.366359 1 0.876563 0.366359 1 0.000000 0.000000 0 0.837500 0.370968 1 0.898438 0.442396 1 0.840625 0.451613 1 0.943750 0.559908 1 0.893750 0.557604 1 0.976562 0.624424 1 0.946875 0.652074 1 0.000000 0.000000 0 0.000000 0.000000 0 0.000000 0.000000 0 0.000000 0.000000 0 0.000000 0.000000 0 0.000000 0.000000 0
0 0.653906 0.364297 0.071125 0.148041 0.000000 0.000000 0 0.681250 0.389401 1 0.000000 0.000000 0 0.000000 0.000000 0 0.000000 0.000000 0 0.000000 0.000000 0 0.000000 0.000000 0 0.000000 0.000000 0 0.000000 0.000000 0 0.000000 0.000000 0 0.000000 0.000000 0 0.000000 0.000000 0 0.000000 0.000000 0 0.000000 0.000000 0 0.000000 0.000000 0 0.000000 0.000000 0 0.000000 0.000000 0
0 0.436016 0.294677 0.041406 0.054885 0.000000 0.000000 0 0.000000 0.000000 0 0.000000 0.000000 0 0.000000 0.000000 0 0.000000 0.000000 0 0.000000 0.000000 0 0.000000 0.000000 0 0.000000 0.000000 0 0.000000 0.000000 0 0.000000 0.000000 0 0.000000 0.000000 0 0.000000 0.000000 0 0.000000 0.000000 0 0.000000 0.000000 0 0.000000 0.000000 0 0.000000 0.000000 0 0.000000 0.000000 0
0 0.454984 0.325611 0.045000 0.097212 0.000000 0.000000 0 0.000000 0.000000 0 0.000000 0.000000 0 0.000000 0.000000 0 0.000000 0.000000 0 0.000000 0.000000 0 0.000000 0.000000 0 0.000000 0.000000 0 0.000000 0.000000 0 0.000000 0.000000 0 0.000000 0.000000 0 0.000000 0.000000 0 0.000000 0.000000 0 0.000000 0.000000 0 0.000000 0.000000 0 0.000000 0.000000 0 0.000000 0.000000 0