0 0.545105 0.625480 0.183604 0.323400 0.519520 0.504000 1 0.528529 0.496000 1 0.510511 0.498000 1 0.546547 0.496000 1 0.000000 0.000000 0 0.585586 0.528000 1 0.483483 0.530000 1 0.603604 0.586000 1 0.468468 0.564000 1 0.579580 0.638000 1 0.507508 0.584000 1 0.561562 0.628000 1 0.516517 0.628000 1 0.582583 0.712000 1 0.516517 0.708000 1 0.576577 0.750000 1 0.513514 0.736000 1
0 0.350916 0.604570 0.191201 0.294620 0.342342 0.494000 1 0.351351 0.488000 1 0.330330 0.492000 1 0.000000 0.000000 0 0.309309 0.490000 1 0.375375 0.518000 1 0.285285 0.524000 1 0.396396 0.566000 1 0.279279 0.582000 1 0.411411 0.612000 1 0.285285 0.632000 1 0.378378 0.622000 1 0.318318 0.628000 1 0.372372 0.692000 1 0.312312 0.692000 1 0.375375 0.754000 1 0.342342 0.696000 1
0 0.268258 0.298870 0.131592 0.256180 0.000000 0.000000 0 0.000000 0.000000 0 0.000000 0.000000 0 0.249249 0.194000 1 0.288288 0.192000 1 0.225225 0.224000 1 0.294294 0.226000 1 0.216216 0.254000 1 0.312312 0.264000 1 0.222222 0.284000 1 0.000000 0.000000 0 0.246246 0.292000 1 0.282282 0.288000 1 0.249249 0.358000 1 0.288288 0.350000 1 0.255255 0.396000 1 0.282282 0.392000 1
0 0.093093 0.667810 0.183123 0.316860 0.000000 0.000000 0 0.000000 0.000000 0 0.000000 0.000000 0 0.054054 0.540000 1 0.099099 0.540000 1 0.033033 0.578000 1 0.123123 0.580000 1 0.006006 0.626000 1 0.156156 0.626000 1 0.045045 0.638000 1 0.000000 0.000000 0 0.060060 0.666000 1 0.117117 0.666000 1 0.069069 0.734000 1 0.129129 0.734000 1 0.072072 0.796000 1 0.144144 0.804000 1
0 0.494580 0.173240 0.051381 0.075600 0.000000 0.000000 0 0.000000 0.000000 0 0.000000 0.000000 0 0.000000 0.000000 0 0.000000 0.000000 0 0.000000 0.000000 0 0.000000 0.000000 0 0.000000 0.000000 0 0.000000 0.000000 0 0.000000 0.000000 0 0.000000 0.000000 0 0.000000 0.000000 0 0.000000 0.000000 0 0.000000 0.000000 0 0.000000 0.000000 0 0.000000 0.000000 0 0.000000 0.000000 0
0 0.464580 0.288110 0.094264 0.226460 0.447447 0.198000 1 0.000000 0.000000 0 0.000000 0.000000 0 0.465465 0.200000 1 0.000000 0.000000 0 0.444444 0.224000 1 0.000000 0.000000 0 0.420420 0.236000 1 0.000000 0.000000 0 0.000000 0.000000 0 0.000000 0.000000 0 0.456456 0.270000 1 0.489489 0.266000 1 0.465465 0.328000 1 0.489489 0.322000 1 0.468468 0.376000 1 0.495495 0.366000 1
0 0.702958 0.635930 0.166637 0.167260 0.000000 0.000000 0 0.000000 0.000000 0 0.000000 0.000000 0 0.711712 0.588000 1 0.000000 0.000000 0 0.702703 0.634000 1 0.768769 0.618000 1 0.684685 0.684000 1 0.000000 0.000000 0 0.639640 0.668000 1 0.000000 0.000000 0 0.717718 0.696000 1 0.753754 0.684000 1 0.000000 0.000000 0 0.000000 0.000000 0 0.000000 0.000000 0 0.000000 0.000000 0
0 0.649790 0.481270 0.090390 0.181620 0.000000 0.000000 0 0.000000 0.000000 0 0.000000 0.000000 0 0.000000 0.000000 0 0.000000 0.000000 0 0.624625 0.444000 1 0.669670 0.430000 1 0.609610 0.478000 1 0.690691 0.454000 1 0.000000 0.000000 0 0.000000 0.000000 0 0.636637 0.496000 1 0.669670 0.488000 1 0.621622 0.536000 1 0.663664 0.530000 1 0.606607 0.570000 1 0.705706 0.570000 1
0 0.083423 0.879010 0.166847 0.241980 0.000000 0.000000 0 0.000000 0.000000 0 0.057057 0.796000 1 0.000000 0.000000 0 0.024024 0.806000 1 0.000000 0.000000 0 0.051051 0.860000 1 0.000000 0.000000 0 0.087087 0.932000 1 0.000000 0.000000 0 0.138138 0.978000 1 0.000000 0.000000 0 0.030030 0.984000 1 0.000000 0.000000 0 0.000000 0.000000 0 0.000000 0.000000 0 0.000000 0.000000 0
0 0.157943 0.440590 0.174685 0.254940 0.000000 0.000000 0 0.000000 0.000000 0 0.000000 0.000000 0 0.000000 0.000000 0 0.147147 0.350000 1 0.093093 0.388000 1 0.174174 0.392000 1 0.096096 0.438000 1 0.201201 0.438000 1 0.000000 0.000000 0 0.225225 0.468000 1 0.132132 0.466000 1 0.186186 0.466000 1 0.138138 0.534000 1 0.204204 0.522000 1 0.000000 0.000000 0 0.000000 0.000000 0
0 0.325255 0.902130 0.171051 0.195740 0.354354 0.846000 1 0.000000 0.000000 0 0.342342 0.848000 1 0.000000 0.000000 0 0.303303 0.856000 1 0.264264 0.868000 1 0.333333 0.906000 1 0.000000 0.000000 0 0.354354 0.972000 1 0.000000 0.000000 0 0.000000 0.000000 0 0.270270 0.976000 1 0.327327 0.996000 1 0.000000 0.000000 0 0.000000 0.000000 0 0.000000 0.000000 0 0.000000 0.000000 0
0 0.944550 0.420330 0.110901 0.174620 0.000000 0.000000 0 0.000000 0.000000 0 0.000000 0.000000 0 0.942943 0.362000 1 0.000000 0.000000 0 0.936937 0.402000 1 0.000000 0.000000 0 0.909910 0.448000 1 0.000000 0.000000 0 0.000000 0.000000 0 0.000000 0.000000 0 0.957958 0.500000 1 0.000000 0.000000 0 0.000000 0.000000 0 0.000000 0.000000 0 0.000000 0.000000 0 0.000000 0.000000 0
0 0.528408 0.739150 0.308769 0.339300 0.516517 0.610000 1 0.000000 0.000000 0 0.510511 0.606000 1 0.000000 0.000000 0 0.480480 0.606000 1 0.480480 0.622000 1 0.429429 0.652000 1 0.552553 0.652000 1 0.411411 0.716000 1 0.621622 0.682000 1 0.486486 0.690000 1 0.465465 0.720000 1 0.447447 0.746000 1 0.435435 0.794000 1 0.456456 0.808000 1 0.435435 0.860000 1 0.450450 0.888000 1