0 0.545961 0.595505 0.251297 0.665188 0.467187 0.361502 1 0.471875 0.342723 1 0.456250 0.352113 1 0.500000 0.328638 1 0.000000 0.000000 0 0.537500 0.370892 1 0.454688 0.413146 1 0.582812 0.460094 1 0.432812 0.504695 1 0.571875 0.535211 1 0.000000 0.000000 0 0.557813 0.542254 1 0.493750 0.553991 1 0.610938 0.694836 1 0.000000 0.000000 0 0.650000 0.870892 1 0.000000 0.000000 0
0 0.349617 0.483333 0.295828 0.661596 0.267188 0.262911 1 0.279687 0.248826 1 0.260937 0.248826 1 0.304688 0.246479 1 0.000000 0.000000 0 0.345313 0.319249 1 0.246875 0.333333 1 0.367188 0.410798 1 0.223438 0.446009 1 0.364063 0.500000 1 0.000000 0.000000 0 0.359375 0.497653 1 0.303125 0.500000 1 0.446875 0.593897 1 0.000000 0.000000 0 0.457813 0.732394 1 0.000000 0.000000 0
0 0.167125 0.659836 0.061656 0.410141 0.173437 0.492958 1 0.178125 0.481221 1 0.168750 0.483568 1 0.189062 0.483568 1 0.162500 0.488263 1 0.198437 0.525822 1 0.143750 0.530516 1 0.000000 0.000000 0 0.137500 0.568075 1 0.000000 0.000000 0 0.156250 0.615023 1 0.190625 0.650235 1 0.168750 0.647887 1 0.192188 0.739437 1 0.164062 0.737089 1 0.190625 0.826291 1 0.167187 0.830986 1
0 0.899375 0.497758 0.201250 0.995516 0.000000 0.000000 0 0.000000 0.000000 0 0.000000 0.000000 0 0.000000 0.000000 0 0.000000 0.000000 0 0.884375 0.007042 1 0.000000 0.000000 0 0.934375 0.166667 1 0.000000 0.000000 0 0.998437 0.340376 1 0.000000 0.000000 0 0.878125 0.368545 1 0.925000 0.366197 1 0.884375 0.673709 1 0.945312 0.687793 1 0.000000 0.000000 0 0.951562 0.988263 1
0 0.024188 0.522969 0.048375 0.179977 0.000000 0.464789 1 0.006250 0.462441 1 0.000000 0.000000 0 0.014063 0.469484 1 0.000000 0.000000 0 0.017188 0.518779 1 0.000000 0.000000 0 0.039062 0.577465 1 0.000000 0.000000 0 0.034375 0.619718 1 0.000000 0.000000 0 0.007812 0.636150 1 0.000000 0.000000 0 0.000000 0.000000 0 0.000000 0.000000 0 0.000000 0.000000 0 0.000000 0.000000 0
0 0.679562 0.519906 0.063375 0.166573 0.693750 0.471831 1 0.000000 0.000000 0 0.685937 0.464789 1 0.000000 0.000000 0 0.671875 0.476526 1 0.706250 0.516432 1 0.654687 0.518779 1 0.000000 0.000000 0 0.659375 0.570423 1 0.000000 0.000000 0 0.692187 0.558685 1 0.000000 0.000000 0 0.000000 0.000000 0 0.000000 0.000000 0 0.000000 0.000000 0 0.000000 0.000000 0 0.000000 0.000000 0
0 0.761352 0.586514 0.170516 0.669648 0.804688 0.312207 1 0.000000 0.000000 0 0.798438 0.302817 1 0.000000 0.000000 0 0.000000 0.000000 0 0.842187 0.382629 1 0.756250 0.380282 1 0.000000 0.000000 0 0.726562 0.474178 1 0.825000 0.535211 1 0.754687 0.530516 1 0.000000 0.000000 0 0.000000 0.000000 0 0.000000 0.000000 0 0.689063 0.659624 1 0.000000 0.000000 0 0.701562 0.840376 1
0 0.615523 0.508099 0.068422 0.172864 0.000000 0.000000 0 0.000000 0.000000 0 0.000000 0.000000 0 0.000000 0.000000 0 0.000000 0.000000 0 0.000000 0.000000 0 0.000000 0.000000 0 0.000000 0.000000 0 0.000000 0.000000 0 0.000000 0.000000 0 0.000000 0.000000 0 0.000000 0.000000 0 0.000000 0.000000 0 0.000000 0.000000 0 0.000000 0.000000 0 0.000000 0.000000 0 0.000000 0.000000 0
0 0.406359 0.388099 0.029719 0.066197 0.000000 0.000000 0 0.000000 0.000000 0 0.000000 0.000000 0 0.000000 0.000000 0 0.000000 0.000000 0 0.000000 0.000000 0 0.000000 0.000000 0 0.000000 0.000000 0 0.000000 0.000000 0 0.000000 0.000000 0 0.000000 0.000000 0 0.000000 0.000000 0 0.000000 0.000000 0 0.000000 0.000000 0 0.000000 0.000000 0 0.000000 0.000000 0 0.000000 0.000000 0
0 0.705195 0.490552 0.019953 0.070164 0.000000 0.000000 0 0.000000 0.000000 0 0.000000 0.000000 0 0.000000 0.000000 0 0.000000 0.000000 0 0.000000 0.000000 0 0.000000 0.000000 0 0.000000 0.000000 0 0.000000 0.000000 0 0.000000 0.000000 0 0.000000 0.000000 0 0.000000 0.000000 0 0.000000 0.000000 0 0.000000 0.000000 0 0.000000 0.000000 0 0.000000 0.000000 0 0.000000 0.000000 0
0 0.418336 0.414308 0.047984 0.113498 0.000000 0.000000 0 0.000000 0.000000 0 0.000000 0.000000 0 0.000000 0.000000 0 0.000000 0.000000 0 0.000000 0.000000 0 0.000000 0.000000 0 0.000000 0.000000 0 0.000000 0.000000 0 0.000000 0.000000 0 0.000000 0.000000 0 0.000000 0.000000 0 0.000000 0.000000 0 0.000000 0.000000 0 0.000000 0.000000 0 0.000000 0.000000 0 0.000000 0.000000 0
0 0.087469 0.597136 0.091250 0.304742 0.095312 0.485915 1 0.100000 0.476526 1 0.089063 0.476526 1 0.107813 0.476526 1 0.078125 0.483568 1 0.123438 0.525822 1 0.064062 0.518779 1 0.115625 0.584507 1 0.034375 0.575117 1 0.095312 0.556338 1 0.060937 0.546948 1 0.106250 0.636150 1 0.073438 0.636150 1 0.103125 0.730047 1 0.070312 0.730047 1 0.104688 0.826291 1 0.071875 0.823944 1
0 0.090453 0.363310 0.088281 0.302160 0.064062 0.248826 1 0.068750 0.241784 1 0.064062 0.241784 1 0.085938 0.239437 1 0.000000 0.000000 0 0.110937 0.281690 1 0.057813 0.286385 1 0.125000 0.340376 1 0.048438 0.335681 1 0.110937 0.389671 1 0.062500 0.384977 1 0.100000 0.384977 1 0.071875 0.387324 1 0.100000 0.471831 1 0.064062 0.467136 1 0.000000 0.000000 0 0.070312 0.537559 1