0 0.664648 0.706196 0.063391 0.384785 0.000000 0.000000 0 0.000000 0.000000 0 0.000000 0.000000 0 0.000000 0.000000 0 0.000000 0.000000 0 0.648438 0.564593 1 0.681250 0.574163 1 0.000000 0.000000 0 0.000000 0.000000 0 0.000000 0.000000 0 0.000000 0.000000 0 0.651563 0.655502 1 0.675000 0.662679 1 0.651563 0.746411 1 0.676562 0.748804 1 0.650000 0.854067 1 0.668750 0.858852 1
0 0.619461 0.708660 0.105766 0.423062 0.617188 0.535885 1 0.000000 0.000000 0 0.610938 0.526316 1 0.000000 0.000000 0 0.000000 0.000000 0 0.576562 0.578947 1 0.617188 0.578947 1 0.000000 0.000000 0 0.000000 0.000000 0 0.000000 0.000000 0 0.000000 0.000000 0 0.585938 0.715311 1 0.617188 0.717703 1 0.000000 0.000000 0 0.000000 0.000000 0 0.000000 0.000000 0 0.000000 0.000000 0
0 0.538062 0.684234 0.090750 0.337464 0.000000 0.000000 0 0.000000 0.000000 0 0.000000 0.000000 0 0.000000 0.000000 0 0.000000 0.000000 0 0.507812 0.598086 1 0.550000 0.602871 1 0.000000 0.000000 0 0.000000 0.000000 0 0.000000 0.000000 0 0.000000 0.000000 0 0.523438 0.712919 1 0.553125 0.712919 1 0.000000 0.000000 0 0.000000 0.000000 0 0.000000 0.000000 0 0.000000 0.000000 0
0 0.462719 0.724175 0.085750 0.489019 0.490625 0.519139 1 0.000000 0.000000 0 0.485938 0.511962 1 0.000000 0.000000 0 0.000000 0.000000 0 0.451562 0.552632 1 0.470313 0.547847 1 0.000000 0.000000 0 0.468750 0.638756 1 0.000000 0.000000 0 0.000000 0.000000 0 0.445312 0.729665 1 0.465625 0.734450 1 0.000000 0.000000 0 0.471875 0.818182 1 0.000000 0.000000 0 0.465625 0.913876 1
0 0.391875 0.740443 0.082188 0.442703 0.407813 0.562201 1 0.410938 0.555024 1 0.401562 0.557416 1 0.000000 0.000000 0 0.000000 0.000000 0 0.409375 0.586124 1 0.371875 0.598086 1 0.000000 0.000000 0 0.365625 0.655502 1 0.000000 0.000000 0 0.398438 0.672249 1 0.409375 0.684211 1 0.381250 0.693780 1 0.412500 0.789474 1 0.385937 0.801435 1 0.406250 0.899522 1 0.387500 0.906699 1
0 0.327258 0.643050 0.039609 0.239833 0.334375 0.576555 1 0.337500 0.566986 1 0.332813 0.564593 1 0.000000 0.000000 0 0.000000 0.000000 0 0.326562 0.588517 1 0.304688 0.595694 1 0.000000 0.000000 0 0.301563 0.648325 1 0.000000 0.000000 0 0.314063 0.619617 1 0.331250 0.727273 1 0.318750 0.724880 1 0.000000 0.000000 0 0.000000 0.000000 0 0.000000 0.000000 0 0.000000 0.000000 0
0 0.293164 0.756005 0.091641 0.487990 0.312500 0.566986 1 0.000000 0.000000 0 0.310937 0.559809 1 0.000000 0.000000 0 0.000000 0.000000 0 0.264062 0.600478 1 0.292187 0.595694 1 0.000000 0.000000 0 0.304688 0.681818 1 0.000000 0.000000 0 0.340625 0.700957 1 0.268750 0.772727 1 0.289062 0.772727 1 0.000000 0.000000 0 0.000000 0.000000 0 0.000000 0.000000 0 0.000000 0.000000 0
0 0.161812 0.791663 0.138281 0.394139 0.000000 0.000000 0 0.000000 0.000000 0 0.000000 0.000000 0 0.000000 0.000000 0 0.000000 0.000000 0 0.131250 0.681818 1 0.184375 0.684211 1 0.000000 0.000000 0 0.000000 0.000000 0 0.000000 0.000000 0 0.000000 0.000000 0 0.129688 0.842105 1 0.173437 0.846890 1 0.000000 0.000000 0 0.000000 0.000000 0 0.000000 0.000000 0 0.000000 0.000000 0
0 0.535641 0.860108 0.066156 0.276962 0.535937 0.765550 1 0.540625 0.758373 1 0.531250 0.758373 1 0.553125 0.755981 1 0.523438 0.755981 1 0.551562 0.791866 1 0.521875 0.787081 1 0.560937 0.827751 1 0.515625 0.827751 1 0.560937 0.868421 1 0.509375 0.856459 1 0.543750 0.866029 1 0.523438 0.863636 1 0.543750 0.921053 1 0.523438 0.916268 1 0.542188 0.973684 1 0.521875 0.966507 1
0 0.051672 0.780837 0.093781 0.438325 0.028125 0.626794 1 0.028125 0.619617 1 0.000000 0.000000 0 0.048438 0.607656 1 0.000000 0.000000 0 0.076563 0.631579 1 0.035937 0.645933 1 0.073438 0.712919 1 0.000000 0.000000 0 0.045312 0.657895 1 0.000000 0.000000 0 0.071875 0.777512 1 0.043750 0.775120 1 0.071875 0.923445 1 0.039062 0.925837 1 0.000000 0.000000 0 0.000000 0.000000 0
0 0.627266 0.531555 0.019625 0.098517 0.000000 0.000000 0 0.000000 0.000000 0 0.000000 0.000000 0 0.000000 0.000000 0 0.000000 0.000000 0 0.000000 0.000000 0 0.000000 0.000000 0 0.000000 0.000000 0 0.000000 0.000000 0 0.000000 0.000000 0 0.000000 0.000000 0 0.000000 0.000000 0 0.000000 0.000000 0 0.000000 0.000000 0 0.000000 0.000000 0 0.000000 0.000000 0 0.000000 0.000000 0