0 0.534898 0.626838 0.187391 0.487088 0.546875 0.429594 1 0.553125 0.424821 1 0.000000 0.000000 0 0.565625 0.424821 1 0.000000 0.000000 0 0.595313 0.479714 1 0.550000 0.474940 1 0.575000 0.489260 1 0.498437 0.482100 1 0.543750 0.496420 1 0.459375 0.479714 1 0.568750 0.596659 1 0.539062 0.589499 1 0.567187 0.715990 1 0.512500 0.642005 1 0.610938 0.811456 1 0.000000 0.000000 0
0 0.403883 0.508305 0.042391 0.083723 0.000000 0.000000 0 0.000000 0.000000 0 0.000000 0.000000 0 0.000000 0.000000 0 0.000000 0.000000 0 0.000000 0.000000 0 0.000000 0.000000 0 0.000000 0.000000 0 0.000000 0.000000 0 0.000000 0.000000 0 0.000000 0.000000 0 0.000000 0.000000 0 0.000000 0.000000 0 0.000000 0.000000 0 0.000000 0.000000 0 0.000000 0.000000 0 0.000000 0.000000 0
0 0.848023 0.504165 0.042016 0.227757 0.860938 0.415274 1 0.000000 0.000000 0 0.862500 0.408115 1 0.000000 0.000000 0 0.000000 0.000000 0 0.859375 0.429594 1 0.837500 0.434368 1 0.865625 0.470167 1 0.839063 0.465394 1 0.000000 0.000000 0 0.000000 0.000000 0 0.853125 0.479714 1 0.848437 0.482100 1 0.854688 0.548926 1 0.840625 0.553699 1 0.000000 0.000000 0 0.000000 0.000000 0
0 0.731766 0.512554 0.096125 0.272936 0.746875 0.417661 1 0.751563 0.412888 1 0.743750 0.410501 1 0.760938 0.417661 1 0.000000 0.000000 0 0.765625 0.448687 1 0.734375 0.434368 1 0.770312 0.496420 1 0.710938 0.427208 1 0.753125 0.525060 1 0.693750 0.403341 1 0.753125 0.534606 1 0.729688 0.532220 1 0.746875 0.553699 1 0.000000 0.000000 0 0.750000 0.622912 1 0.000000 0.000000 0
0 0.521180 0.426026 0.031453 0.099212 0.000000 0.000000 0 0.000000 0.000000 0 0.000000 0.000000 0 0.000000 0.000000 0 0.000000 0.000000 0 0.000000 0.000000 0 0.000000 0.000000 0 0.000000 0.000000 0 0.000000 0.000000 0 0.000000 0.000000 0 0.000000 0.000000 0 0.000000 0.000000 0 0.000000 0.000000 0 0.000000 0.000000 0 0.000000 0.000000 0 0.000000 0.000000 0 0.000000 0.000000 0
0 0.380617 0.384714 0.050359 0.085990 0.000000 0.000000 0 0.000000 0.000000 0 0.000000 0.000000 0 0.000000 0.000000 0 0.000000 0.000000 0 0.000000 0.000000 0 0.000000 0.000000 0 0.000000 0.000000 0 0.000000 0.000000 0 0.000000 0.000000 0 0.000000 0.000000 0 0.000000 0.000000 0 0.000000 0.000000 0 0.000000 0.000000 0 0.000000 0.000000 0 0.000000 0.000000 0 0.000000 0.000000 0
0 0.310352 0.433496 0.035484 0.180692 0.000000 0.000000 0 0.000000 0.000000 0 0.000000 0.000000 0 0.000000 0.000000 0 0.000000 0.000000 0 0.000000 0.000000 0 0.000000 0.000000 0 0.000000 0.000000 0 0.000000 0.000000 0 0.000000 0.000000 0 0.000000 0.000000 0 0.000000 0.000000 0 0.000000 0.000000 0 0.000000 0.000000 0 0.000000 0.000000 0 0.000000 0.000000 0 0.000000 0.000000 0
0 0.099922 0.394403 0.043094 0.122601 0.000000 0.000000 0 0.000000 0.000000 0 0.000000 0.000000 0 0.000000 0.000000 0 0.000000 0.000000 0 0.000000 0.000000 0 0.000000 0.000000 0 0.000000 0.000000 0 0.000000 0.000000 0 0.000000 0.000000 0 0.000000 0.000000 0 0.000000 0.000000 0 0.000000 0.000000 0 0.000000 0.000000 0 0.000000 0.000000 0 0.000000 0.000000 0 0.000000 0.000000 0
0 0.248352 0.567876 0.118422 0.379761 0.275000 0.417661 1 0.279687 0.415274 1 0.270313 0.412888 1 0.287500 0.420048 1 0.000000 0.000000 0 0.293750 0.458234 1 0.264062 0.455847 1 0.275000 0.474940 1 0.235937 0.479714 1 0.248438 0.470167 1 0.193750 0.477327 1 0.281250 0.563246 1 0.264062 0.558473 1 0.275000 0.644391 1 0.000000 0.000000 0 0.271875 0.737470 1 0.000000 0.000000 0
0 0.339508 0.518675 0.074672 0.303413 0.326562 0.396181 1 0.331250 0.393795 1 0.000000 0.000000 0 0.343750 0.396181 1 0.000000 0.000000 0 0.360938 0.439141 1 0.329688 0.436754 1 0.364063 0.494033 1 0.325000 0.496420 1 0.328125 0.532220 1 0.309375 0.527446 1 0.346875 0.508353 1 0.332813 0.498807 1 0.317188 0.560859 1 0.000000 0.000000 0 0.318750 0.642005 1 0.000000 0.000000 0
0 0.966344 0.565095 0.067313 0.258783 0.975000 0.472554 1 0.979688 0.465394 1 0.970313 0.465394 1 0.992188 0.467780 1 0.000000 0.000000 0 0.000000 0.000000 0 0.967187 0.501193 1 0.000000 0.000000 0 0.942187 0.534606 1 0.990625 0.551313 1 0.918750 0.541766 1 0.995313 0.591885 1 0.976562 0.589499 1 0.990625 0.615752 1 0.959375 0.615752 1 0.996875 0.692124 1 0.964063 0.677804 1
0 0.698156 0.562864 0.128781 0.292411 0.715625 0.441527 1 0.718750 0.436754 1 0.712500 0.436754 1 0.000000 0.000000 0 0.704688 0.443914 1 0.732812 0.472554 1 0.696875 0.472554 1 0.728125 0.477327 1 0.671875 0.477327 1 0.720313 0.465394 1 0.654687 0.472554 1 0.726562 0.536993 1 0.695312 0.534606 1 0.725000 0.606205 1 0.646875 0.572792 1 0.751563 0.677804 1 0.000000 0.000000 0
0 0.507492 0.545621 0.035078 0.100310 0.000000 0.000000 0 0.000000 0.000000 0 0.000000 0.000000 0 0.000000 0.000000 0 0.000000 0.000000 0 0.000000 0.000000 0 0.000000 0.000000 0 0.000000 0.000000 0 0.000000 0.000000 0 0.000000 0.000000 0 0.000000 0.000000 0 0.000000 0.000000 0 0.000000 0.000000 0 0.000000 0.000000 0 0.000000 0.000000 0 0.000000 0.000000 0 0.000000 0.000000 0