0 0.782320 0.170635 0.056016 0.147854 0.767188 0.125000 1 0.768750 0.120833 1 0.000000 0.000000 0 0.781250 0.127083 1 0.000000 0.000000 0 0.792188 0.156250 1 0.770312 0.145833 1 0.796875 0.212500 1 0.000000 0.000000 0 0.770312 0.227083 1 0.000000 0.000000 0 0.781250 0.235417 1 0.762500 0.222917 1 0.000000 0.000000 0 0.000000 0.000000 0 0.000000 0.000000 0 0.000000 0.000000 0
0 0.271195 0.164875 0.077922 0.107167 0.287500 0.135417 1 0.293750 0.135417 1 0.000000 0.000000 0 0.306250 0.139583 1 0.000000 0.000000 0 0.306250 0.158333 1 0.276562 0.147917 1 0.000000 0.000000 0 0.257812 0.172917 1 0.000000 0.000000 0 0.248438 0.193750 1 0.289062 0.208333 1 0.264062 0.202083 1 0.000000 0.000000 0 0.000000 0.000000 0 0.000000 0.000000 0 0.000000 0.000000 0
0 0.687375 0.277646 0.119719 0.357667 0.710938 0.145833 1 0.000000 0.000000 0 0.704688 0.139583 1 0.000000 0.000000 0 0.693750 0.141667 1 0.000000 0.000000 0 0.687500 0.195833 1 0.000000 0.000000 0 0.698438 0.254167 1 0.000000 0.000000 0 0.732812 0.258333 1 0.000000 0.000000 0 0.679688 0.279167 1 0.000000 0.000000 0 0.701562 0.339583 1 0.000000 0.000000 0 0.700000 0.410417 1
0 0.453281 0.546479 0.168031 0.443708 0.457813 0.360417 1 0.459375 0.356250 1 0.451562 0.356250 1 0.000000 0.000000 0 0.431250 0.358333 1 0.460938 0.393750 1 0.423438 0.402083 1 0.485938 0.410417 1 0.442188 0.464583 1 0.509375 0.381250 1 0.485938 0.512500 1 0.465625 0.525000 1 0.437500 0.529167 1 0.000000 0.000000 0 0.448437 0.625000 1 0.000000 0.000000 0 0.431250 0.735417 1
0 0.520055 0.160396 0.043828 0.092917 0.000000 0.000000 0 0.000000 0.000000 0 0.000000 0.000000 0 0.000000 0.000000 0 0.000000 0.000000 0 0.000000 0.000000 0 0.000000 0.000000 0 0.000000 0.000000 0 0.000000 0.000000 0 0.000000 0.000000 0 0.000000 0.000000 0 0.000000 0.000000 0 0.000000 0.000000 0 0.000000 0.000000 0 0.000000 0.000000 0 0.000000 0.000000 0 0.000000 0.000000 0
0 0.504898 0.280844 0.088797 0.233479 0.509375 0.229167 1 0.000000 0.000000 0 0.000000 0.000000 0 0.000000 0.000000 0 0.000000 0.000000 0 0.531250 0.254167 1 0.496875 0.250000 1 0.535937 0.247917 1 0.473438 0.225000 1 0.520312 0.216667 1 0.465625 0.193750 1 0.507812 0.329167 1 0.473438 0.329167 1 0.000000 0.000000 0 0.000000 0.000000 0 0.000000 0.000000 0 0.000000 0.000000 0
0 0.195195 0.169250 0.041641 0.110125 0.000000 0.000000 0 0.000000 0.000000 0 0.000000 0.000000 0 0.000000 0.000000 0 0.000000 0.000000 0 0.000000 0.000000 0 0.000000 0.000000 0 0.000000 0.000000 0 0.000000 0.000000 0 0.000000 0.000000 0 0.000000 0.000000 0 0.000000 0.000000 0 0.000000 0.000000 0 0.000000 0.000000 0 0.000000 0.000000 0 0.000000 0.000000 0 0.000000 0.000000 0
0 0.417711 0.164469 0.048547 0.089396 0.000000 0.000000 0 0.000000 0.000000 0 0.000000 0.000000 0 0.000000 0.000000 0 0.000000 0.000000 0 0.000000 0.000000 0 0.000000 0.000000 0 0.000000 0.000000 0 0.000000 0.000000 0 0.000000 0.000000 0 0.000000 0.000000 0 0.000000 0.000000 0 0.000000 0.000000 0 0.000000 0.000000 0 0.000000 0.000000 0 0.000000 0.000000 0 0.000000 0.000000 0
0 0.411477 0.312563 0.136453 0.209917 0.417187 0.233333 1 0.421875 0.229167 1 0.000000 0.000000 0 0.429688 0.231250 1 0.000000 0.000000 0 0.453125 0.260417 1 0.418750 0.250000 1 0.451562 0.297917 1 0.401562 0.297917 1 0.000000 0.000000 0 0.404687 0.272917 1 0.000000 0.000000 0 0.000000 0.000000 0 0.407813 0.327083 1 0.387500 0.337500 1 0.412500 0.377083 1 0.362500 0.400000 1
0 0.229102 0.121083 0.044891 0.189667 0.000000 0.000000 0 0.000000 0.000000 0 0.000000 0.000000 0 0.000000 0.000000 0 0.000000 0.000000 0 0.223438 0.081250 1 0.235937 0.072917 1 0.223438 0.116667 1 0.000000 0.000000 0 0.198437 0.114583 1 0.000000 0.000000 0 0.228125 0.147917 1 0.242188 0.141667 1 0.223438 0.204167 1 0.000000 0.000000 0 0.000000 0.000000 0 0.000000 0.000000 0
0 0.315664 0.318896 0.070922 0.181625 0.310937 0.256250 1 0.314063 0.252083 1 0.000000 0.000000 0 0.325000 0.252083 1 0.000000 0.000000 0 0.335938 0.270833 1 0.309375 0.272917 1 0.343750 0.295833 1 0.287500 0.277083 1 0.317188 0.295833 1 0.287500 0.283333 1 0.335938 0.314583 1 0.315625 0.314583 1 0.300000 0.306250 1 0.300000 0.335417 1 0.287500 0.347917 1 0.304688 0.381250 1
0 0.367047 0.071063 0.072281 0.142125 0.356250 0.022917 1 0.362500 0.018750 1 0.354687 0.016667 1 0.373437 0.020833 1 0.000000 0.000000 0 0.382812 0.041667 1 0.351562 0.041667 1 0.392188 0.089583 1 0.337500 0.083333 1 0.385937 0.127083 1 0.343750 0.120833 1 0.373437 0.118750 1 0.351562 0.118750 1 0.000000 0.000000 0 0.000000 0.000000 0 0.000000 0.000000 0 0.000000 0.000000 0