0 0.589297 0.580594 0.201250 0.349896 0.535937 0.435417 1 0.543750 0.427083 1 0.000000 0.000000 0 0.556250 0.431250 1 0.000000 0.000000 0 0.567187 0.475000 1 0.526563 0.475000 1 0.570312 0.514583 1 0.521875 0.493750 1 0.542188 0.495833 1 0.534375 0.477083 1 0.575000 0.575000 1 0.550000 0.579167 1 0.518750 0.631250 1 0.595313 0.679167 1 0.517188 0.733333 1 0.671875 0.716667 1
0 0.786016 0.585604 0.153625 0.312000 0.792188 0.460417 1 0.807813 0.454167 1 0.000000 0.000000 0 0.818750 0.472917 1 0.000000 0.000000 0 0.804688 0.508333 1 0.795312 0.508333 1 0.807813 0.562500 1 0.787500 0.558333 1 0.762500 0.575000 1 0.754687 0.512500 1 0.820312 0.604167 1 0.806250 0.604167 1 0.762500 0.702083 1 0.764062 0.606250 1 0.835938 0.710417 1 0.800000 0.683333 1
0 0.894750 0.335677 0.071063 0.082854 0.884375 0.325000 1 0.889062 0.316667 1 0.882812 0.318750 1 0.901563 0.318750 1 0.000000 0.000000 0 0.915625 0.354167 1 0.871875 0.352083 1 0.923438 0.402083 1 0.864062 0.391667 1 0.000000 0.000000 0 0.000000 0.000000 0 0.000000 0.000000 0 0.000000 0.000000 0 0.000000 0.000000 0 0.000000 0.000000 0 0.000000 0.000000 0 0.000000 0.000000 0
0 0.826367 0.323437 0.067453 0.090208 0.825000 0.306250 1 0.831250 0.302083 1 0.823438 0.300000 1 0.842187 0.310417 1 0.000000 0.000000 0 0.850000 0.339583 1 0.807813 0.337500 1 0.837500 0.372917 1 0.793750 0.368750 1 0.825000 0.337500 1 0.000000 0.000000 0 0.000000 0.000000 0 0.000000 0.000000 0 0.000000 0.000000 0 0.000000 0.000000 0 0.000000 0.000000 0 0.000000 0.000000 0
0 0.742492 0.281396 0.070203 0.100500 0.742188 0.254167 1 0.746875 0.247917 1 0.737500 0.247917 1 0.754687 0.256250 1 0.000000 0.000000 0 0.770312 0.287500 1 0.723437 0.285417 1 0.767188 0.339583 1 0.707812 0.329167 1 0.000000 0.000000 0 0.000000 0.000000 0 0.751563 0.350000 1 0.715625 0.347917 1 0.000000 0.000000 0 0.000000 0.000000 0 0.000000 0.000000 0 0.000000 0.000000 0
0 0.669234 0.282958 0.067781 0.082417 0.000000 0.000000 0 0.000000 0.000000 0 0.000000 0.000000 0 0.000000 0.000000 0 0.000000 0.000000 0 0.000000 0.000000 0 0.000000 0.000000 0 0.000000 0.000000 0 0.000000 0.000000 0 0.000000 0.000000 0 0.000000 0.000000 0 0.000000 0.000000 0 0.000000 0.000000 0 0.000000 0.000000 0 0.000000 0.000000 0 0.000000 0.000000 0 0.000000 0.000000 0
0 0.385930 0.311885 0.075672 0.360979 0.379688 0.164583 1 0.384375 0.156250 1 0.375000 0.158333 1 0.000000 0.000000 0 0.000000 0.000000 0 0.406250 0.206250 1 0.365625 0.197917 1 0.418750 0.247917 1 0.373437 0.254167 1 0.379688 0.250000 1 0.359375 0.266667 1 0.392188 0.300000 1 0.371875 0.295833 1 0.393750 0.379167 1 0.376563 0.381250 1 0.398438 0.456250 1 0.384375 0.447917 1
0 0.957250 0.346854 0.059094 0.057958 0.000000 0.000000 0 0.000000 0.000000 0 0.000000 0.000000 0 0.000000 0.000000 0 0.000000 0.000000 0 0.000000 0.000000 0 0.000000 0.000000 0 0.000000 0.000000 0 0.000000 0.000000 0 0.000000 0.000000 0 0.000000 0.000000 0 0.000000 0.000000 0 0.000000 0.000000 0 0.000000 0.000000 0 0.000000 0.000000 0 0.000000 0.000000 0 0.000000 0.000000 0
0 0.807508 0.280979 0.068328 0.101667 0.000000 0.000000 0 0.000000 0.000000 0 0.000000 0.000000 0 0.000000 0.000000 0 0.000000 0.000000 0 0.000000 0.000000 0 0.000000 0.000000 0 0.000000 0.000000 0 0.000000 0.000000 0 0.000000 0.000000 0 0.000000 0.000000 0 0.000000 0.000000 0 0.000000 0.000000 0 0.000000 0.000000 0 0.000000 0.000000 0 0.000000 0.000000 0 0.000000 0.000000 0
0 0.905242 0.585208 0.150484 0.318500 0.867188 0.470833 1 0.871875 0.462500 1 0.000000 0.000000 0 0.885938 0.466667 1 0.000000 0.000000 0 0.896875 0.493750 1 0.879687 0.508333 1 0.935937 0.539583 1 0.889062 0.577083 1 0.920312 0.593750 1 0.846875 0.581250 1 0.943750 0.579167 1 0.926562 0.581250 1 0.895312 0.629167 1 0.882812 0.629167 1 0.910937 0.704167 1 0.926562 0.693750 1
0 0.588180 0.278938 0.069828 0.098583 0.576562 0.260417 1 0.582812 0.254167 1 0.575000 0.254167 1 0.593750 0.258333 1 0.000000 0.000000 0 0.607812 0.287500 1 0.567187 0.285417 1 0.601562 0.333333 1 0.556250 0.329167 1 0.000000 0.000000 0 0.000000 0.000000 0 0.604688 0.345833 1 0.573438 0.341667 1 0.000000 0.000000 0 0.000000 0.000000 0 0.000000 0.000000 0 0.000000 0.000000 0
0 0.506695 0.198406 0.075328 0.153271 0.503125 0.145833 1 0.507812 0.143750 1 0.500000 0.143750 1 0.518750 0.150000 1 0.000000 0.000000 0 0.531250 0.177083 1 0.489063 0.185417 1 0.520312 0.210417 1 0.473438 0.220833 1 0.490625 0.225000 1 0.481250 0.231250 1 0.521875 0.241667 1 0.492188 0.241667 1 0.512500 0.270833 1 0.467187 0.260417 1 0.000000 0.000000 0 0.000000 0.000000 0
0 0.177047 0.278240 0.096969 0.104438 0.175000 0.247917 1 0.179688 0.243750 1 0.171875 0.243750 1 0.190625 0.252083 1 0.000000 0.000000 0 0.198437 0.277083 1 0.162500 0.275000 1 0.182812 0.314583 1 0.148438 0.318750 1 0.135937 0.293750 1 0.000000 0.000000 0 0.000000 0.000000 0 0.000000 0.000000 0 0.000000 0.000000 0 0.000000 0.000000 0 0.000000 0.000000 0 0.000000 0.000000 0