0 0.248594 0.452438 0.271344 0.874167 0.295312 0.177083 1 0.321875 0.145833 1 0.273438 0.137500 1 0.357812 0.181250 1 0.234375 0.168750 1 0.356250 0.314583 1 0.193750 0.314583 1 0.376563 0.462500 1 0.134375 0.458333 1 0.409375 0.477083 1 0.195312 0.491667 1 0.345313 0.581250 1 0.229687 0.593750 1 0.000000 0.000000 0 0.160938 0.827083 1 0.000000 0.000000 0 0.000000 0.000000 0
0 0.498133 0.456385 0.061891 0.196729 0.500000 0.379167 1 0.503125 0.375000 1 0.498437 0.375000 1 0.510938 0.381250 1 0.000000 0.000000 0 0.517188 0.402083 1 0.487500 0.393750 1 0.520312 0.437500 1 0.476562 0.402083 1 0.521875 0.472917 1 0.468750 0.379167 1 0.507812 0.452083 1 0.490625 0.450000 1 0.504687 0.500000 1 0.489063 0.497917 1 0.506250 0.539583 1 0.492188 0.535417 1
0 0.914328 0.498875 0.072469 0.233708 0.907813 0.406250 1 0.910937 0.402083 1 0.000000 0.000000 0 0.920312 0.406250 1 0.000000 0.000000 0 0.934375 0.431250 1 0.906250 0.431250 1 0.943750 0.466667 1 0.000000 0.000000 0 0.931250 0.491667 1 0.000000 0.000000 0 0.921875 0.491667 1 0.904687 0.489583 1 0.923438 0.537500 1 0.901563 0.533333 1 0.923438 0.585417 1 0.901563 0.579167 1
0 0.789828 0.477354 0.048688 0.201292 0.785937 0.391667 1 0.790625 0.389583 1 0.000000 0.000000 0 0.801562 0.393750 1 0.000000 0.000000 0 0.807813 0.414583 1 0.784375 0.412500 1 0.795312 0.433333 1 0.771875 0.437500 1 0.781250 0.425000 1 0.785937 0.435417 1 0.798438 0.479167 1 0.781250 0.479167 1 0.796875 0.518750 1 0.782813 0.514583 1 0.795312 0.556250 1 0.779687 0.554167 1
0 0.870789 0.485313 0.061266 0.229792 0.859375 0.393750 1 0.862500 0.389583 1 0.000000 0.000000 0 0.873437 0.389583 1 0.000000 0.000000 0 0.889062 0.410417 1 0.859375 0.412500 1 0.903125 0.452083 1 0.000000 0.000000 0 0.000000 0.000000 0 0.000000 0.000000 0 0.878125 0.458333 1 0.860938 0.458333 1 0.879687 0.512500 1 0.859375 0.514583 1 0.884375 0.577083 1 0.862500 0.572917 1
0 0.580602 0.442844 0.027641 0.045604 0.000000 0.000000 0 0.000000 0.000000 0 0.000000 0.000000 0 0.000000 0.000000 0 0.000000 0.000000 0 0.000000 0.000000 0 0.000000 0.000000 0 0.000000 0.000000 0 0.000000 0.000000 0 0.000000 0.000000 0 0.000000 0.000000 0 0.000000 0.000000 0 0.000000 0.000000 0 0.000000 0.000000 0 0.000000 0.000000 0 0.000000 0.000000 0 0.000000 0.000000 0
0 0.971820 0.509469 0.054672 0.235813 0.973437 0.416667 1 0.975000 0.408333 1 0.000000 0.000000 0 0.985938 0.412500 1 0.971875 0.408333 1 0.990625 0.439583 1 0.968750 0.437500 1 0.000000 0.000000 0 0.000000 0.000000 0 0.000000 0.000000 0 0.000000 0.000000 0 0.984375 0.506250 1 0.962500 0.502083 1 0.984375 0.552083 1 0.960938 0.550000 1 0.985938 0.600000 1 0.959375 0.597917 1
0 0.726711 0.457823 0.047516 0.189563 0.723437 0.383333 1 0.726562 0.379167 1 0.723437 0.377083 1 0.734375 0.383333 1 0.000000 0.000000 0 0.737500 0.404167 1 0.718750 0.402083 1 0.743750 0.435417 1 0.718750 0.431250 1 0.737500 0.454167 1 0.714063 0.450000 1 0.729688 0.458333 1 0.715625 0.458333 1 0.729688 0.500000 1 0.718750 0.500000 1 0.732812 0.541667 1 0.725000 0.533333 1
0 0.831687 0.481615 0.051875 0.215104 0.820312 0.400000 1 0.823438 0.393750 1 0.817187 0.393750 1 0.829688 0.393750 1 0.000000 0.000000 0 0.842187 0.418750 1 0.817187 0.418750 1 0.848437 0.454167 1 0.000000 0.000000 0 0.846875 0.487500 1 0.000000 0.000000 0 0.835938 0.487500 1 0.818750 0.487500 1 0.834375 0.527083 1 0.820312 0.527083 1 0.834375 0.564583 1 0.820312 0.560417 1
0 0.625813 0.460354 0.040000 0.163833 0.614062 0.395833 1 0.615625 0.391667 1 0.000000 0.000000 0 0.621875 0.389583 1 0.000000 0.000000 0 0.617188 0.406250 1 0.637500 0.408333 1 0.610938 0.429167 1 0.642188 0.439583 1 0.000000 0.000000 0 0.000000 0.000000 0 0.621875 0.454167 1 0.631250 0.454167 1 0.618750 0.497917 1 0.628125 0.497917 1 0.615625 0.531250 1 0.625000 0.533333 1
0 0.596031 0.499448 0.038563 0.148104 0.000000 0.000000 0 0.587500 0.435417 1 0.000000 0.000000 0 0.593750 0.437500 1 0.000000 0.000000 0 0.587500 0.458333 1 0.607812 0.458333 1 0.582812 0.477083 1 0.609375 0.479167 1 0.581250 0.489583 1 0.610938 0.497917 1 0.590625 0.500000 1 0.606250 0.500000 1 0.589063 0.535417 1 0.604688 0.533333 1 0.587500 0.562500 1 0.612500 0.558333 1
0 0.503867 0.233292 0.028922 0.054000 0.000000 0.000000 0 0.000000 0.000000 0 0.000000 0.000000 0 0.000000 0.000000 0 0.000000 0.000000 0 0.000000 0.000000 0 0.000000 0.000000 0 0.000000 0.000000 0 0.000000 0.000000 0 0.000000 0.000000 0 0.000000 0.000000 0 0.000000 0.000000 0 0.000000 0.000000 0 0.000000 0.000000 0 0.000000 0.000000 0 0.000000 0.000000 0 0.000000 0.000000 0
0 0.426336 0.228302 0.027641 0.059104 0.000000 0.000000 0 0.000000 0.000000 0 0.000000 0.000000 0 0.000000 0.000000 0 0.000000 0.000000 0 0.000000 0.000000 0 0.000000 0.000000 0 0.000000 0.000000 0 0.000000 0.000000 0 0.000000 0.000000 0 0.000000 0.000000 0 0.000000 0.000000 0 0.000000 0.000000 0 0.000000 0.000000 0 0.000000 0.000000 0 0.000000 0.000000 0 0.000000 0.000000 0