0 0.694333 0.660961 0.252750 0.355484 0.716667 0.592187 1 0.718750 0.601562 1 0.000000 0.000000 0 0.710417 0.614062 1 0.000000 0.000000 0 0.677083 0.601562 1 0.725000 0.653125 1 0.683333 0.551562 1 0.764583 0.696875 1 0.683333 0.514062 1 0.800000 0.659375 1 0.600000 0.678125 1 0.658333 0.700000 1 0.610417 0.746875 1 0.654167 0.729688 1 0.660417 0.810937 1 0.695833 0.790625 1
0 0.165552 0.407375 0.104396 0.102906 0.139583 0.376563 1 0.147917 0.373437 1 0.137500 0.373437 1 0.162500 0.376563 1 0.000000 0.000000 0 0.177083 0.392188 1 0.120833 0.392188 1 0.187500 0.431250 1 0.129167 0.432812 1 0.172917 0.446875 1 0.156250 0.445312 1 0.175000 0.442188 1 0.127083 0.442188 1 0.204167 0.446875 1 0.141667 0.450000 1 0.000000 0.000000 0 0.000000 0.000000 0
0 0.394010 0.397750 0.086896 0.103375 0.391667 0.370312 1 0.395833 0.367188 1 0.387500 0.368750 1 0.406250 0.367188 1 0.379167 0.370312 1 0.418750 0.382812 1 0.368750 0.389062 1 0.425000 0.403125 1 0.360417 0.412500 1 0.410417 0.420312 1 0.366667 0.437500 1 0.412500 0.425000 1 0.375000 0.425000 1 0.418750 0.423438 1 0.000000 0.000000 0 0.383333 0.431250 1 0.000000 0.000000 0
0 0.493781 0.398477 0.111771 0.099828 0.477083 0.375000 1 0.481250 0.370312 1 0.470833 0.370312 1 0.000000 0.000000 0 0.458333 0.368750 1 0.502083 0.387500 1 0.450000 0.392188 1 0.520833 0.412500 1 0.443750 0.420312 1 0.512500 0.426563 1 0.489583 0.434375 1 0.518750 0.432812 1 0.475000 0.435937 1 0.552083 0.439063 1 0.485417 0.440625 1 0.000000 0.000000 0 0.000000 0.000000 0
0 0.567281 0.395031 0.081229 0.091625 0.556250 0.368750 1 0.562500 0.365625 1 0.552083 0.367188 1 0.568750 0.367188 1 0.547917 0.367188 1 0.583333 0.389062 1 0.535417 0.389062 1 0.593750 0.415625 1 0.537500 0.414062 1 0.593750 0.431250 1 0.558333 0.428125 1 0.579167 0.428125 1 0.547917 0.428125 1 0.000000 0.000000 0 0.000000 0.000000 0 0.000000 0.000000 0 0.000000 0.000000 0
0 0.646365 0.391750 0.096896 0.092344 0.643750 0.367188 1 0.647917 0.362500 1 0.637500 0.362500 1 0.658333 0.365625 1 0.631250 0.365625 1 0.672917 0.385937 1 0.616667 0.389062 1 0.683333 0.412500 1 0.610417 0.407813 1 0.668750 0.425000 1 0.631250 0.420312 1 0.660417 0.418750 1 0.633333 0.418750 1 0.000000 0.000000 0 0.000000 0.000000 0 0.000000 0.000000 0 0.000000 0.000000 0
0 0.725760 0.394203 0.081854 0.079812 0.733333 0.379688 1 0.735417 0.376563 1 0.727083 0.376563 1 0.000000 0.000000 0 0.712500 0.373437 1 0.743750 0.385937 1 0.695833 0.389062 1 0.762500 0.417187 1 0.695833 0.420312 1 0.754167 0.403125 1 0.714583 0.410938 1 0.752083 0.428125 1 0.708333 0.431250 1 0.000000 0.000000 0 0.729167 0.434375 1 0.000000 0.000000 0 0.000000 0.000000 0
0 0.804677 0.385922 0.081604 0.086406 0.789583 0.364063 1 0.795833 0.364063 1 0.789583 0.359375 1 0.812500 0.365625 1 0.000000 0.000000 0 0.831250 0.376563 1 0.779167 0.376563 1 0.839583 0.410938 1 0.770833 0.406250 1 0.827083 0.396875 1 0.785417 0.420312 1 0.820833 0.421875 1 0.789583 0.423438 1 0.000000 0.000000 0 0.000000 0.000000 0 0.000000 0.000000 0 0.000000 0.000000 0
0 0.088188 0.514555 0.098500 0.174891 0.091667 0.451562 1 0.093750 0.446875 1 0.085417 0.448437 1 0.102083 0.451562 1 0.072917 0.451562 1 0.118750 0.465625 1 0.054167 0.471875 1 0.120833 0.492188 1 0.052083 0.495312 1 0.118750 0.526563 1 0.050000 0.525000 1 0.100000 0.518750 1 0.075000 0.518750 1 0.118750 0.521875 1 0.054167 0.532813 1 0.118750 0.576562 1 0.056250 0.579688 1
0 0.040354 0.337055 0.076583 0.091641 0.039583 0.320312 1 0.041667 0.318750 1 0.029167 0.318750 1 0.000000 0.000000 0 0.022917 0.320312 1 0.056250 0.337500 1 0.006250 0.335938 1 0.066667 0.357812 1 0.000000 0.000000 0 0.056250 0.334375 1 0.016667 0.367188 1 0.052083 0.382812 1 0.016667 0.384375 1 0.000000 0.000000 0 0.000000 0.000000 0 0.000000 0.000000 0 0.000000 0.000000 0
0 0.741906 0.326805 0.067688 0.105047 0.741667 0.293750 1 0.745833 0.290625 1 0.735417 0.290625 1 0.000000 0.000000 0 0.727083 0.290625 1 0.764583 0.310937 1 0.718750 0.314063 1 0.777083 0.340625 1 0.725000 0.342187 1 0.768750 0.354687 1 0.750000 0.353125 1 0.772917 0.356250 1 0.733333 0.356250 1 0.000000 0.000000 0 0.756250 0.365625 1 0.000000 0.000000 0 0.777083 0.393750 1
0 0.164229 0.271961 0.092750 0.127547 0.164583 0.231250 1 0.168750 0.228125 1 0.156250 0.228125 1 0.175000 0.228125 1 0.147917 0.228125 1 0.191667 0.246875 1 0.129167 0.248438 1 0.204167 0.281250 1 0.125000 0.282813 1 0.189583 0.257812 1 0.160417 0.257812 1 0.183333 0.289062 1 0.143750 0.290625 1 0.160417 0.289062 1 0.000000 0.000000 0 0.141667 0.331250 1 0.000000 0.000000 0
0 0.253448 0.263539 0.086687 0.123953 0.252083 0.223438 1 0.256250 0.220312 1 0.245833 0.220312 1 0.264583 0.218750 1 0.237500 0.221875 1 0.279167 0.237500 1 0.225000 0.242188 1 0.283333 0.276562 1 0.225000 0.270313 1 0.270833 0.284375 1 0.237500 0.292187 1 0.266667 0.284375 1 0.239583 0.284375 1 0.262500 0.301563 1 0.235417 0.301563 1 0.000000 0.000000 0 0.000000 0.000000 0