0 0.481320 0.231875 0.013797 0.041797 0.000000 0.000000 0 0.000000 0.000000 0 0.000000 0.000000 0 0.000000 0.000000 0 0.000000 0.000000 0 0.000000 0.000000 0 0.000000 0.000000 0 0.000000 0.000000 0 0.000000 0.000000 0 0.000000 0.000000 0 0.000000 0.000000 0 0.000000 0.000000 0 0.000000 0.000000 0 0.000000 0.000000 0 0.000000 0.000000 0 0.000000 0.000000 0 0.000000 0.000000 0
0 0.645367 0.451924 0.384391 0.467246 0.623437 0.373047 1 0.643750 0.351562 1 0.596875 0.355469 1 0.676562 0.345703 1 0.568750 0.355469 1 0.703125 0.433594 1 0.531250 0.472656 1 0.764062 0.492188 1 0.514062 0.582031 1 0.790625 0.521484 1 0.489063 0.623047 1 0.704688 0.738281 1 0.592187 0.755859 1 0.000000 0.000000 0 0.000000 0.000000 0 0.000000 0.000000 0 0.000000 0.000000 0
0 0.072969 0.308564 0.109906 0.200449 0.040625 0.222656 1 0.042188 0.218750 1 0.000000 0.000000 0 0.051562 0.220703 1 0.000000 0.000000 0 0.070312 0.234375 1 0.035937 0.240234 1 0.093750 0.238281 1 0.026562 0.277344 1 0.114062 0.226562 1 0.034375 0.261719 1 0.068750 0.302734 1 0.045312 0.300781 1 0.067187 0.347656 1 0.040625 0.347656 1 0.062500 0.394531 1 0.031250 0.392578 1
0 0.247773 0.274268 0.040422 0.144121 0.259375 0.218750 1 0.000000 0.000000 0 0.254688 0.212891 1 0.000000 0.000000 0 0.248438 0.212891 1 0.240625 0.234375 1 0.246875 0.234375 1 0.000000 0.000000 0 0.248438 0.265625 1 0.000000 0.000000 0 0.251563 0.292969 1 0.242188 0.285156 1 0.248438 0.285156 1 0.243750 0.330078 1 0.248438 0.332031 1 0.000000 0.000000 0 0.000000 0.000000 0
0 0.430258 0.284355 0.029891 0.120000 0.000000 0.000000 0 0.000000 0.000000 0 0.000000 0.000000 0 0.000000 0.000000 0 0.000000 0.000000 0 0.000000 0.000000 0 0.000000 0.000000 0 0.000000 0.000000 0 0.000000 0.000000 0 0.000000 0.000000 0 0.000000 0.000000 0 0.000000 0.000000 0 0.000000 0.000000 0 0.000000 0.000000 0 0.000000 0.000000 0 0.000000 0.000000 0 0.000000 0.000000 0
0 0.890008 0.382520 0.077641 0.171953 0.879687 0.326172 1 0.887500 0.322266 1 0.878125 0.322266 1 0.896875 0.322266 1 0.000000 0.000000 0 0.898438 0.339844 1 0.879687 0.339844 1 0.910937 0.363281 1 0.868750 0.365234 1 0.918750 0.341797 1 0.860938 0.380859 1 0.892188 0.388672 1 0.879687 0.388672 1 0.887500 0.421875 1 0.876563 0.419922 1 0.878125 0.449219 1 0.893750 0.439453 1
0 0.777734 0.387256 0.063812 0.132246 0.000000 0.000000 0 0.000000 0.000000 0 0.000000 0.000000 0 0.762500 0.355469 1 0.000000 0.000000 0 0.770312 0.376953 1 0.782813 0.365234 1 0.770312 0.412109 1 0.000000 0.000000 0 0.000000 0.000000 0 0.000000 0.000000 0 0.782813 0.441406 1 0.798438 0.431641 1 0.000000 0.000000 0 0.000000 0.000000 0 0.000000 0.000000 0 0.000000 0.000000 0
0 0.531984 0.276777 0.033531 0.090898 0.000000 0.000000 0 0.000000 0.000000 0 0.000000 0.000000 0 0.000000 0.000000 0 0.000000 0.000000 0 0.000000 0.000000 0 0.000000 0.000000 0 0.000000 0.000000 0 0.000000 0.000000 0 0.000000 0.000000 0 0.000000 0.000000 0 0.000000 0.000000 0 0.000000 0.000000 0 0.000000 0.000000 0 0.000000 0.000000 0 0.000000 0.000000 0 0.000000 0.000000 0
0 0.281977 0.574326 0.423422 0.824316 0.348438 0.302734 1 0.367188 0.275391 1 0.317188 0.271484 1 0.000000 0.000000 0 0.268750 0.283203 1 0.434375 0.470703 1 0.181250 0.406250 1 0.481250 0.611328 1 0.107813 0.650391 1 0.398438 0.746094 1 0.257812 0.796875 1 0.329688 0.757812 1 0.139063 0.724609 1 0.412500 0.988281 1 0.159375 0.820312 1 0.251563 0.886719 1 0.135937 0.945312 1
0 0.721984 0.305439 0.021250 0.021973 0.000000 0.000000 0 0.000000 0.000000 0 0.000000 0.000000 0 0.000000 0.000000 0 0.000000 0.000000 0 0.000000 0.000000 0 0.000000 0.000000 0 0.000000 0.000000 0 0.000000 0.000000 0 0.000000 0.000000 0 0.000000 0.000000 0 0.000000 0.000000 0 0.000000 0.000000 0 0.000000 0.000000 0 0.000000 0.000000 0 0.000000 0.000000 0 0.000000 0.000000 0
0 0.743617 0.395166 0.052203 0.110449 0.000000 0.000000 0 0.000000 0.000000 0 0.000000 0.000000 0 0.734375 0.369141 1 0.000000 0.000000 0 0.732812 0.388672 1 0.760938 0.378906 1 0.000000 0.000000 0 0.000000 0.000000 0 0.000000 0.000000 0 0.000000 0.000000 0 0.740625 0.437500 1 0.757812 0.435547 1 0.000000 0.000000 0 0.000000 0.000000 0 0.000000 0.000000 0 0.000000 0.000000 0
0 0.718742 0.266133 0.017547 0.063398 0.000000 0.000000 0 0.000000 0.000000 0 0.000000 0.000000 0 0.000000 0.000000 0 0.000000 0.000000 0 0.000000 0.000000 0 0.000000 0.000000 0 0.000000 0.000000 0 0.000000 0.000000 0 0.000000 0.000000 0 0.000000 0.000000 0 0.000000 0.000000 0 0.000000 0.000000 0 0.000000 0.000000 0 0.000000 0.000000 0 0.000000 0.000000 0 0.000000 0.000000 0
0 0.831023 0.312520 0.025641 0.067734 0.000000 0.000000 0 0.000000 0.000000 0 0.000000 0.000000 0 0.000000 0.000000 0 0.000000 0.000000 0 0.000000 0.000000 0 0.000000 0.000000 0 0.000000 0.000000 0 0.000000 0.000000 0 0.000000 0.000000 0 0.000000 0.000000 0 0.000000 0.000000 0 0.000000 0.000000 0 0.000000 0.000000 0 0.000000 0.000000 0 0.000000 0.000000 0 0.000000 0.000000 0