0 0.560289 0.568645 0.279766 0.841168 0.000000 0.000000 0 0.000000 0.000000 0 0.000000 0.000000 0 0.000000 0.000000 0 0.560937 0.238318 1 0.503125 0.317757 1 0.596875 0.301402 1 0.478125 0.462617 1 0.664062 0.420561 1 0.451562 0.537383 1 0.673438 0.528037 1 0.575000 0.586449 1 0.632812 0.565421 1 0.548438 0.773364 1 0.629687 0.738318 1 0.543750 0.964953 1 0.662500 0.908879 1
0 0.352836 0.304661 0.036484 0.141893 0.000000 0.000000 0 0.000000 0.000000 0 0.000000 0.000000 0 0.000000 0.000000 0 0.000000 0.000000 0 0.000000 0.000000 0 0.000000 0.000000 0 0.000000 0.000000 0 0.000000 0.000000 0 0.000000 0.000000 0 0.000000 0.000000 0 0.000000 0.000000 0 0.000000 0.000000 0 0.000000 0.000000 0 0.000000 0.000000 0 0.000000 0.000000 0 0.000000 0.000000 0
0 0.302234 0.433692 0.108563 0.447991 0.000000 0.000000 0 0.000000 0.000000 0 0.000000 0.000000 0 0.298438 0.252336 1 0.321875 0.247664 1 0.292187 0.294393 1 0.343750 0.292056 1 0.270313 0.350467 1 0.000000 0.000000 0 0.251563 0.373832 1 0.000000 0.000000 0 0.314063 0.418224 1 0.346875 0.418224 1 0.301563 0.521028 1 0.331250 0.525701 1 0.295312 0.623832 1 0.339062 0.621495 1
0 0.233023 0.398762 0.117047 0.384206 0.000000 0.000000 0 0.000000 0.000000 0 0.000000 0.000000 0 0.228125 0.235981 1 0.000000 0.000000 0 0.218750 0.266355 1 0.271875 0.264019 1 0.200000 0.324766 1 0.000000 0.000000 0 0.184375 0.343458 1 0.000000 0.000000 0 0.248438 0.373832 1 0.275000 0.369159 1 0.226562 0.474299 1 0.270313 0.462617 1 0.214062 0.567757 1 0.270313 0.560748 1
0 0.151156 0.366332 0.060000 0.225047 0.000000 0.000000 0 0.000000 0.000000 0 0.000000 0.000000 0 0.142187 0.271028 1 0.000000 0.000000 0 0.140625 0.289720 1 0.167187 0.287383 1 0.128125 0.317757 1 0.175000 0.324766 1 0.120313 0.345794 1 0.000000 0.000000 0 0.145313 0.357477 1 0.168750 0.355140 1 0.145313 0.411215 1 0.164062 0.411215 1 0.146875 0.453271 1 0.167187 0.453271 1
0 0.906945 0.465175 0.169828 0.710117 0.000000 0.000000 0 0.000000 0.000000 0 0.000000 0.000000 0 0.896875 0.186916 1 0.000000 0.000000 0 0.900000 0.242991 1 0.959375 0.231308 1 0.831250 0.296729 1 0.000000 0.000000 0 0.803125 0.250000 1 0.000000 0.000000 0 0.923438 0.462617 1 0.962500 0.457944 1 0.898438 0.605140 1 0.931250 0.598131 1 0.903125 0.761682 1 0.951562 0.750000 1
0 0.455266 0.251659 0.023937 0.045047 0.000000 0.000000 0 0.000000 0.000000 0 0.000000 0.000000 0 0.000000 0.000000 0 0.000000 0.000000 0 0.000000 0.000000 0 0.000000 0.000000 0 0.000000 0.000000 0 0.000000 0.000000 0 0.000000 0.000000 0 0.000000 0.000000 0 0.000000 0.000000 0 0.000000 0.000000 0 0.000000 0.000000 0 0.000000 0.000000 0 0.000000 0.000000 0 0.000000 0.000000 0
0 0.765391 0.352091 0.076844 0.214977 0.000000 0.000000 0 0.000000 0.000000 0 0.000000 0.000000 0 0.762500 0.261682 1 0.000000 0.000000 0 0.764062 0.280374 1 0.781250 0.275701 1 0.746875 0.310748 1 0.000000 0.000000 0 0.735938 0.303738 1 0.000000 0.000000 0 0.782813 0.334112 1 0.795312 0.331776 1 0.775000 0.385514 1 0.782813 0.385514 1 0.778125 0.441589 1 0.792188 0.441589 1
0 0.453172 0.486472 0.147906 0.585888 0.000000 0.000000 0 0.000000 0.000000 0 0.000000 0.000000 0 0.401562 0.268692 1 0.000000 0.000000 0 0.404687 0.322430 1 0.459375 0.301402 1 0.417187 0.394860 1 0.000000 0.000000 0 0.434375 0.453271 1 0.000000 0.000000 0 0.431250 0.478972 1 0.465625 0.474299 1 0.398438 0.605140 1 0.464062 0.612150 1 0.412500 0.738318 1 0.509375 0.733645 1
0 0.222687 0.349860 0.023969 0.220421 0.000000 0.000000 0 0.000000 0.000000 0 0.000000 0.000000 0 0.000000 0.000000 0 0.000000 0.000000 0 0.000000 0.000000 0 0.000000 0.000000 0 0.000000 0.000000 0 0.000000 0.000000 0 0.000000 0.000000 0 0.000000 0.000000 0 0.000000 0.000000 0 0.000000 0.000000 0 0.000000 0.000000 0 0.000000 0.000000 0 0.000000 0.000000 0 0.000000 0.000000 0
0 0.200516 0.323096 0.026812 0.168995 0.000000 0.000000 0 0.000000 0.000000 0 0.000000 0.000000 0 0.000000 0.000000 0 0.000000 0.000000 0 0.000000 0.000000 0 0.000000 0.000000 0 0.000000 0.000000 0 0.000000 0.000000 0 0.000000 0.000000 0 0.000000 0.000000 0 0.000000 0.000000 0 0.000000 0.000000 0 0.000000 0.000000 0 0.000000 0.000000 0 0.000000 0.000000 0 0.000000 0.000000 0
0 0.072992 0.270093 0.039172 0.075280 0.000000 0.000000 0 0.000000 0.000000 0 0.000000 0.000000 0 0.000000 0.000000 0 0.000000 0.000000 0 0.000000 0.000000 0 0.000000 0.000000 0 0.000000 0.000000 0 0.000000 0.000000 0 0.000000 0.000000 0 0.000000 0.000000 0 0.000000 0.000000 0 0.000000 0.000000 0 0.000000 0.000000 0 0.000000 0.000000 0 0.000000 0.000000 0 0.000000 0.000000 0
0 0.665789 0.413388 0.175266 0.529159 0.000000 0.000000 0 0.000000 0.000000 0 0.000000 0.000000 0 0.656250 0.189252 1 0.000000 0.000000 0 0.651563 0.231308 1 0.703125 0.226636 1 0.606250 0.273364 1 0.000000 0.000000 0 0.590625 0.231308 1 0.000000 0.000000 0 0.679688 0.383178 1 0.712500 0.378505 1 0.675000 0.523364 1 0.707812 0.509346 1 0.673438 0.644860 1 0.735938 0.626168 1