0 0.226344 0.582468 0.302906 0.591013 0.000000 0.000000 0 0.000000 0.000000 0 0.000000 0.000000 0 0.000000 0.000000 0 0.246875 0.377637 1 0.143750 0.504219 1 0.306250 0.500000 1 0.114062 0.664557 1 0.334375 0.664557 1 0.109375 0.791139 1 0.326562 0.797468 1 0.181250 0.850211 1 0.281250 0.848101 1 0.000000 0.000000 0 0.000000 0.000000 0 0.000000 0.000000 0 0.000000 0.000000 0
0 0.207672 0.796171 0.281906 0.378376 0.000000 0.000000 0 0.000000 0.000000 0 0.000000 0.000000 0 0.000000 0.000000 0 0.270313 0.729958 1 0.118750 0.839662 1 0.257812 0.886076 1 0.000000 0.000000 0 0.000000 0.000000 0 0.000000 0.000000 0 0.000000 0.000000 0 0.000000 0.000000 0 0.000000 0.000000 0 0.000000 0.000000 0 0.000000 0.000000 0 0.000000 0.000000 0 0.000000 0.000000 0
0 0.649922 0.556181 0.231344 0.402236 0.603125 0.462025 1 0.606250 0.443038 1 0.589063 0.455696 1 0.629687 0.415612 1 0.000000 0.000000 0 0.689063 0.508439 1 0.582812 0.523207 1 0.746875 0.637131 1 0.548438 0.668776 1 0.673438 0.561181 1 0.626563 0.620253 1 0.706250 0.767932 1 0.620313 0.780591 1 0.000000 0.000000 0 0.000000 0.000000 0 0.000000 0.000000 0 0.000000 0.000000 0
0 0.563375 0.747943 0.367812 0.480907 0.000000 0.000000 0 0.000000 0.000000 0 0.000000 0.000000 0 0.567187 0.630802 1 0.659375 0.622363 1 0.500000 0.782700 1 0.715625 0.767932 1 0.446875 0.936709 1 0.000000 0.000000 0 0.000000 0.000000 0 0.000000 0.000000 0 0.000000 0.000000 0 0.000000 0.000000 0 0.000000 0.000000 0 0.000000 0.000000 0 0.000000 0.000000 0 0.000000 0.000000 0
0 0.888500 0.612943 0.223000 0.772679 0.834375 0.291139 1 0.846875 0.282700 1 0.000000 0.000000 0 0.854688 0.305907 1 0.000000 0.000000 0 0.850000 0.409283 1 0.935937 0.369198 1 0.795312 0.518987 1 0.982812 0.495781 1 0.792188 0.474684 1 0.000000 0.000000 0 0.910937 0.628692 1 0.967187 0.605485 1 0.959375 0.827004 1 0.882812 0.767932 1 0.000000 0.000000 0 0.887500 0.972574 1
0 0.614641 0.131899 0.076719 0.258397 0.000000 0.000000 0 0.000000 0.000000 0 0.000000 0.000000 0 0.612500 0.008439 1 0.626563 0.008439 1 0.606250 0.044304 1 0.640625 0.040084 1 0.600000 0.094937 1 0.000000 0.000000 0 0.593750 0.120253 1 0.000000 0.000000 0 0.617188 0.126582 1 0.639062 0.126582 1 0.600000 0.181435 1 0.635938 0.175105 1 0.596875 0.238397 1 0.643750 0.232068 1
0 0.538977 0.136234 0.069109 0.269557 0.000000 0.000000 0 0.000000 0.000000 0 0.000000 0.000000 0 0.000000 0.000000 0 0.000000 0.000000 0 0.526563 0.021097 1 0.564063 0.018987 1 0.521875 0.061181 1 0.565625 0.063291 1 0.510938 0.086498 1 0.557813 0.084388 1 0.528125 0.097046 1 0.551562 0.094937 1 0.515625 0.175105 1 0.542188 0.175105 1 0.542188 0.234177 1 0.550000 0.244726 1
0 0.268781 0.123597 0.051594 0.247194 0.285938 0.002110 1 0.000000 0.000000 0 0.000000 0.000000 0 0.000000 0.000000 0 0.270313 0.002110 1 0.287500 0.033755 1 0.264062 0.035865 1 0.000000 0.000000 0 0.256250 0.078059 1 0.000000 0.000000 0 0.276562 0.111814 1 0.285938 0.111814 1 0.262500 0.113924 1 0.287500 0.166667 1 0.271875 0.168776 1 0.278125 0.232068 1 0.265625 0.234177 1
0 0.324250 0.124082 0.068656 0.246097 0.000000 0.000000 0 0.000000 0.000000 0 0.000000 0.000000 0 0.000000 0.000000 0 0.000000 0.000000 0 0.303125 0.008439 1 0.340625 0.006329 1 0.295312 0.048523 1 0.350000 0.048523 1 0.323437 0.090717 1 0.337500 0.075949 1 0.314063 0.082278 1 0.335938 0.082278 1 0.314063 0.158228 1 0.342187 0.149789 1 0.317188 0.229958 1 0.343750 0.213080 1
0 0.205625 0.125295 0.068500 0.250591 0.000000 0.000000 0 0.000000 0.000000 0 0.000000 0.000000 0 0.000000 0.000000 0 0.000000 0.000000 0 0.220312 0.012658 1 0.185938 0.027426 1 0.234375 0.037975 1 0.182812 0.073840 1 0.234375 0.048523 1 0.193750 0.107595 1 0.221875 0.105485 1 0.200000 0.107595 1 0.214062 0.162447 1 0.203125 0.162447 1 0.210938 0.221519 1 0.203125 0.221519 1
0 0.024398 0.117511 0.047984 0.234262 0.000000 0.000000 0 0.000000 0.000000 0 0.000000 0.000000 0 0.000000 0.000000 0 0.000000 0.000000 0 0.006250 0.010549 1 0.031250 0.006329 1 0.007812 0.044304 1 0.000000 0.000000 0 0.001563 0.084388 1 0.000000 0.000000 0 0.010937 0.073840 1 0.035937 0.071730 1 0.000000 0.000000 0 0.035937 0.154008 1 0.000000 0.000000 0 0.039062 0.215190 1
0 0.410320 0.133618 0.100984 0.267236 0.000000 0.000000 0 0.000000 0.000000 0 0.000000 0.000000 0 0.000000 0.000000 0 0.000000 0.000000 0 0.393750 0.012658 1 0.439063 0.021097 1 0.376563 0.044304 1 0.450000 0.065401 1 0.345313 0.027426 1 0.435937 0.086498 1 0.404687 0.097046 1 0.426563 0.099156 1 0.400000 0.164557 1 0.414062 0.170886 1 0.418750 0.225738 1 0.414062 0.244726 1
0 0.093531 0.078122 0.067937 0.155359 0.000000 0.000000 0 0.000000 0.000000 0 0.000000 0.000000 0 0.000000 0.000000 0 0.000000 0.000000 0 0.000000 0.000000 0 0.000000 0.000000 0 0.100000 0.027426 1 0.078125 0.025316 1 0.085938 0.027426 1 0.090625 0.027426 1 0.101562 0.048523 1 0.085938 0.046414 1 0.076563 0.094937 1 0.079687 0.092827 1 0.062500 0.132911 1 0.073438 0.132911 1