0 0.867594 0.637074 0.094875 0.307860 0.000000 0.000000 0 0.000000 0.000000 0 0.000000 0.000000 0 0.840625 0.508734 1 0.864062 0.508734 1 0.825000 0.534934 1 0.867188 0.541485 1 0.000000 0.000000 0 0.887500 0.580786 1 0.878125 0.578603 1 0.906250 0.609170 1 0.832812 0.613537 1 0.859375 0.613537 1 0.837500 0.683406 1 0.862500 0.687773 1 0.840625 0.740175 1 0.868750 0.764192 1
0 0.531641 0.495502 0.093344 0.220917 0.515625 0.410480 1 0.518750 0.403930 1 0.512500 0.403930 1 0.000000 0.000000 0 0.506250 0.408297 1 0.532813 0.427948 1 0.496875 0.430131 1 0.543750 0.467249 1 0.498437 0.458515 1 0.534375 0.473799 1 0.490625 0.478166 1 0.543750 0.484716 1 0.521875 0.482533 1 0.546875 0.526201 1 0.498437 0.515284 1 0.570312 0.580786 1 0.504687 0.567686 1
0 0.109977 0.514487 0.117922 0.225349 0.132812 0.430131 1 0.135937 0.425764 1 0.129688 0.425764 1 0.000000 0.000000 0 0.120313 0.430131 1 0.137500 0.454148 1 0.104688 0.456332 1 0.137500 0.469432 1 0.084375 0.484716 1 0.148438 0.486900 1 0.078125 0.510917 1 0.117188 0.513100 1 0.093750 0.513100 1 0.139063 0.558952 1 0.085938 0.545852 1 0.137500 0.598253 1 0.062500 0.602620 1
0 0.231117 0.458712 0.101297 0.187293 0.253125 0.395197 1 0.254688 0.388646 1 0.248438 0.390830 1 0.000000 0.000000 0 0.240625 0.390830 1 0.259375 0.403930 1 0.226562 0.403930 1 0.259375 0.438865 1 0.210938 0.434498 1 0.254688 0.462882 1 0.209375 0.465066 1 0.237500 0.445415 1 0.214062 0.445415 1 0.254688 0.471616 1 0.204687 0.482533 1 0.264062 0.532751 1 0.189062 0.534934 1
0 0.766508 0.484323 0.097891 0.174891 0.765625 0.427948 1 0.768750 0.423581 1 0.762500 0.423581 1 0.773438 0.421397 1 0.000000 0.000000 0 0.787500 0.434498 1 0.750000 0.430131 1 0.793750 0.462882 1 0.743750 0.456332 1 0.792188 0.493450 1 0.745313 0.484716 1 0.784375 0.469432 1 0.757812 0.467249 1 0.795312 0.500000 1 0.742188 0.497817 1 0.809375 0.552402 1 0.734375 0.550218 1
0 0.242398 0.229323 0.058422 0.128472 0.243750 0.183406 1 0.246875 0.179039 1 0.240625 0.179039 1 0.248438 0.183406 1 0.237500 0.183406 1 0.257812 0.194323 1 0.229687 0.203057 1 0.264062 0.213974 1 0.225000 0.224891 1 0.268750 0.231441 1 0.209375 0.227074 1 0.245312 0.237991 1 0.234375 0.237991 1 0.251563 0.235808 1 0.221875 0.240175 1 0.248438 0.277293 1 0.231250 0.281659 1
0 0.131031 0.244258 0.053969 0.096157 0.000000 0.000000 0 0.000000 0.000000 0 0.000000 0.000000 0 0.000000 0.000000 0 0.000000 0.000000 0 0.000000 0.000000 0 0.000000 0.000000 0 0.000000 0.000000 0 0.000000 0.000000 0 0.000000 0.000000 0 0.000000 0.000000 0 0.000000 0.000000 0 0.000000 0.000000 0 0.000000 0.000000 0 0.000000 0.000000 0 0.000000 0.000000 0 0.000000 0.000000 0
0 0.087281 0.261670 0.044531 0.079891 0.000000 0.000000 0 0.000000 0.000000 0 0.000000 0.000000 0 0.000000 0.000000 0 0.000000 0.000000 0 0.000000 0.000000 0 0.000000 0.000000 0 0.000000 0.000000 0 0.000000 0.000000 0 0.000000 0.000000 0 0.000000 0.000000 0 0.000000 0.000000 0 0.000000 0.000000 0 0.000000 0.000000 0 0.000000 0.000000 0 0.000000 0.000000 0 0.000000 0.000000 0
0 0.368938 0.206616 0.042656 0.092969 0.000000 0.000000 0 0.000000 0.000000 0 0.000000 0.000000 0 0.000000 0.000000 0 0.000000 0.000000 0 0.000000 0.000000 0 0.000000 0.000000 0 0.000000 0.000000 0 0.000000 0.000000 0 0.000000 0.000000 0 0.000000 0.000000 0 0.000000 0.000000 0 0.000000 0.000000 0 0.000000 0.000000 0 0.000000 0.000000 0 0.000000 0.000000 0 0.000000 0.000000 0
0 0.433062 0.241376 0.038187 0.086114 0.000000 0.000000 0 0.000000 0.000000 0 0.000000 0.000000 0 0.000000 0.000000 0 0.000000 0.000000 0 0.000000 0.000000 0 0.000000 0.000000 0 0.000000 0.000000 0 0.000000 0.000000 0 0.000000 0.000000 0 0.000000 0.000000 0 0.000000 0.000000 0 0.000000 0.000000 0 0.000000 0.000000 0 0.000000 0.000000 0 0.000000 0.000000 0 0.000000 0.000000 0
0 0.052086 0.262183 0.032297 0.069825 0.000000 0.000000 0 0.000000 0.000000 0 0.000000 0.000000 0 0.000000 0.000000 0 0.000000 0.000000 0 0.000000 0.000000 0 0.000000 0.000000 0 0.000000 0.000000 0 0.000000 0.000000 0 0.000000 0.000000 0 0.000000 0.000000 0 0.000000 0.000000 0 0.000000 0.000000 0 0.000000 0.000000 0 0.000000 0.000000 0 0.000000 0.000000 0 0.000000 0.000000 0
0 0.014648 0.271594 0.028516 0.052969 0.000000 0.000000 0 0.000000 0.000000 0 0.000000 0.000000 0 0.000000 0.000000 0 0.000000 0.000000 0 0.000000 0.000000 0 0.000000 0.000000 0 0.000000 0.000000 0 0.000000 0.000000 0 0.000000 0.000000 0 0.000000 0.000000 0 0.000000 0.000000 0 0.000000 0.000000 0 0.000000 0.000000 0 0.000000 0.000000 0 0.000000 0.000000 0 0.000000 0.000000 0
0 0.392555 0.252806 0.037141 0.063821 0.000000 0.000000 0 0.000000 0.000000 0 0.000000 0.000000 0 0.000000 0.000000 0 0.000000 0.000000 0 0.000000 0.000000 0 0.000000 0.000000 0 0.000000 0.000000 0 0.000000 0.000000 0 0.000000 0.000000 0 0.000000 0.000000 0 0.000000 0.000000 0 0.000000 0.000000 0 0.000000 0.000000 0 0.000000 0.000000 0 0.000000 0.000000 0 0.000000 0.000000 0