0 0.569523 0.715888 0.052922 0.167056 0.000000 0.000000 0 0.000000 0.000000 0 0.000000 0.000000 0 0.000000 0.000000 0 0.000000 0.000000 0 0.000000 0.000000 0 0.000000 0.000000 0 0.000000 0.000000 0 0.000000 0.000000 0 0.000000 0.000000 0 0.000000 0.000000 0 0.000000 0.000000 0 0.000000 0.000000 0 0.000000 0.000000 0 0.000000 0.000000 0 0.000000 0.000000 0 0.000000 0.000000 0
0 0.439562 0.698855 0.081250 0.219486 0.000000 0.000000 0 0.000000 0.000000 0 0.000000 0.000000 0 0.000000 0.000000 0 0.445312 0.612150 1 0.420312 0.635514 1 0.448437 0.637850 1 0.404687 0.665888 1 0.456250 0.677570 1 0.415625 0.700935 1 0.462500 0.705607 1 0.426563 0.698598 1 0.445312 0.700935 1 0.420312 0.752336 1 0.460938 0.750000 1 0.414062 0.799065 1 0.473438 0.801402 1
0 0.385992 0.835432 0.140891 0.329136 0.431250 0.733645 1 0.000000 0.000000 0 0.425000 0.724299 1 0.000000 0.000000 0 0.400000 0.733645 1 0.429688 0.820093 1 0.350000 0.820093 1 0.443750 0.920561 1 0.331250 0.920561 1 0.428125 0.974299 1 0.000000 0.000000 0 0.000000 0.000000 0 0.351562 0.990654 1 0.000000 0.000000 0 0.000000 0.000000 0 0.000000 0.000000 0 0.000000 0.000000 0
0 0.410187 0.595397 0.022594 0.027757 0.000000 0.000000 0 0.000000 0.000000 0 0.000000 0.000000 0 0.000000 0.000000 0 0.000000 0.000000 0 0.000000 0.000000 0 0.000000 0.000000 0 0.000000 0.000000 0 0.000000 0.000000 0 0.000000 0.000000 0 0.000000 0.000000 0 0.000000 0.000000 0 0.000000 0.000000 0 0.000000 0.000000 0 0.000000 0.000000 0 0.000000 0.000000 0 0.000000 0.000000 0
0 0.044172 0.761624 0.060125 0.288668 0.068750 0.647196 1 0.000000 0.000000 0 0.065625 0.642523 1 0.000000 0.000000 0 0.057813 0.642523 1 0.054688 0.677570 1 0.042188 0.679907 1 0.060937 0.724299 1 0.039062 0.726636 1 0.064062 0.761682 1 0.043750 0.764019 1 0.054688 0.759346 1 0.040625 0.757009 1 0.059375 0.824766 1 0.042188 0.829439 1 0.026562 0.869159 1 0.029687 0.890187 1
0 0.079937 0.589708 0.017656 0.082173 0.000000 0.000000 0 0.000000 0.000000 0 0.000000 0.000000 0 0.000000 0.000000 0 0.000000 0.000000 0 0.000000 0.000000 0 0.000000 0.000000 0 0.000000 0.000000 0 0.000000 0.000000 0 0.000000 0.000000 0 0.000000 0.000000 0 0.000000 0.000000 0 0.000000 0.000000 0 0.000000 0.000000 0 0.000000 0.000000 0 0.000000 0.000000 0 0.000000 0.000000 0
0 0.120234 0.594988 0.024969 0.101145 0.000000 0.000000 0 0.000000 0.000000 0 0.000000 0.000000 0 0.000000 0.000000 0 0.000000 0.000000 0 0.000000 0.000000 0 0.000000 0.000000 0 0.000000 0.000000 0 0.000000 0.000000 0 0.000000 0.000000 0 0.000000 0.000000 0 0.000000 0.000000 0 0.000000 0.000000 0 0.000000 0.000000 0 0.000000 0.000000 0 0.000000 0.000000 0 0.000000 0.000000 0
0 0.608437 0.689159 0.038312 0.221028 0.000000 0.000000 0 0.000000 0.000000 0 0.000000 0.000000 0 0.592187 0.593458 1 0.610938 0.593458 1 0.596875 0.619159 1 0.617188 0.619159 1 0.600000 0.651869 1 0.623437 0.656542 1 0.598437 0.682243 1 0.000000 0.000000 0 0.604688 0.668224 1 0.617188 0.665888 1 0.609375 0.740654 1 0.600000 0.742991 1 0.617188 0.785047 1 0.609375 0.789720 1
0 0.100133 0.727371 0.050578 0.196192 0.112500 0.651869 1 0.114062 0.647196 1 0.110937 0.647196 1 0.000000 0.000000 0 0.101562 0.649533 1 0.115625 0.668224 1 0.092188 0.665888 1 0.120313 0.696262 1 0.082812 0.693925 1 0.123438 0.721963 1 0.078125 0.717290 1 0.109375 0.714953 1 0.093750 0.714953 1 0.101562 0.764019 1 0.095312 0.764019 1 0.096875 0.810748 1 0.104688 0.808411 1
0 0.457781 0.582722 0.021500 0.106332 0.000000 0.000000 0 0.000000 0.000000 0 0.000000 0.000000 0 0.000000 0.000000 0 0.000000 0.000000 0 0.000000 0.000000 0 0.000000 0.000000 0 0.000000 0.000000 0 0.000000 0.000000 0 0.000000 0.000000 0 0.000000 0.000000 0 0.000000 0.000000 0 0.000000 0.000000 0 0.000000 0.000000 0 0.000000 0.000000 0 0.000000 0.000000 0 0.000000 0.000000 0
0 0.491711 0.707582 0.047672 0.122033 0.000000 0.000000 0 0.000000 0.000000 0 0.000000 0.000000 0 0.000000 0.000000 0 0.000000 0.000000 0 0.000000 0.000000 0 0.000000 0.000000 0 0.000000 0.000000 0 0.000000 0.000000 0 0.000000 0.000000 0 0.000000 0.000000 0 0.000000 0.000000 0 0.000000 0.000000 0 0.000000 0.000000 0 0.000000 0.000000 0 0.000000 0.000000 0 0.000000 0.000000 0
0 0.714711 0.578750 0.029328 0.139229 0.000000 0.000000 0 0.000000 0.000000 0 0.000000 0.000000 0 0.000000 0.000000 0 0.000000 0.000000 0 0.000000 0.000000 0 0.000000 0.000000 0 0.000000 0.000000 0 0.000000 0.000000 0 0.000000 0.000000 0 0.000000 0.000000 0 0.000000 0.000000 0 0.000000 0.000000 0 0.000000 0.000000 0 0.000000 0.000000 0 0.000000 0.000000 0 0.000000 0.000000 0
0 0.026125 0.717804 0.043000 0.228084 0.031250 0.630841 1 0.034375 0.626168 1 0.028125 0.626168 1 0.042188 0.623832 1 0.000000 0.000000 0 0.043750 0.649533 1 0.023438 0.644860 1 0.000000 0.000000 0 0.020313 0.670561 1 0.000000 0.000000 0 0.015625 0.700935 1 0.039062 0.710280 1 0.023438 0.707944 1 0.000000 0.000000 0 0.020313 0.752336 1 0.000000 0.000000 0 0.017188 0.813084 1