0 0.522500 0.463361 0.193406 0.752810 0.000000 0.000000 0 0.000000 0.000000 0 0.000000 0.000000 0 0.512500 0.259953 1 0.551562 0.257611 1 0.514062 0.330211 1 0.554688 0.297424 1 0.490625 0.442623 1 0.557813 0.206089 1 0.468750 0.386417 1 0.582812 0.149883 1 0.553125 0.456674 1 0.581250 0.451991 1 0.487500 0.599532 1 0.570312 0.620609 1 0.460938 0.733021 1 0.584375 0.763466 1
0 0.521555 0.735070 0.094141 0.334028 0.000000 0.000000 0 0.000000 0.000000 0 0.000000 0.000000 0 0.000000 0.000000 0 0.000000 0.000000 0 0.534375 0.585480 1 0.500000 0.583138 1 0.559375 0.648712 1 0.475000 0.651054 1 0.562500 0.702576 1 0.481250 0.707260 1 0.532813 0.683841 1 0.503125 0.683841 1 0.551562 0.786885 1 0.500000 0.784543 1 0.553125 0.880562 1 0.481250 0.880562 1
0 0.318359 0.569707 0.108563 0.658993 0.329688 0.395785 1 0.000000 0.000000 0 0.321875 0.391101 1 0.000000 0.000000 0 0.312500 0.398126 1 0.326562 0.440281 1 0.306250 0.426230 1 0.348438 0.377049 1 0.309375 0.348946 1 0.351562 0.320843 1 0.315625 0.276347 1 0.320312 0.552693 1 0.298438 0.545667 1 0.314063 0.721311 1 0.303125 0.723653 1 0.287500 0.817330 1 0.275000 0.826698 1
0 0.052016 0.748103 0.082219 0.268993 0.071875 0.634660 1 0.075000 0.629977 1 0.067187 0.629977 1 0.000000 0.000000 0 0.056250 0.639344 1 0.075000 0.672131 1 0.043750 0.667447 1 0.071875 0.725995 1 0.025000 0.721311 1 0.081250 0.763466 1 0.029687 0.763466 1 0.051562 0.751756 1 0.032813 0.747073 1 0.071875 0.805621 1 0.031250 0.812646 1 0.073438 0.861827 1 0.014063 0.875878 1
0 0.698391 0.613314 0.041437 0.251920 0.692187 0.543326 1 0.000000 0.000000 0 0.000000 0.000000 0 0.000000 0.000000 0 0.000000 0.000000 0 0.704688 0.569087 1 0.684375 0.566745 1 0.706250 0.529274 1 0.681250 0.533958 1 0.704688 0.510539 1 0.684375 0.508197 1 0.700000 0.618267 1 0.689063 0.620609 1 0.703125 0.674473 1 0.698438 0.674473 1 0.703125 0.716628 1 0.712500 0.714286 1
0 0.979508 0.757541 0.040984 0.199532 0.971875 0.686183 1 0.975000 0.679157 1 0.967187 0.676815 1 0.990625 0.686183 1 0.000000 0.000000 0 0.000000 0.000000 0 0.965625 0.723653 1 0.000000 0.000000 0 0.968750 0.784543 1 0.000000 0.000000 0 0.962500 0.838407 1 0.000000 0.000000 0 0.000000 0.000000 0 0.000000 0.000000 0 0.984375 0.847775 1 0.000000 0.000000 0 0.000000 0.000000 0
0 0.719977 0.702002 0.046297 0.098571 0.000000 0.000000 0 0.000000 0.000000 0 0.000000 0.000000 0 0.000000 0.000000 0 0.000000 0.000000 0 0.000000 0.000000 0 0.000000 0.000000 0 0.000000 0.000000 0 0.000000 0.000000 0 0.000000 0.000000 0 0.000000 0.000000 0 0.000000 0.000000 0 0.000000 0.000000 0 0.000000 0.000000 0 0.000000 0.000000 0 0.000000 0.000000 0 0.000000 0.000000 0
0 0.307359 0.746932 0.099656 0.178361 0.000000 0.000000 0 0.000000 0.000000 0 0.000000 0.000000 0 0.000000 0.000000 0 0.000000 0.000000 0 0.000000 0.000000 0 0.000000 0.000000 0 0.000000 0.000000 0 0.000000 0.000000 0 0.000000 0.000000 0 0.000000 0.000000 0 0.000000 0.000000 0 0.000000 0.000000 0 0.000000 0.000000 0 0.000000 0.000000 0 0.000000 0.000000 0 0.000000 0.000000 0
0 0.525789 0.768244 0.024797 0.052834 0.000000 0.000000 0 0.000000 0.000000 0 0.000000 0.000000 0 0.000000 0.000000 0 0.000000 0.000000 0 0.000000 0.000000 0 0.000000 0.000000 0 0.000000 0.000000 0 0.000000 0.000000 0 0.000000 0.000000 0 0.000000 0.000000 0 0.000000 0.000000 0 0.000000 0.000000 0 0.000000 0.000000 0 0.000000 0.000000 0 0.000000 0.000000 0 0.000000 0.000000 0
0 0.951117 0.722307 0.034266 0.128407 0.000000 0.000000 0 0.000000 0.000000 0 0.000000 0.000000 0 0.000000 0.000000 0 0.000000 0.000000 0 0.000000 0.000000 0 0.000000 0.000000 0 0.000000 0.000000 0 0.000000 0.000000 0 0.000000 0.000000 0 0.000000 0.000000 0 0.000000 0.000000 0 0.000000 0.000000 0 0.000000 0.000000 0 0.000000 0.000000 0 0.000000 0.000000 0 0.000000 0.000000 0
0 0.658141 0.543864 0.046094 0.165574 0.000000 0.000000 0 0.000000 0.000000 0 0.000000 0.000000 0 0.000000 0.000000 0 0.000000 0.000000 0 0.000000 0.000000 0 0.000000 0.000000 0 0.000000 0.000000 0 0.000000 0.000000 0 0.000000 0.000000 0 0.000000 0.000000 0 0.000000 0.000000 0 0.000000 0.000000 0 0.000000 0.000000 0 0.000000 0.000000 0 0.000000 0.000000 0 0.000000 0.000000 0