0 0.749211 0.624979 0.141828 0.702125 0.721875 0.331250 1 0.732812 0.316667 1 0.000000 0.000000 0 0.762500 0.322917 1 0.000000 0.000000 0 0.779687 0.381250 1 0.000000 0.000000 0 0.787500 0.502083 1 0.000000 0.000000 0 0.739062 0.585417 1 0.709375 0.500000 1 0.765625 0.604167 1 0.735938 0.602083 1 0.764062 0.754167 1 0.743750 0.760417 1 0.771875 0.918750 1 0.751563 0.904167 1
0 0.471070 0.633708 0.139891 0.696625 0.000000 0.000000 0 0.000000 0.000000 0 0.000000 0.000000 0 0.000000 0.000000 0 0.482812 0.295833 1 0.421875 0.347917 1 0.467187 0.345833 1 0.000000 0.000000 0 0.475000 0.462500 1 0.000000 0.000000 0 0.528125 0.452083 1 0.439063 0.570833 1 0.468750 0.575000 1 0.435937 0.754167 1 0.467187 0.756250 1 0.432812 0.904167 1 0.457813 0.922917 1
0 0.317812 0.606969 0.156250 0.535062 0.356250 0.393750 1 0.000000 0.000000 0 0.000000 0.000000 0 0.000000 0.000000 0 0.334375 0.381250 1 0.293750 0.433333 1 0.334375 0.425000 1 0.000000 0.000000 0 0.340625 0.489583 1 0.000000 0.000000 0 0.376563 0.518750 1 0.293750 0.610417 1 0.331250 0.608333 1 0.279687 0.722917 1 0.339062 0.716667 1 0.257812 0.833333 1 0.353125 0.822917 1
0 0.219148 0.491083 0.093078 0.387125 0.000000 0.000000 0 0.000000 0.000000 0 0.000000 0.000000 0 0.000000 0.000000 0 0.000000 0.000000 0 0.195312 0.372917 1 0.243750 0.370833 1 0.187500 0.433333 1 0.260937 0.425000 1 0.178125 0.468750 1 0.000000 0.000000 0 0.204687 0.462500 1 0.237500 0.460417 1 0.206250 0.577083 1 0.226562 0.579167 1 0.207813 0.662500 1 0.234375 0.656250 1
0 0.632859 0.474167 0.072469 0.301125 0.000000 0.000000 0 0.000000 0.000000 0 0.000000 0.000000 0 0.643750 0.329167 1 0.667188 0.331250 1 0.629687 0.358333 1 0.670312 0.364583 1 0.612500 0.408333 1 0.000000 0.000000 0 0.603125 0.447917 1 0.000000 0.000000 0 0.632812 0.452083 1 0.660937 0.452083 1 0.632812 0.527083 1 0.651563 0.533333 1 0.629687 0.589583 1 0.645312 0.591667 1
0 0.951406 0.532583 0.096063 0.422458 0.000000 0.000000 0 0.000000 0.000000 0 0.000000 0.000000 0 0.000000 0.000000 0 0.962500 0.354167 1 0.914062 0.389583 1 0.976562 0.395833 1 0.903125 0.443750 1 0.987500 0.456250 1 0.000000 0.000000 0 0.993750 0.497917 1 0.915625 0.512500 1 0.956250 0.514583 1 0.923438 0.583333 1 0.945312 0.610417 1 0.926562 0.675000 1 0.934375 0.700000 1
0 0.858445 0.584854 0.089047 0.284958 0.000000 0.000000 0 0.000000 0.000000 0 0.000000 0.000000 0 0.000000 0.000000 0 0.000000 0.000000 0 0.000000 0.000000 0 0.000000 0.000000 0 0.000000 0.000000 0 0.000000 0.000000 0 0.000000 0.000000 0 0.000000 0.000000 0 0.829688 0.493750 1 0.859375 0.500000 1 0.835938 0.600000 1 0.846875 0.608333 1 0.825000 0.675000 1 0.842187 0.695833 1
0 0.280797 0.424583 0.042531 0.268208 0.259375 0.327083 1 0.260937 0.318750 1 0.000000 0.000000 0 0.275000 0.316667 1 0.000000 0.000000 0 0.285938 0.362500 1 0.000000 0.000000 0 0.275000 0.414583 1 0.000000 0.000000 0 0.265625 0.458333 1 0.000000 0.000000 0 0.000000 0.000000 0 0.000000 0.000000 0 0.000000 0.000000 0 0.000000 0.000000 0 0.000000 0.000000 0 0.000000 0.000000 0
0 0.692078 0.456354 0.059531 0.220375 0.000000 0.000000 0 0.000000 0.000000 0 0.000000 0.000000 0 0.000000 0.000000 0 0.000000 0.000000 0 0.673438 0.375000 1 0.707812 0.368750 1 0.000000 0.000000 0 0.000000 0.000000 0 0.000000 0.000000 0 0.000000 0.000000 0 0.679688 0.460417 1 0.707812 0.454167 1 0.685937 0.525000 1 0.709375 0.522917 1 0.687500 0.577083 1 0.000000 0.000000 0
0 0.990516 0.578323 0.018969 0.152104 0.000000 0.000000 0 0.000000 0.000000 0 0.000000 0.000000 0 0.000000 0.000000 0 0.000000 0.000000 0 0.000000 0.000000 0 0.000000 0.000000 0 0.000000 0.000000 0 0.000000 0.000000 0 0.000000 0.000000 0 0.000000 0.000000 0 0.000000 0.000000 0 0.000000 0.000000 0 0.000000 0.000000 0 0.000000 0.000000 0 0.000000 0.000000 0 0.000000 0.000000 0
0 0.991258 0.668542 0.017484 0.093792 0.000000 0.000000 0 0.000000 0.000000 0 0.000000 0.000000 0 0.000000 0.000000 0 0.000000 0.000000 0 0.000000 0.000000 0 0.000000 0.000000 0 0.000000 0.000000 0 0.000000 0.000000 0 0.000000 0.000000 0 0.000000 0.000000 0 0.000000 0.000000 0 0.000000 0.000000 0 0.000000 0.000000 0 0.000000 0.000000 0 0.000000 0.000000 0 0.000000 0.000000 0