0 0.439430 0.430120 0.258484 0.749713 0.457813 0.220096 1 0.471875 0.193780 1 0.440625 0.196172 1 0.000000 0.000000 0 0.409375 0.169856 1 0.493750 0.299043 1 0.379688 0.294258 1 0.515625 0.476077 1 0.392188 0.514354 1 0.529687 0.617225 1 0.492188 0.641148 1 0.462500 0.600478 1 0.381250 0.602871 1 0.000000 0.000000 0 0.000000 0.000000 0 0.000000 0.000000 0 0.000000 0.000000 0
0 0.108187 0.503804 0.119781 0.656842 0.090625 0.241627 1 0.098437 0.222488 1 0.076563 0.232057 1 0.000000 0.000000 0 0.000000 0.000000 0 0.140625 0.311005 1 0.062500 0.318182 1 0.156250 0.409091 1 0.068750 0.416268 1 0.145313 0.380383 1 0.126562 0.389952 1 0.140625 0.497608 1 0.098437 0.509569 1 0.151562 0.617225 1 0.107813 0.641148 1 0.145313 0.751196 1 0.117188 0.751196 1
0 0.164852 0.274737 0.112047 0.369378 0.143750 0.169856 1 0.148438 0.153110 1 0.135937 0.153110 1 0.159375 0.155502 1 0.118750 0.160287 1 0.185938 0.232057 1 0.096875 0.239234 1 0.201563 0.327751 1 0.103125 0.356459 1 0.179688 0.299043 1 0.150000 0.306220 1 0.175000 0.411483 1 0.123438 0.423445 1 0.000000 0.000000 0 0.000000 0.000000 0 0.000000 0.000000 0 0.000000 0.000000 0
0 0.235305 0.263242 0.078234 0.323947 0.229687 0.162679 1 0.232813 0.145933 1 0.221875 0.150718 1 0.248438 0.145933 1 0.212500 0.160287 1 0.267188 0.210526 1 0.201563 0.241627 1 0.000000 0.000000 0 0.000000 0.000000 0 0.000000 0.000000 0 0.000000 0.000000 0 0.000000 0.000000 0 0.000000 0.000000 0 0.000000 0.000000 0 0.000000 0.000000 0 0.000000 0.000000 0 0.000000 0.000000 0
0 0.293234 0.441806 0.116813 0.599354 0.276562 0.205742 1 0.284375 0.196172 1 0.270313 0.196172 1 0.304688 0.203349 1 0.000000 0.000000 0 0.325000 0.260766 1 0.259375 0.267943 1 0.348438 0.370813 1 0.245312 0.368421 1 0.314063 0.303828 1 0.289062 0.313397 1 0.309375 0.435407 1 0.276562 0.435407 1 0.321875 0.583732 1 0.275000 0.569378 1 0.325000 0.693780 1 0.282813 0.693780 1
0 0.359070 0.185108 0.085266 0.175574 0.370312 0.165072 1 0.376563 0.155502 1 0.365625 0.153110 1 0.000000 0.000000 0 0.348438 0.141148 1 0.395313 0.205742 1 0.321875 0.208134 1 0.410938 0.272727 1 0.320312 0.287081 1 0.393750 0.251196 1 0.362500 0.253589 1 0.385937 0.334928 1 0.337500 0.339713 1 0.000000 0.000000 0 0.000000 0.000000 0 0.000000 0.000000 0 0.000000 0.000000 0
0 0.550117 0.360048 0.067953 0.480766 0.542188 0.155502 1 0.548438 0.150718 1 0.537500 0.150718 1 0.556250 0.157895 1 0.000000 0.000000 0 0.570312 0.215311 1 0.517188 0.217703 1 0.576562 0.284689 1 0.000000 0.000000 0 0.560937 0.282297 1 0.540625 0.267943 1 0.560937 0.344498 1 0.529687 0.344498 1 0.559375 0.466507 1 0.532813 0.461722 1 0.554688 0.566986 1 0.531250 0.566986 1
0 0.638062 0.323696 0.127781 0.572990 0.643750 0.095694 1 0.650000 0.090909 1 0.637500 0.090909 1 0.660937 0.095694 1 0.625000 0.088517 1 0.676562 0.155502 1 0.603125 0.162679 1 0.676562 0.263158 1 0.584375 0.246411 1 0.621875 0.255981 1 0.598437 0.267943 1 0.651563 0.339713 1 0.606250 0.337321 1 0.651563 0.452153 1 0.610938 0.459330 1 0.660937 0.571770 1 0.625000 0.578947 1
0 0.779766 0.329833 0.121750 0.444067 0.762500 0.174641 1 0.770312 0.160287 1 0.756250 0.165072 1 0.792188 0.160287 1 0.000000 0.000000 0 0.817187 0.215311 1 0.753125 0.212919 1 0.818750 0.337321 1 0.726562 0.313397 1 0.759375 0.342105 1 0.757812 0.311005 1 0.778125 0.413876 1 0.748437 0.413876 1 0.778125 0.538278 1 0.753125 0.535885 1 0.000000 0.000000 0 0.000000 0.000000 0
0 0.331758 0.162213 0.034297 0.103038 0.000000 0.000000 0 0.000000 0.000000 0 0.000000 0.000000 0 0.000000 0.000000 0 0.000000 0.000000 0 0.000000 0.000000 0 0.000000 0.000000 0 0.000000 0.000000 0 0.000000 0.000000 0 0.000000 0.000000 0 0.000000 0.000000 0 0.000000 0.000000 0 0.000000 0.000000 0 0.000000 0.000000 0 0.000000 0.000000 0 0.000000 0.000000 0 0.000000 0.000000 0
0 0.609398 0.123648 0.039953 0.063804 0.000000 0.000000 0 0.000000 0.000000 0 0.000000 0.000000 0 0.000000 0.000000 0 0.000000 0.000000 0 0.000000 0.000000 0 0.000000 0.000000 0 0.000000 0.000000 0 0.000000 0.000000 0 0.000000 0.000000 0 0.000000 0.000000 0 0.000000 0.000000 0 0.000000 0.000000 0 0.000000 0.000000 0 0.000000 0.000000 0 0.000000 0.000000 0 0.000000 0.000000 0
0 0.029125 0.218911 0.056344 0.195670 0.040625 0.179426 1 0.040625 0.162679 1 0.028125 0.162679 1 0.000000 0.000000 0 0.006250 0.172249 1 0.042188 0.232057 1 0.000000 0.000000 0 0.060937 0.327751 1 0.000000 0.000000 0 0.000000 0.000000 0 0.000000 0.000000 0 0.025000 0.394737 1 0.000000 0.000000 0 0.000000 0.000000 0 0.000000 0.000000 0 0.000000 0.000000 0 0.000000 0.000000 0
0 0.903070 0.307189 0.158328 0.534330 0.900000 0.119617 1 0.910937 0.100478 1 0.893750 0.102871 1 0.935937 0.107656 1 0.000000 0.000000 0 0.957812 0.177033 1 0.873437 0.167464 1 0.943750 0.282297 1 0.832812 0.277512 1 0.878125 0.227273 1 0.860938 0.232057 1 0.892188 0.471292 1 0.867188 0.464115 1 0.920312 0.588517 1 0.868750 0.590909 1 0.000000 0.000000 0 0.000000 0.000000 0