0 0.815078 0.687094 0.090844 0.409395 0.804688 0.532688 1 0.809375 0.523002 1 0.800000 0.523002 1 0.000000 0.000000 0 0.000000 0.000000 0 0.834375 0.564165 1 0.785937 0.564165 1 0.854688 0.636804 1 0.778125 0.629540 1 0.000000 0.000000 0 0.775000 0.677966 1 0.821875 0.697337 1 0.790625 0.697337 1 0.812500 0.777240 1 0.787500 0.767554 1 0.814063 0.837772 1 0.795312 0.845036 1
0 0.856117 0.813838 0.108484 0.372324 0.818750 0.677966 1 0.000000 0.000000 0 0.000000 0.000000 0 0.000000 0.000000 0 0.000000 0.000000 0 0.871875 0.723971 1 0.810937 0.723971 1 0.892188 0.777240 1 0.815625 0.799031 1 0.895312 0.837772 1 0.812500 0.835351 1 0.865625 0.866828 1 0.831250 0.864407 1 0.868750 0.949153 1 0.815625 0.941889 1 0.000000 0.000000 0 0.000000 0.000000 0
0 0.052227 0.731949 0.068203 0.378717 0.000000 0.000000 0 0.000000 0.000000 0 0.000000 0.000000 0 0.000000 0.000000 0 0.000000 0.000000 0 0.056250 0.627119 1 0.000000 0.000000 0 0.062500 0.682809 1 0.000000 0.000000 0 0.062500 0.721550 1 0.000000 0.000000 0 0.048438 0.723971 1 0.000000 0.000000 0 0.051562 0.811138 1 0.000000 0.000000 0 0.064062 0.891041 1 0.000000 0.000000 0
0 0.789875 0.480145 0.062375 0.238450 0.000000 0.000000 0 0.000000 0.000000 0 0.000000 0.000000 0 0.778125 0.392252 1 0.000000 0.000000 0 0.773438 0.421308 1 0.796875 0.418886 1 0.768750 0.447942 1 0.800000 0.455206 1 0.000000 0.000000 0 0.812500 0.469734 1 0.773438 0.481840 1 0.792188 0.484262 1 0.770312 0.539952 1 0.798438 0.549637 1 0.765625 0.573850 1 0.000000 0.000000 0
0 0.796977 0.342252 0.040391 0.127167 0.000000 0.000000 0 0.000000 0.000000 0 0.000000 0.000000 0 0.000000 0.000000 0 0.000000 0.000000 0 0.000000 0.000000 0 0.000000 0.000000 0 0.000000 0.000000 0 0.000000 0.000000 0 0.000000 0.000000 0 0.000000 0.000000 0 0.000000 0.000000 0 0.000000 0.000000 0 0.000000 0.000000 0 0.000000 0.000000 0 0.000000 0.000000 0 0.000000 0.000000 0
0 0.853891 0.387615 0.045937 0.237700 0.854688 0.288136 1 0.857812 0.280872 1 0.851562 0.280872 1 0.000000 0.000000 0 0.846875 0.283293 1 0.865625 0.312349 1 0.839063 0.312349 1 0.000000 0.000000 0 0.834375 0.336562 1 0.000000 0.000000 0 0.843750 0.341404 1 0.860938 0.375303 1 0.843750 0.380145 1 0.856250 0.433414 1 0.842187 0.428571 1 0.853125 0.479419 1 0.839063 0.479419 1
0 0.699141 0.473814 0.054937 0.189128 0.000000 0.000000 0 0.000000 0.000000 0 0.000000 0.000000 0 0.000000 0.000000 0 0.703125 0.411622 1 0.682813 0.438257 1 0.707812 0.435835 1 0.678125 0.474576 1 0.720313 0.469734 1 0.000000 0.000000 0 0.000000 0.000000 0 0.690625 0.489104 1 0.707812 0.489104 1 0.000000 0.000000 0 0.000000 0.000000 0 0.000000 0.000000 0 0.000000 0.000000 0
0 0.621844 0.420424 0.092781 0.126174 0.621875 0.389831 1 0.000000 0.000000 0 0.621875 0.384988 1 0.000000 0.000000 0 0.610938 0.377724 1 0.585938 0.394673 1 0.606250 0.406780 1 0.000000 0.000000 0 0.626563 0.450363 1 0.595313 0.450363 1 0.653125 0.462470 1 0.000000 0.000000 0 0.000000 0.000000 0 0.000000 0.000000 0 0.000000 0.000000 0 0.000000 0.000000 0 0.000000 0.000000 0
0 0.310203 0.439031 0.060438 0.141211 0.303125 0.380145 1 0.303125 0.375303 1 0.295312 0.375303 1 0.310937 0.380145 1 0.000000 0.000000 0 0.325000 0.406780 1 0.285938 0.409201 1 0.000000 0.000000 0 0.293750 0.445521 1 0.000000 0.000000 0 0.310937 0.416465 1 0.318750 0.489104 1 0.300000 0.486683 1 0.000000 0.000000 0 0.000000 0.000000 0 0.000000 0.000000 0 0.000000 0.000000 0
0 0.820711 0.408729 0.049172 0.225690 0.000000 0.000000 0 0.000000 0.000000 0 0.000000 0.000000 0 0.814063 0.317191 1 0.000000 0.000000 0 0.803125 0.355932 1 0.834375 0.355932 1 0.801562 0.387409 1 0.000000 0.000000 0 0.000000 0.000000 0 0.000000 0.000000 0 0.807813 0.426150 1 0.829688 0.426150 1 0.806250 0.481840 1 0.828125 0.496368 1 0.806250 0.542373 1 0.821875 0.549637 1
0 0.863430 0.304431 0.052016 0.113172 0.000000 0.000000 0 0.000000 0.000000 0 0.000000 0.000000 0 0.000000 0.000000 0 0.000000 0.000000 0 0.000000 0.000000 0 0.000000 0.000000 0 0.000000 0.000000 0 0.000000 0.000000 0 0.000000 0.000000 0 0.000000 0.000000 0 0.000000 0.000000 0 0.000000 0.000000 0 0.000000 0.000000 0 0.000000 0.000000 0 0.000000 0.000000 0 0.000000 0.000000 0
0 0.258086 0.430496 0.063766 0.124770 0.000000 0.000000 0 0.000000 0.000000 0 0.000000 0.000000 0 0.000000 0.000000 0 0.000000 0.000000 0 0.000000 0.000000 0 0.000000 0.000000 0 0.000000 0.000000 0 0.000000 0.000000 0 0.000000 0.000000 0 0.000000 0.000000 0 0.246875 0.416465 1 0.268750 0.418886 1 0.000000 0.000000 0 0.000000 0.000000 0 0.000000 0.000000 0 0.000000 0.000000 0
0 0.400555 0.389431 0.050859 0.111889 0.000000 0.000000 0 0.000000 0.000000 0 0.000000 0.000000 0 0.000000 0.000000 0 0.000000 0.000000 0 0.000000 0.000000 0 0.000000 0.000000 0 0.000000 0.000000 0 0.000000 0.000000 0 0.000000 0.000000 0 0.000000 0.000000 0 0.000000 0.000000 0 0.000000 0.000000 0 0.000000 0.000000 0 0.000000 0.000000 0 0.000000 0.000000 0 0.000000 0.000000 0