0 0.352469 0.719719 0.203469 0.438970 0.359375 0.548009 1 0.364063 0.538642 1 0.353125 0.538642 1 0.370312 0.545667 1 0.342187 0.540984 1 0.382812 0.587822 1 0.325000 0.583138 1 0.395313 0.655738 1 0.310937 0.639344 1 0.364063 0.690867 1 0.325000 0.690867 1 0.378125 0.676815 1 0.334375 0.674473 1 0.409375 0.786885 1 0.289062 0.782201 1 0.429688 0.873536 1 0.278125 0.871194 1
0 0.693461 0.376241 0.169141 0.429953 0.751563 0.278689 1 0.756250 0.281030 1 0.753125 0.269321 1 0.762500 0.290398 1 0.750000 0.259953 1 0.748437 0.325527 1 0.740625 0.250585 1 0.714063 0.355972 1 0.728125 0.201405 1 0.698438 0.304450 1 0.714063 0.177986 1 0.726562 0.372365 1 0.703125 0.346604 1 0.725000 0.454333 1 0.675000 0.393443 1 0.720313 0.555035 1 0.639062 0.475410 1
0 0.819086 0.248864 0.107797 0.283817 0.843750 0.147541 1 0.848437 0.142857 1 0.839063 0.142857 1 0.854688 0.138173 1 0.832812 0.138173 1 0.860938 0.161593 1 0.815625 0.163934 1 0.854688 0.210773 1 0.807813 0.208431 1 0.848437 0.243560 1 0.807813 0.245902 1 0.840625 0.222482 1 0.814063 0.222482 1 0.851562 0.269321 1 0.800000 0.269321 1 0.851562 0.355972 1 0.792188 0.358314 1
0 0.928805 0.226792 0.072422 0.314379 0.934375 0.105386 1 0.937500 0.098361 1 0.932813 0.098361 1 0.945312 0.096019 1 0.926562 0.096019 1 0.953125 0.138173 1 0.910937 0.131148 1 0.951562 0.182670 1 0.904687 0.175644 1 0.939063 0.201405 1 0.920312 0.203747 1 0.942187 0.215457 1 0.918750 0.213115 1 0.943750 0.278689 1 0.915625 0.274005 1 0.939063 0.353630 1 0.907813 0.353630 1
0 0.862844 0.050375 0.088469 0.100749 0.000000 0.000000 0 0.000000 0.000000 0 0.000000 0.000000 0 0.000000 0.000000 0 0.000000 0.000000 0 0.879687 0.004684 1 0.834375 0.004684 1 0.889062 0.051522 1 0.826562 0.049180 1 0.870313 0.074941 1 0.848437 0.072600 1 0.873437 0.074941 1 0.837500 0.074941 1 0.898438 0.077283 1 0.821875 0.079625 1 0.000000 0.000000 0 0.000000 0.000000 0
0 0.787922 0.050773 0.073344 0.101546 0.000000 0.000000 0 0.000000 0.000000 0 0.000000 0.000000 0 0.000000 0.000000 0 0.000000 0.000000 0 0.815625 0.004684 1 0.768750 0.002342 1 0.815625 0.039813 1 0.757812 0.035129 1 0.807813 0.051522 1 0.784375 0.056206 1 0.800000 0.053864 1 0.778125 0.056206 1 0.803125 0.079625 1 0.785937 0.072600 1 0.000000 0.000000 0 0.000000 0.000000 0
0 0.181828 0.040539 0.084156 0.078829 0.000000 0.000000 0 0.000000 0.000000 0 0.000000 0.000000 0 0.000000 0.000000 0 0.000000 0.000000 0 0.000000 0.000000 0 0.000000 0.000000 0 0.000000 0.000000 0 0.000000 0.000000 0 0.000000 0.000000 0 0.000000 0.000000 0 0.000000 0.000000 0 0.000000 0.000000 0 0.000000 0.000000 0 0.000000 0.000000 0 0.000000 0.000000 0 0.000000 0.000000 0
0 0.055469 0.038208 0.065969 0.071920 0.000000 0.000000 0 0.000000 0.000000 0 0.000000 0.000000 0 0.000000 0.000000 0 0.000000 0.000000 0 0.000000 0.000000 0 0.000000 0.000000 0 0.000000 0.000000 0 0.000000 0.000000 0 0.000000 0.000000 0 0.000000 0.000000 0 0.000000 0.000000 0 0.000000 0.000000 0 0.000000 0.000000 0 0.000000 0.000000 0 0.000000 0.000000 0 0.000000 0.000000 0
0 0.340406 0.044778 0.085875 0.087307 0.000000 0.000000 0 0.000000 0.000000 0 0.000000 0.000000 0 0.000000 0.000000 0 0.000000 0.000000 0 0.000000 0.000000 0 0.000000 0.000000 0 0.367188 0.007026 1 0.310937 0.004684 1 0.354687 0.016393 1 0.331250 0.016393 1 0.348438 0.044496 1 0.321875 0.044496 1 0.368750 0.065574 1 0.320312 0.058548 1 0.000000 0.000000 0 0.000000 0.000000 0
0 0.481813 0.044965 0.054688 0.089930 0.000000 0.000000 0 0.000000 0.000000 0 0.000000 0.000000 0 0.000000 0.000000 0 0.000000 0.000000 0 0.000000 0.000000 0 0.000000 0.000000 0 0.000000 0.000000 0 0.000000 0.000000 0 0.000000 0.000000 0 0.000000 0.000000 0 0.000000 0.000000 0 0.000000 0.000000 0 0.000000 0.000000 0 0.000000 0.000000 0 0.000000 0.000000 0 0.000000 0.000000 0
0 0.113187 0.039766 0.050844 0.067260 0.000000 0.000000 0 0.000000 0.000000 0 0.000000 0.000000 0 0.000000 0.000000 0 0.000000 0.000000 0 0.000000 0.000000 0 0.000000 0.000000 0 0.000000 0.000000 0 0.000000 0.000000 0 0.000000 0.000000 0 0.000000 0.000000 0 0.000000 0.000000 0 0.000000 0.000000 0 0.000000 0.000000 0 0.000000 0.000000 0 0.000000 0.000000 0 0.000000 0.000000 0
0 0.412766 0.042658 0.067094 0.085082 0.000000 0.000000 0 0.000000 0.000000 0 0.000000 0.000000 0 0.000000 0.000000 0 0.000000 0.000000 0 0.000000 0.000000 0 0.000000 0.000000 0 0.434375 0.025761 1 0.387500 0.030445 1 0.432812 0.067916 1 0.401562 0.065574 1 0.417187 0.049180 1 0.398438 0.049180 1 0.426563 0.084309 1 0.403125 0.086651 1 0.000000 0.000000 0 0.000000 0.000000 0
0 0.012477 0.037201 0.024953 0.068876 0.000000 0.000000 0 0.000000 0.000000 0 0.000000 0.000000 0 0.000000 0.000000 0 0.000000 0.000000 0 0.000000 0.000000 0 0.000000 0.000000 0 0.000000 0.000000 0 0.000000 0.000000 0 0.000000 0.000000 0 0.000000 0.000000 0 0.000000 0.000000 0 0.000000 0.000000 0 0.000000 0.000000 0 0.000000 0.000000 0 0.000000 0.000000 0 0.000000 0.000000 0