0 0.460140 0.639568 0.270680 0.457589 0.440000 0.476190 1 0.000000 0.000000 0 0.434000 0.470238 1 0.000000 0.000000 0 0.408000 0.482143 1 0.442000 0.547619 1 0.386000 0.541667 1 0.482000 0.550595 1 0.352000 0.660714 1 0.528000 0.541667 1 0.356000 0.752976 1 0.402000 0.702381 1 0.368000 0.717262 1 0.460000 0.717262 1 0.468000 0.732143 1 0.376000 0.809524 1 0.396000 0.833333 1
0 0.099670 0.571905 0.190260 0.600000 0.182000 0.339286 1 0.000000 0.000000 0 0.172000 0.327381 1 0.000000 0.000000 0 0.144000 0.333333 1 0.098000 0.360119 1 0.118000 0.404762 1 0.000000 0.000000 0 0.060000 0.502976 1 0.000000 0.000000 0 0.026000 0.595238 1 0.034000 0.500000 1 0.020000 0.541667 1 0.132000 0.592262 1 0.096000 0.636905 1 0.104000 0.755952 1 0.050000 0.791667 1
0 0.675020 0.541562 0.238600 0.431458 0.704000 0.389881 1 0.714000 0.380952 1 0.702000 0.377976 1 0.734000 0.383929 1 0.694000 0.380952 1 0.750000 0.416667 1 0.678000 0.428571 1 0.766000 0.508929 1 0.658000 0.517857 1 0.728000 0.502976 1 0.684000 0.502976 1 0.724000 0.526786 1 0.676000 0.526786 1 0.774000 0.586310 1 0.648000 0.607143 1 0.758000 0.690476 1 0.588000 0.690476 1
0 0.532930 0.394048 0.041460 0.218810 0.536000 0.306548 1 0.538000 0.300595 1 0.532000 0.300595 1 0.544000 0.303571 1 0.526000 0.303571 1 0.540000 0.327381 1 0.524000 0.324405 1 0.548000 0.357143 1 0.522000 0.351190 1 0.540000 0.354167 1 0.000000 0.000000 0 0.540000 0.383929 1 0.530000 0.386905 1 0.540000 0.425595 1 0.530000 0.425595 1 0.536000 0.473214 1 0.530000 0.476190 1
0 0.354080 0.332143 0.041200 0.133571 0.000000 0.000000 0 0.000000 0.000000 0 0.000000 0.000000 0 0.000000 0.000000 0 0.000000 0.000000 0 0.000000 0.000000 0 0.000000 0.000000 0 0.000000 0.000000 0 0.000000 0.000000 0 0.000000 0.000000 0 0.000000 0.000000 0 0.000000 0.000000 0 0.000000 0.000000 0 0.000000 0.000000 0 0.000000 0.000000 0 0.000000 0.000000 0 0.000000 0.000000 0
0 0.222600 0.339479 0.057600 0.126994 0.000000 0.000000 0 0.000000 0.000000 0 0.000000 0.000000 0 0.000000 0.000000 0 0.000000 0.000000 0 0.000000 0.000000 0 0.000000 0.000000 0 0.000000 0.000000 0 0.000000 0.000000 0 0.000000 0.000000 0 0.000000 0.000000 0 0.000000 0.000000 0 0.000000 0.000000 0 0.000000 0.000000 0 0.000000 0.000000 0 0.000000 0.000000 0 0.000000 0.000000 0
0 0.109840 0.259196 0.035560 0.107798 0.000000 0.000000 0 0.000000 0.000000 0 0.000000 0.000000 0 0.000000 0.000000 0 0.000000 0.000000 0 0.000000 0.000000 0 0.000000 0.000000 0 0.000000 0.000000 0 0.000000 0.000000 0 0.000000 0.000000 0 0.000000 0.000000 0 0.000000 0.000000 0 0.000000 0.000000 0 0.000000 0.000000 0 0.000000 0.000000 0 0.000000 0.000000 0 0.000000 0.000000 0
0 0.630380 0.384003 0.062040 0.213958 0.630000 0.297619 1 0.632000 0.291667 1 0.628000 0.291667 1 0.000000 0.000000 0 0.620000 0.291667 1 0.636000 0.315476 1 0.614000 0.315476 1 0.652000 0.339286 1 0.610000 0.345238 1 0.000000 0.000000 0 0.000000 0.000000 0 0.638000 0.375000 1 0.620000 0.375000 1 0.634000 0.419643 1 0.618000 0.419643 1 0.630000 0.458333 1 0.616000 0.467262 1
0 0.469880 0.379107 0.054440 0.245714 0.474000 0.279762 1 0.474000 0.273810 1 0.470000 0.273810 1 0.000000 0.000000 0 0.462000 0.273810 1 0.482000 0.300595 1 0.456000 0.303571 1 0.498000 0.330357 1 0.000000 0.000000 0 0.476000 0.327381 1 0.000000 0.000000 0 0.482000 0.383929 1 0.460000 0.386905 1 0.480000 0.434524 1 0.000000 0.000000 0 0.480000 0.488095 1 0.000000 0.000000 0
0 0.043170 0.255625 0.027900 0.089345 0.000000 0.000000 0 0.000000 0.000000 0 0.000000 0.000000 0 0.000000 0.000000 0 0.000000 0.000000 0 0.000000 0.000000 0 0.000000 0.000000 0 0.000000 0.000000 0 0.000000 0.000000 0 0.000000 0.000000 0 0.000000 0.000000 0 0.000000 0.000000 0 0.000000 0.000000 0 0.000000 0.000000 0 0.000000 0.000000 0 0.000000 0.000000 0 0.000000 0.000000 0
0 0.702660 0.318557 0.020200 0.033899 0.000000 0.000000 0 0.000000 0.000000 0 0.000000 0.000000 0 0.000000 0.000000 0 0.000000 0.000000 0 0.000000 0.000000 0 0.000000 0.000000 0 0.000000 0.000000 0 0.000000 0.000000 0 0.000000 0.000000 0 0.000000 0.000000 0 0.000000 0.000000 0 0.000000 0.000000 0 0.000000 0.000000 0 0.000000 0.000000 0 0.000000 0.000000 0 0.000000 0.000000 0
0 0.084020 0.344747 0.075040 0.166220 0.000000 0.000000 0 0.000000 0.000000 0 0.000000 0.000000 0 0.000000 0.000000 0 0.000000 0.000000 0 0.000000 0.000000 0 0.000000 0.000000 0 0.000000 0.000000 0 0.000000 0.000000 0 0.000000 0.000000 0 0.000000 0.000000 0 0.000000 0.000000 0 0.000000 0.000000 0 0.000000 0.000000 0 0.000000 0.000000 0 0.000000 0.000000 0 0.000000 0.000000 0
0 0.399820 0.335045 0.060440 0.175982 0.000000 0.000000 0 0.000000 0.000000 0 0.000000 0.000000 0 0.000000 0.000000 0 0.000000 0.000000 0 0.000000 0.000000 0 0.000000 0.000000 0 0.000000 0.000000 0 0.000000 0.000000 0 0.000000 0.000000 0 0.000000 0.000000 0 0.000000 0.000000 0 0.000000 0.000000 0 0.000000 0.000000 0 0.000000 0.000000 0 0.000000 0.000000 0 0.000000 0.000000 0