0 0.493555 0.827385 0.051484 0.163646 0.000000 0.000000 0 0.000000 0.000000 0 0.000000 0.000000 0 0.492188 0.764583 1 0.504687 0.766667 1 0.490625 0.785417 1 0.506250 0.785417 1 0.485938 0.808333 1 0.507812 0.802083 1 0.475000 0.841667 1 0.510938 0.825000 1 0.492188 0.829167 1 0.506250 0.829167 1 0.493750 0.870833 1 0.507812 0.868750 1 0.493750 0.904167 1 0.510938 0.902083 1
0 0.418156 0.790146 0.052531 0.206625 0.410938 0.718750 1 0.414062 0.714583 1 0.409375 0.712500 1 0.421875 0.716667 1 0.000000 0.000000 0 0.429688 0.739583 1 0.401562 0.737500 1 0.432812 0.770833 1 0.398438 0.766667 1 0.429688 0.797917 1 0.396875 0.785417 1 0.420312 0.789583 1 0.404687 0.787500 1 0.420312 0.835417 1 0.400000 0.835417 1 0.423438 0.877083 1 0.393750 0.872917 1
0 0.344406 0.823177 0.060375 0.152812 0.000000 0.000000 0 0.000000 0.000000 0 0.000000 0.000000 0 0.000000 0.000000 0 0.000000 0.000000 0 0.000000 0.000000 0 0.000000 0.000000 0 0.000000 0.000000 0 0.000000 0.000000 0 0.000000 0.000000 0 0.000000 0.000000 0 0.000000 0.000000 0 0.000000 0.000000 0 0.000000 0.000000 0 0.000000 0.000000 0 0.000000 0.000000 0 0.000000 0.000000 0
0 0.193633 0.638479 0.021172 0.107917 0.000000 0.000000 0 0.000000 0.000000 0 0.000000 0.000000 0 0.000000 0.000000 0 0.000000 0.000000 0 0.000000 0.000000 0 0.000000 0.000000 0 0.000000 0.000000 0 0.000000 0.000000 0 0.000000 0.000000 0 0.000000 0.000000 0 0.000000 0.000000 0 0.000000 0.000000 0 0.000000 0.000000 0 0.000000 0.000000 0 0.000000 0.000000 0 0.000000 0.000000 0
0 0.770836 0.899385 0.093484 0.109104 0.767188 0.872917 1 0.000000 0.000000 0 0.762500 0.866667 1 0.000000 0.000000 0 0.750000 0.868750 1 0.764062 0.891667 1 0.739062 0.879167 1 0.753125 0.908333 1 0.739062 0.893750 1 0.771875 0.908333 1 0.764062 0.895833 1 0.739062 0.937500 1 0.739062 0.916667 1 0.762500 0.933333 1 0.762500 0.912500 1 0.790625 0.943750 1 0.795312 0.933333 1
0 0.859273 0.909156 0.106828 0.099479 0.818750 0.885417 1 0.821875 0.879167 1 0.817187 0.881250 1 0.832812 0.881250 1 0.000000 0.000000 0 0.843750 0.902083 1 0.818750 0.910417 1 0.848437 0.927083 1 0.000000 0.000000 0 0.000000 0.000000 0 0.000000 0.000000 0 0.865625 0.918750 1 0.856250 0.937500 1 0.854688 0.929167 1 0.850000 0.939583 1 0.901563 0.941667 1 0.893750 0.947917 1
0 0.289750 0.783781 0.046250 0.206104 0.296875 0.706250 1 0.000000 0.000000 0 0.293750 0.700000 1 0.000000 0.000000 0 0.284375 0.700000 1 0.298438 0.725000 1 0.278125 0.722917 1 0.304688 0.760417 1 0.270313 0.756250 1 0.301563 0.745833 1 0.281250 0.743750 1 0.300000 0.783333 1 0.284375 0.787500 1 0.300000 0.837500 1 0.285938 0.833333 1 0.293750 0.872917 1 0.278125 0.870833 1
0 0.694719 0.718688 0.029687 0.050667 0.000000 0.000000 0 0.000000 0.000000 0 0.000000 0.000000 0 0.000000 0.000000 0 0.000000 0.000000 0 0.000000 0.000000 0 0.000000 0.000000 0 0.000000 0.000000 0 0.000000 0.000000 0 0.000000 0.000000 0 0.000000 0.000000 0 0.000000 0.000000 0 0.000000 0.000000 0 0.000000 0.000000 0 0.000000 0.000000 0 0.000000 0.000000 0 0.000000 0.000000 0
0 0.548281 0.821906 0.041625 0.174896 0.000000 0.000000 0 0.546875 0.747917 1 0.000000 0.000000 0 0.553125 0.750000 1 0.000000 0.000000 0 0.556250 0.772917 1 0.546875 0.772917 1 0.557813 0.802083 1 0.000000 0.000000 0 0.548438 0.827083 1 0.000000 0.000000 0 0.548438 0.825000 1 0.540625 0.822917 1 0.551562 0.858333 1 0.542188 0.858333 1 0.556250 0.893750 1 0.545312 0.889583 1
0 0.374352 0.581490 0.009359 0.049938 0.000000 0.000000 0 0.000000 0.000000 0 0.000000 0.000000 0 0.000000 0.000000 0 0.000000 0.000000 0 0.000000 0.000000 0 0.000000 0.000000 0 0.000000 0.000000 0 0.000000 0.000000 0 0.000000 0.000000 0 0.000000 0.000000 0 0.000000 0.000000 0 0.000000 0.000000 0 0.000000 0.000000 0 0.000000 0.000000 0 0.000000 0.000000 0 0.000000 0.000000 0
0 0.045578 0.802146 0.090656 0.057750 0.000000 0.000000 0 0.000000 0.000000 0 0.000000 0.000000 0 0.000000 0.000000 0 0.000000 0.000000 0 0.000000 0.000000 0 0.000000 0.000000 0 0.000000 0.000000 0 0.000000 0.000000 0 0.000000 0.000000 0 0.000000 0.000000 0 0.000000 0.000000 0 0.000000 0.000000 0 0.000000 0.000000 0 0.000000 0.000000 0 0.000000 0.000000 0 0.000000 0.000000 0
0 0.828437 0.710990 0.021969 0.037354 0.000000 0.000000 0 0.000000 0.000000 0 0.000000 0.000000 0 0.000000 0.000000 0 0.000000 0.000000 0 0.000000 0.000000 0 0.000000 0.000000 0 0.000000 0.000000 0 0.000000 0.000000 0 0.000000 0.000000 0 0.000000 0.000000 0 0.000000 0.000000 0 0.000000 0.000000 0 0.000000 0.000000 0 0.000000 0.000000 0 0.000000 0.000000 0 0.000000 0.000000 0