0 0.760578 0.748302 0.177563 0.503396 0.000000 0.000000 0 0.000000 0.000000 0 0.000000 0.000000 0 0.739062 0.558333 1 0.779687 0.552083 1 0.720313 0.625000 1 0.801562 0.622917 1 0.692187 0.714583 1 0.828125 0.716667 1 0.685937 0.783333 1 0.831250 0.800000 1 0.743750 0.802083 1 0.796875 0.797917 1 0.726562 0.968750 1 0.792188 0.854167 1 0.000000 0.000000 0 0.792188 0.970833 1
0 0.400102 0.794208 0.144297 0.409875 0.000000 0.000000 0 0.000000 0.000000 0 0.000000 0.000000 0 0.370312 0.635417 1 0.412500 0.639583 1 0.343750 0.677083 1 0.435937 0.675000 1 0.000000 0.000000 0 0.450000 0.764583 1 0.000000 0.000000 0 0.454688 0.816667 1 0.343750 0.814583 1 0.412500 0.816667 1 0.362500 0.866667 1 0.407813 0.947917 1 0.354687 0.968750 1 0.000000 0.000000 0
0 0.087250 0.765313 0.174500 0.442958 0.000000 0.000000 0 0.000000 0.000000 0 0.000000 0.000000 0 0.081250 0.608333 1 0.120313 0.612500 1 0.050000 0.664583 1 0.109375 0.664583 1 0.000000 0.000000 0 0.125000 0.787500 1 0.000000 0.000000 0 0.145313 0.897917 1 0.017188 0.864583 1 0.060937 0.858333 1 0.084375 0.947917 1 0.156250 0.943750 1 0.000000 0.000000 0 0.000000 0.000000 0
0 0.529977 0.661771 0.080828 0.156167 0.000000 0.000000 0 0.000000 0.000000 0 0.000000 0.000000 0 0.518750 0.610417 1 0.000000 0.000000 0 0.506250 0.633333 1 0.548438 0.633333 1 0.490625 0.675000 1 0.562500 0.670833 1 0.495312 0.708333 1 0.559375 0.706250 1 0.512500 0.708333 1 0.545312 0.710417 1 0.512500 0.747917 1 0.551562 0.743750 1 0.000000 0.000000 0 0.000000 0.000000 0
0 0.656375 0.653844 0.076000 0.143562 0.000000 0.000000 0 0.000000 0.000000 0 0.000000 0.000000 0 0.654687 0.606250 1 0.671875 0.606250 1 0.646875 0.627083 1 0.684375 0.627083 1 0.632812 0.656250 1 0.000000 0.000000 0 0.623437 0.672917 1 0.000000 0.000000 0 0.653125 0.685417 1 0.676562 0.687500 1 0.646875 0.716667 1 0.675000 0.735417 1 0.000000 0.000000 0 0.000000 0.000000 0
0 0.465289 0.622833 0.049203 0.119583 0.000000 0.000000 0 0.000000 0.000000 0 0.000000 0.000000 0 0.456250 0.583333 1 0.000000 0.000000 0 0.457813 0.595833 1 0.479687 0.591667 1 0.450000 0.622917 1 0.000000 0.000000 0 0.445312 0.641667 1 0.000000 0.000000 0 0.467187 0.639583 1 0.484375 0.637500 1 0.457813 0.660417 1 0.481250 0.666667 1 0.457813 0.687500 1 0.484375 0.708333 1
0 0.430328 0.629906 0.038094 0.093313 0.000000 0.000000 0 0.000000 0.000000 0 0.000000 0.000000 0 0.000000 0.000000 0 0.000000 0.000000 0 0.000000 0.000000 0 0.000000 0.000000 0 0.000000 0.000000 0 0.000000 0.000000 0 0.000000 0.000000 0 0.000000 0.000000 0 0.000000 0.000000 0 0.000000 0.000000 0 0.000000 0.000000 0 0.000000 0.000000 0 0.000000 0.000000 0 0.000000 0.000000 0
0 0.269906 0.619542 0.030938 0.098292 0.000000 0.000000 0 0.000000 0.000000 0 0.000000 0.000000 0 0.000000 0.000000 0 0.000000 0.000000 0 0.000000 0.000000 0 0.000000 0.000000 0 0.000000 0.000000 0 0.000000 0.000000 0 0.000000 0.000000 0 0.000000 0.000000 0 0.000000 0.000000 0 0.000000 0.000000 0 0.000000 0.000000 0 0.000000 0.000000 0 0.000000 0.000000 0 0.000000 0.000000 0
0 0.305156 0.606125 0.022875 0.083625 0.000000 0.000000 0 0.000000 0.000000 0 0.000000 0.000000 0 0.000000 0.000000 0 0.000000 0.000000 0 0.000000 0.000000 0 0.000000 0.000000 0 0.000000 0.000000 0 0.000000 0.000000 0 0.000000 0.000000 0 0.000000 0.000000 0 0.000000 0.000000 0 0.000000 0.000000 0 0.000000 0.000000 0 0.000000 0.000000 0 0.000000 0.000000 0 0.000000 0.000000 0
0 0.222203 0.619677 0.028000 0.097562 0.000000 0.000000 0 0.000000 0.000000 0 0.000000 0.000000 0 0.000000 0.000000 0 0.000000 0.000000 0 0.000000 0.000000 0 0.000000 0.000000 0 0.000000 0.000000 0 0.000000 0.000000 0 0.000000 0.000000 0 0.000000 0.000000 0 0.000000 0.000000 0 0.000000 0.000000 0 0.000000 0.000000 0 0.000000 0.000000 0 0.000000 0.000000 0 0.000000 0.000000 0
0 0.038344 0.614073 0.076250 0.119146 0.045312 0.581250 1 0.050000 0.577083 1 0.040625 0.577083 1 0.054688 0.579167 1 0.035937 0.579167 1 0.067187 0.604167 1 0.031250 0.600000 1 0.040625 0.629167 1 0.015625 0.635417 1 0.028125 0.602083 1 0.000000 0.000000 0 0.000000 0.000000 0 0.000000 0.000000 0 0.000000 0.000000 0 0.000000 0.000000 0 0.000000 0.000000 0 0.000000 0.000000 0
0 0.017688 0.591979 0.035375 0.111125 0.000000 0.000000 0 0.000000 0.000000 0 0.000000 0.000000 0 0.000000 0.000000 0 0.000000 0.000000 0 0.000000 0.000000 0 0.000000 0.000000 0 0.000000 0.000000 0 0.000000 0.000000 0 0.000000 0.000000 0 0.000000 0.000000 0 0.000000 0.000000 0 0.000000 0.000000 0 0.000000 0.000000 0 0.000000 0.000000 0 0.000000 0.000000 0 0.000000 0.000000 0