0 0.030734 0.523595 0.058469 0.328080 0.000000 0.000000 0 0.000000 0.000000 0 0.000000 0.000000 0 0.000000 0.000000 0 0.000000 0.000000 0 0.007812 0.442623 1 0.000000 0.000000 0 0.028125 0.529274 1 0.000000 0.000000 0 0.043750 0.592506 1 0.000000 0.000000 0 0.010937 0.601874 1 0.000000 0.000000 0 0.000000 0.000000 0 0.000000 0.000000 0 0.000000 0.000000 0 0.000000 0.000000 0
0 0.716633 0.273560 0.058766 0.244450 0.704688 0.177986 1 0.706250 0.170960 1 0.000000 0.000000 0 0.720313 0.173302 1 0.000000 0.000000 0 0.728125 0.208431 1 0.000000 0.000000 0 0.723437 0.262295 1 0.000000 0.000000 0 0.706250 0.309133 1 0.000000 0.000000 0 0.723437 0.311475 1 0.714063 0.311475 1 0.726562 0.388759 1 0.693750 0.379391 1 0.000000 0.000000 0 0.000000 0.000000 0
0 0.778836 0.296148 0.088453 0.321335 0.742188 0.173302 1 0.746875 0.166276 1 0.737500 0.166276 1 0.756250 0.170960 1 0.000000 0.000000 0 0.759375 0.201405 1 0.745313 0.196721 1 0.767188 0.255269 1 0.000000 0.000000 0 0.757812 0.309133 1 0.000000 0.000000 0 0.760938 0.302108 1 0.742188 0.299766 1 0.757812 0.377049 1 0.742188 0.370023 1 0.800000 0.430913 1 0.000000 0.000000 0
0 0.454969 0.284063 0.071219 0.357588 0.000000 0.000000 0 0.000000 0.000000 0 0.000000 0.000000 0 0.448437 0.138173 1 0.000000 0.000000 0 0.454688 0.170960 1 0.467187 0.163934 1 0.457813 0.224824 1 0.000000 0.000000 0 0.435937 0.271663 1 0.000000 0.000000 0 0.459375 0.262295 1 0.451562 0.262295 1 0.457813 0.332553 1 0.443750 0.325527 1 0.473438 0.430913 1 0.473438 0.419204 1
0 0.192523 0.397553 0.043672 0.279696 0.173437 0.297424 1 0.175000 0.290398 1 0.000000 0.000000 0 0.187500 0.292740 1 0.000000 0.000000 0 0.195312 0.339578 1 0.187500 0.334895 1 0.196875 0.398126 1 0.000000 0.000000 0 0.190625 0.433255 1 0.000000 0.000000 0 0.195312 0.430913 1 0.187500 0.426230 1 0.176563 0.505855 1 0.189062 0.494145 1 0.000000 0.000000 0 0.000000 0.000000 0
0 0.625211 0.581639 0.311859 0.808993 0.000000 0.000000 0 0.000000 0.000000 0 0.000000 0.000000 0 0.576562 0.313817 1 0.659375 0.309133 1 0.540625 0.484778 1 0.729688 0.459016 1 0.507812 0.730679 1 0.748437 0.580796 1 0.540625 0.906323 1 0.671875 0.395785 1 0.581250 0.887588 1 0.709375 0.882904 1 0.000000 0.000000 0 0.000000 0.000000 0 0.000000 0.000000 0 0.000000 0.000000 0
0 0.758789 0.546979 0.070859 0.411569 0.000000 0.000000 0 0.000000 0.000000 0 0.000000 0.000000 0 0.732812 0.379391 1 0.000000 0.000000 0 0.725000 0.426230 1 0.775000 0.435597 1 0.000000 0.000000 0 0.784375 0.505855 1 0.000000 0.000000 0 0.782813 0.555035 1 0.000000 0.000000 0 0.756250 0.548009 1 0.000000 0.000000 0 0.751563 0.665105 1 0.000000 0.000000 0 0.000000 0.000000 0
0 0.510805 0.088115 0.046859 0.166112 0.000000 0.000000 0 0.000000 0.000000 0 0.000000 0.000000 0 0.503125 0.021077 1 0.000000 0.000000 0 0.500000 0.042155 1 0.521875 0.035129 1 0.493750 0.067916 1 0.000000 0.000000 0 0.492188 0.088993 1 0.000000 0.000000 0 0.501563 0.088993 1 0.518750 0.086651 1 0.503125 0.124122 1 0.517188 0.119438 1 0.504687 0.152225 1 0.517188 0.133489 1
0 0.462977 0.094239 0.029422 0.107166 0.000000 0.000000 0 0.000000 0.000000 0 0.000000 0.000000 0 0.000000 0.000000 0 0.000000 0.000000 0 0.000000 0.000000 0 0.000000 0.000000 0 0.000000 0.000000 0 0.000000 0.000000 0 0.000000 0.000000 0 0.000000 0.000000 0 0.000000 0.000000 0 0.000000 0.000000 0 0.000000 0.000000 0 0.000000 0.000000 0 0.000000 0.000000 0 0.000000 0.000000 0
0 0.421352 0.126639 0.037797 0.190000 0.000000 0.000000 0 0.000000 0.000000 0 0.000000 0.000000 0 0.000000 0.000000 0 0.000000 0.000000 0 0.000000 0.000000 0 0.000000 0.000000 0 0.000000 0.000000 0 0.000000 0.000000 0 0.000000 0.000000 0 0.000000 0.000000 0 0.000000 0.000000 0 0.000000 0.000000 0 0.000000 0.000000 0 0.000000 0.000000 0 0.000000 0.000000 0 0.000000 0.000000 0
0 0.369656 0.327037 0.068719 0.307939 0.359375 0.201405 1 0.362500 0.194379 1 0.000000 0.000000 0 0.371875 0.199063 1 0.000000 0.000000 0 0.382812 0.234192 1 0.356250 0.238876 1 0.367188 0.269321 1 0.340625 0.274005 1 0.350000 0.271663 1 0.356250 0.276347 1 0.378125 0.330211 1 0.359375 0.332553 1 0.378125 0.405152 1 0.364063 0.407494 1 0.390625 0.466042 1 0.371875 0.470726 1