0 0.969945 0.542119 0.058391 0.783489 0.000000 0.000000 0 0.000000 0.000000 0 0.000000 0.000000 0 0.960938 0.220141 1 0.000000 0.000000 0 0.979688 0.297424 1 0.000000 0.000000 0 0.993750 0.435597 1 0.000000 0.000000 0 0.975000 0.557377 1 0.000000 0.000000 0 0.965625 0.545667 1 0.000000 0.000000 0 0.987500 0.737705 1 0.000000 0.000000 0 0.993750 0.868852 1 0.000000 0.000000 0
0 0.319805 0.594649 0.070859 0.592248 0.312500 0.360656 1 0.321875 0.348946 1 0.310937 0.346604 1 0.342187 0.355972 1 0.000000 0.000000 0 0.362500 0.402810 1 0.306250 0.405152 1 0.000000 0.000000 0 0.290625 0.503513 1 0.000000 0.000000 0 0.293750 0.583138 1 0.356250 0.604215 1 0.320312 0.604215 1 0.000000 0.000000 0 0.329688 0.735363 1 0.000000 0.000000 0 0.334375 0.833724 1
0 0.383180 0.622073 0.098422 0.597681 0.354687 0.344262 1 0.362500 0.334895 1 0.000000 0.000000 0 0.384375 0.344262 1 0.000000 0.000000 0 0.404687 0.412178 1 0.345313 0.412178 1 0.000000 0.000000 0 0.351562 0.470726 1 0.000000 0.000000 0 0.371875 0.407494 1 0.406250 0.613583 1 0.353125 0.613583 1 0.395313 0.751756 1 0.359375 0.749415 1 0.392188 0.866511 1 0.360938 0.878220 1
0 0.609547 0.627705 0.171938 0.713208 0.596875 0.334895 1 0.000000 0.000000 0 0.606250 0.325527 1 0.000000 0.000000 0 0.631250 0.351288 1 0.670312 0.433255 1 0.598437 0.435597 1 0.675000 0.536300 1 0.542188 0.487119 1 0.000000 0.000000 0 0.560937 0.395785 1 0.660937 0.622951 1 0.601562 0.629977 1 0.646875 0.796253 1 0.601562 0.800937 1 0.645312 0.969555 1 0.603125 0.976581 1
0 0.815414 0.536335 0.105703 0.649859 0.768750 0.264637 1 0.773438 0.250585 1 0.767188 0.252927 1 0.801562 0.259953 1 0.000000 0.000000 0 0.815625 0.334895 1 0.768750 0.330211 1 0.862500 0.386417 1 0.000000 0.000000 0 0.831250 0.437939 1 0.000000 0.000000 0 0.828125 0.531616 1 0.000000 0.000000 0 0.826562 0.674473 1 0.000000 0.000000 0 0.823438 0.819672 1 0.000000 0.000000 0
0 0.874844 0.573782 0.118437 0.653934 0.850000 0.299766 1 0.859375 0.285714 1 0.000000 0.000000 0 0.884375 0.299766 1 0.000000 0.000000 0 0.887500 0.365340 1 0.901563 0.370023 1 0.890625 0.473068 1 0.000000 0.000000 0 0.859375 0.557377 1 0.000000 0.000000 0 0.873437 0.583138 1 0.895312 0.578454 1 0.854688 0.693208 1 0.892188 0.711944 1 0.857812 0.864169 1 0.903125 0.847775 1
0 0.951352 0.363419 0.035891 0.195597 0.000000 0.000000 0 0.000000 0.000000 0 0.000000 0.000000 0 0.000000 0.000000 0 0.000000 0.000000 0 0.000000 0.000000 0 0.000000 0.000000 0 0.000000 0.000000 0 0.000000 0.000000 0 0.000000 0.000000 0 0.000000 0.000000 0 0.000000 0.000000 0 0.000000 0.000000 0 0.000000 0.000000 0 0.000000 0.000000 0 0.000000 0.000000 0 0.000000 0.000000 0
0 0.295883 0.337787 0.040984 0.130375 0.000000 0.000000 0 0.000000 0.000000 0 0.000000 0.000000 0 0.000000 0.000000 0 0.000000 0.000000 0 0.000000 0.000000 0 0.000000 0.000000 0 0.000000 0.000000 0 0.000000 0.000000 0 0.000000 0.000000 0 0.000000 0.000000 0 0.000000 0.000000 0 0.000000 0.000000 0 0.000000 0.000000 0 0.000000 0.000000 0 0.000000 0.000000 0 0.000000 0.000000 0
0 0.095953 0.570785 0.128937 0.611218 0.120313 0.311475 1 0.128125 0.302108 1 0.114062 0.299766 1 0.135937 0.309133 1 0.098437 0.306792 1 0.148438 0.372365 1 0.067187 0.370023 1 0.000000 0.000000 0 0.043750 0.447307 1 0.000000 0.000000 0 0.067187 0.489461 1 0.131250 0.540984 1 0.085938 0.538642 1 0.125000 0.690867 1 0.082812 0.690867 1 0.117188 0.824356 1 0.081250 0.838407 1
0 0.722352 0.615047 0.103547 0.707752 0.000000 0.000000 0 0.698438 0.318501 1 0.000000 0.000000 0 0.717187 0.313817 1 0.000000 0.000000 0 0.698438 0.398126 1 0.760938 0.398126 1 0.665625 0.494145 1 0.000000 0.000000 0 0.000000 0.000000 0 0.000000 0.000000 0 0.693750 0.625293 1 0.751563 0.627635 1 0.696875 0.751756 1 0.746875 0.772834 1 0.710938 0.922717 1 0.745313 0.911007 1
0 0.212898 0.594379 0.149922 0.667400 0.198437 0.316159 1 0.206250 0.304450 1 0.000000 0.000000 0 0.221875 0.320843 1 0.000000 0.000000 0 0.190625 0.377049 1 0.271875 0.381733 1 0.143750 0.423888 1 0.284375 0.508197 1 0.178125 0.337237 1 0.281250 0.592506 1 0.198437 0.571429 1 0.262500 0.571429 1 0.195312 0.737705 1 0.246875 0.737705 1 0.190625 0.887588 1 0.245312 0.889930 1
0 0.793125 0.604930 0.080969 0.653934 0.000000 0.000000 0 0.000000 0.000000 0 0.000000 0.000000 0 0.000000 0.000000 0 0.000000 0.000000 0 0.743750 0.428571 1 0.771875 0.430913 1 0.770312 0.519906 1 0.803125 0.505855 1 0.800000 0.562061 1 0.817187 0.562061 1 0.770312 0.615925 1 0.798438 0.620609 1 0.754687 0.751756 1 0.792188 0.751756 1 0.740625 0.903981 1 0.792188 0.896956 1
0 0.441906 0.629871 0.190625 0.709110 0.000000 0.000000 0 0.000000 0.000000 0 0.000000 0.000000 0 0.000000 0.000000 0 0.000000 0.000000 0 0.467187 0.423888 1 0.496875 0.428571 1 0.398438 0.423888 1 0.404687 0.480094 1 0.378125 0.351288 1 0.379688 0.367681 1 0.460938 0.660422 1 0.490625 0.665105 1 0.462500 0.817330 1 0.493750 0.812646 1 0.000000 0.000000 0 0.501563 0.976581 1