0 0.585586 0.414002 0.343422 0.597488 0.646875 0.251174 1 0.648438 0.241784 1 0.000000 0.000000 0 0.664062 0.248826 1 0.000000 0.000000 0 0.640625 0.284038 1 0.712500 0.279343 1 0.609375 0.340376 1 0.743750 0.239437 1 0.571875 0.286385 1 0.742188 0.164319 1 0.607812 0.396714 1 0.637500 0.438967 1 0.525000 0.460094 1 0.656250 0.575117 1 0.464062 0.481221 1 0.651563 0.699531 1
0 0.517758 0.513451 0.202734 0.385634 0.448437 0.363850 1 0.453125 0.354460 1 0.439063 0.356808 1 0.462500 0.363850 1 0.429688 0.375587 1 0.485938 0.392019 1 0.448437 0.438967 1 0.500000 0.415493 1 0.451562 0.485915 1 0.453125 0.413146 1 0.456250 0.514085 1 0.543750 0.553991 1 0.498437 0.553991 1 0.604688 0.631455 1 0.456250 0.565728 1 0.600000 0.690141 1 0.435937 0.685446 1
0 0.272883 0.316514 0.085859 0.155657 0.281250 0.272300 1 0.284375 0.262911 1 0.276562 0.262911 1 0.000000 0.000000 0 0.267188 0.269953 1 0.295312 0.293427 1 0.257812 0.293427 1 0.301563 0.338028 1 0.248438 0.335681 1 0.306250 0.370892 1 0.234375 0.368545 1 0.292187 0.363850 1 0.267188 0.363850 1 0.276562 0.326291 1 0.282813 0.373239 1 0.304688 0.373239 1 0.293750 0.380282 1
0 0.386406 0.312641 0.094281 0.152653 0.389062 0.265258 1 0.393750 0.260563 1 0.387500 0.258216 1 0.000000 0.000000 0 0.378125 0.262911 1 0.398438 0.293427 1 0.370312 0.291080 1 0.428125 0.326291 1 0.362500 0.330986 1 0.412500 0.347418 1 0.385937 0.377934 1 0.398438 0.363850 1 0.368750 0.361502 1 0.426563 0.340376 1 0.343750 0.340376 1 0.396875 0.392019 1 0.382812 0.387324 1
0 0.016688 0.297171 0.033375 0.158944 0.000000 0.000000 0 0.000000 0.000000 0 0.000000 0.000000 0 0.000000 0.000000 0 0.000000 0.000000 0 0.000000 0.000000 0 0.000000 0.000000 0 0.000000 0.000000 0 0.000000 0.000000 0 0.000000 0.000000 0 0.000000 0.000000 0 0.000000 0.000000 0 0.000000 0.000000 0 0.000000 0.000000 0 0.000000 0.000000 0 0.000000 0.000000 0 0.000000 0.000000 0
0 0.176656 0.187512 0.058656 0.142629 0.178125 0.140845 1 0.181250 0.136150 1 0.175000 0.136150 1 0.185938 0.140845 1 0.167187 0.140845 1 0.192188 0.171362 1 0.160938 0.166667 1 0.203125 0.215962 1 0.153125 0.208920 1 0.192188 0.244131 1 0.178125 0.237089 1 0.189062 0.218310 1 0.167187 0.215962 1 0.192188 0.185446 1 0.167187 0.183099 1 0.198437 0.251174 1 0.179688 0.251174 1
0 0.235867 0.141573 0.066703 0.122817 0.235937 0.110329 1 0.239063 0.105634 1 0.232813 0.105634 1 0.000000 0.000000 0 0.226562 0.112676 1 0.256250 0.140845 1 0.212500 0.138498 1 0.000000 0.000000 0 0.000000 0.000000 0 0.000000 0.000000 0 0.000000 0.000000 0 0.000000 0.000000 0 0.000000 0.000000 0 0.000000 0.000000 0 0.000000 0.000000 0 0.000000 0.000000 0 0.000000 0.000000 0
0 0.205672 0.112054 0.038594 0.125000 0.000000 0.000000 0 0.000000 0.000000 0 0.000000 0.000000 0 0.000000 0.000000 0 0.000000 0.000000 0 0.000000 0.000000 0 0.000000 0.000000 0 0.000000 0.000000 0 0.000000 0.000000 0 0.000000 0.000000 0 0.000000 0.000000 0 0.000000 0.000000 0 0.000000 0.000000 0 0.000000 0.000000 0 0.000000 0.000000 0 0.000000 0.000000 0 0.000000 0.000000 0
0 0.475945 0.170880 0.063672 0.085047 0.000000 0.000000 0 0.000000 0.000000 0 0.000000 0.000000 0 0.000000 0.000000 0 0.000000 0.000000 0 0.000000 0.000000 0 0.000000 0.000000 0 0.000000 0.000000 0 0.000000 0.000000 0 0.000000 0.000000 0 0.000000 0.000000 0 0.000000 0.000000 0 0.000000 0.000000 0 0.000000 0.000000 0 0.000000 0.000000 0 0.000000 0.000000 0 0.000000 0.000000 0
0 0.092305 0.297394 0.117172 0.150329 0.076563 0.258216 1 0.079687 0.253521 1 0.075000 0.253521 1 0.093750 0.255869 1 0.000000 0.000000 0 0.107813 0.281690 1 0.067187 0.284038 1 0.115625 0.307512 1 0.067187 0.333333 1 0.109375 0.340376 1 0.087500 0.354460 1 0.104688 0.326291 1 0.076563 0.330986 1 0.134375 0.330986 1 0.053125 0.340376 1 0.160938 0.354460 1 0.025000 0.366197 1
0 0.456437 0.315951 0.075281 0.148052 0.450000 0.274648 1 0.453125 0.267606 1 0.446875 0.267606 1 0.000000 0.000000 0 0.440625 0.269953 1 0.465625 0.298122 1 0.426563 0.295775 1 0.470313 0.345070 1 0.418750 0.335681 1 0.451562 0.370892 1 0.429688 0.366197 1 0.454688 0.352113 1 0.434375 0.352113 1 0.484375 0.352113 1 0.410938 0.361502 1 0.446875 0.380282 1 0.454688 0.373239 1
0 0.406148 0.163568 0.054984 0.088498 0.000000 0.000000 0 0.000000 0.000000 0 0.000000 0.000000 0 0.000000 0.000000 0 0.000000 0.000000 0 0.000000 0.000000 0 0.000000 0.000000 0 0.000000 0.000000 0 0.000000 0.000000 0 0.000000 0.000000 0 0.000000 0.000000 0 0.000000 0.000000 0 0.000000 0.000000 0 0.000000 0.000000 0 0.000000 0.000000 0 0.000000 0.000000 0 0.000000 0.000000 0
0 0.555289 0.232817 0.048734 0.145305 0.000000 0.000000 0 0.000000 0.000000 0 0.000000 0.000000 0 0.000000 0.000000 0 0.000000 0.000000 0 0.000000 0.000000 0 0.000000 0.000000 0 0.000000 0.000000 0 0.000000 0.000000 0 0.000000 0.000000 0 0.000000 0.000000 0 0.000000 0.000000 0 0.000000 0.000000 0 0.000000 0.000000 0 0.000000 0.000000 0 0.000000 0.000000 0 0.000000 0.000000 0