0 0.583016 0.570761 0.071875 0.413841 0.000000 0.000000 0 0.000000 0.000000 0 0.000000 0.000000 0 0.578125 0.395785 1 0.589063 0.395785 1 0.581250 0.442623 1 0.604688 0.433255 1 0.575000 0.515222 1 0.000000 0.000000 0 0.557813 0.566745 1 0.000000 0.000000 0 0.578125 0.580796 1 0.598437 0.573770 1 0.570312 0.667447 1 0.595313 0.662763 1 0.578125 0.756440 1 0.601562 0.744731 1
0 0.407453 0.491721 0.079625 0.270937 0.000000 0.000000 0 0.000000 0.000000 0 0.000000 0.000000 0 0.407813 0.381733 1 0.421875 0.379391 1 0.403125 0.414520 1 0.434375 0.407494 1 0.400000 0.459016 1 0.440625 0.440281 1 0.376563 0.444965 1 0.000000 0.000000 0 0.415625 0.491803 1 0.432812 0.489461 1 0.404687 0.543326 1 0.426563 0.543326 1 0.401562 0.606557 1 0.426563 0.604215 1
0 0.456102 0.482447 0.035359 0.269016 0.000000 0.000000 0 0.000000 0.000000 0 0.000000 0.000000 0 0.443750 0.367681 1 0.000000 0.000000 0 0.460938 0.393443 1 0.453125 0.391101 1 0.459375 0.442623 1 0.000000 0.000000 0 0.443750 0.440281 1 0.000000 0.000000 0 0.459375 0.463700 1 0.451562 0.463700 1 0.453125 0.540984 1 0.446875 0.538642 1 0.459375 0.599532 1 0.453125 0.594848 1
0 0.342445 0.493782 0.052609 0.267424 0.000000 0.000000 0 0.000000 0.000000 0 0.000000 0.000000 0 0.337500 0.388759 1 0.353125 0.386417 1 0.326562 0.409836 1 0.350000 0.409836 1 0.318750 0.449649 1 0.353125 0.449649 1 0.000000 0.000000 0 0.000000 0.000000 0 0.329688 0.489461 1 0.345313 0.489461 1 0.328125 0.548009 1 0.345313 0.548009 1 0.328125 0.608899 1 0.348438 0.611241 1
0 0.286070 0.477670 0.066422 0.189063 0.262500 0.402810 1 0.264062 0.398126 1 0.000000 0.000000 0 0.270313 0.398126 1 0.000000 0.000000 0 0.284375 0.423888 1 0.267188 0.421546 1 0.298438 0.444965 1 0.267188 0.440281 1 0.307812 0.466042 1 0.259375 0.449649 1 0.290625 0.468384 1 0.276562 0.468384 1 0.275000 0.510539 1 0.281250 0.512881 1 0.268750 0.559719 1 0.293750 0.555035 1
0 0.168977 0.593829 0.139641 0.599368 0.178125 0.355972 1 0.181250 0.344262 1 0.168750 0.348946 1 0.000000 0.000000 0 0.146875 0.351288 1 0.196875 0.407494 1 0.145313 0.414520 1 0.225000 0.491803 1 0.137500 0.498829 1 0.176563 0.491803 1 0.000000 0.000000 0 0.185938 0.608899 1 0.145313 0.606557 1 0.189062 0.716628 1 0.125000 0.700234 1 0.185938 0.826698 1 0.167187 0.786885 1
0 0.029820 0.460152 0.036859 0.148876 0.000000 0.000000 0 0.000000 0.000000 0 0.000000 0.000000 0 0.000000 0.000000 0 0.000000 0.000000 0 0.000000 0.000000 0 0.000000 0.000000 0 0.000000 0.000000 0 0.000000 0.000000 0 0.000000 0.000000 0 0.000000 0.000000 0 0.000000 0.000000 0 0.000000 0.000000 0 0.000000 0.000000 0 0.000000 0.000000 0 0.000000 0.000000 0 0.000000 0.000000 0
0 0.624570 0.451569 0.043391 0.177049 0.000000 0.000000 0 0.000000 0.000000 0 0.000000 0.000000 0 0.000000 0.000000 0 0.000000 0.000000 0 0.000000 0.000000 0 0.000000 0.000000 0 0.000000 0.000000 0 0.000000 0.000000 0 0.000000 0.000000 0 0.000000 0.000000 0 0.000000 0.000000 0 0.000000 0.000000 0 0.000000 0.000000 0 0.000000 0.000000 0 0.000000 0.000000 0 0.000000 0.000000 0
0 0.475461 0.421464 0.013266 0.093560 0.000000 0.000000 0 0.000000 0.000000 0 0.000000 0.000000 0 0.000000 0.000000 0 0.000000 0.000000 0 0.000000 0.000000 0 0.000000 0.000000 0 0.000000 0.000000 0 0.000000 0.000000 0 0.000000 0.000000 0 0.000000 0.000000 0 0.000000 0.000000 0 0.000000 0.000000 0 0.000000 0.000000 0 0.000000 0.000000 0 0.000000 0.000000 0 0.000000 0.000000 0
0 0.378195 0.396827 0.019766 0.063396 0.000000 0.000000 0 0.000000 0.000000 0 0.000000 0.000000 0 0.000000 0.000000 0 0.000000 0.000000 0 0.000000 0.000000 0 0.000000 0.000000 0 0.000000 0.000000 0 0.000000 0.000000 0 0.000000 0.000000 0 0.000000 0.000000 0 0.000000 0.000000 0 0.000000 0.000000 0 0.000000 0.000000 0 0.000000 0.000000 0 0.000000 0.000000 0 0.000000 0.000000 0
0 0.693984 0.453290 0.028406 0.195433 0.000000 0.000000 0 0.000000 0.000000 0 0.000000 0.000000 0 0.000000 0.000000 0 0.000000 0.000000 0 0.000000 0.000000 0 0.000000 0.000000 0 0.000000 0.000000 0 0.000000 0.000000 0 0.000000 0.000000 0 0.000000 0.000000 0 0.000000 0.000000 0 0.000000 0.000000 0 0.000000 0.000000 0 0.000000 0.000000 0 0.000000 0.000000 0 0.000000 0.000000 0
0 0.743039 0.448888 0.042609 0.185550 0.000000 0.000000 0 0.000000 0.000000 0 0.000000 0.000000 0 0.000000 0.000000 0 0.000000 0.000000 0 0.000000 0.000000 0 0.000000 0.000000 0 0.000000 0.000000 0 0.000000 0.000000 0 0.000000 0.000000 0 0.000000 0.000000 0 0.000000 0.000000 0 0.000000 0.000000 0 0.000000 0.000000 0 0.000000 0.000000 0 0.000000 0.000000 0 0.000000 0.000000 0
0 0.657586 0.452400 0.052734 0.205176 0.000000 0.000000 0 0.000000 0.000000 0 0.000000 0.000000 0 0.653125 0.370023 1 0.662500 0.370023 1 0.646875 0.395785 1 0.671875 0.395785 1 0.640625 0.421546 1 0.678125 0.421546 1 0.000000 0.000000 0 0.000000 0.000000 0 0.654687 0.447307 1 0.668750 0.447307 1 0.657813 0.496487 1 0.662500 0.496487 1 0.662500 0.543326 1 0.653125 0.531616 1