0 0.575469 0.784805 0.103271 0.193234 0.552083 0.717187 1 0.552083 0.712500 1 0.000000 0.000000 0 0.564583 0.709375 1 0.000000 0.000000 0 0.587500 0.728125 1 0.572917 0.714063 1 0.570833 0.753125 1 0.568750 0.739062 1 0.560417 0.731250 1 0.543750 0.735938 1 0.589583 0.787500 1 0.575000 0.785937 1 0.591667 0.825000 1 0.587500 0.826562 1 0.595833 0.868750 1 0.602083 0.864062 1
0 0.899042 0.749016 0.065167 0.187562 0.895833 0.676562 1 0.902083 0.673438 1 0.893750 0.673438 1 0.912500 0.673438 1 0.000000 0.000000 0 0.914583 0.695312 1 0.897917 0.695312 1 0.902083 0.717187 1 0.000000 0.000000 0 0.885417 0.701562 1 0.000000 0.000000 0 0.902083 0.742188 1 0.891667 0.739062 1 0.900000 0.782813 1 0.908333 0.782813 1 0.908333 0.826562 1 0.916667 0.825000 1
0 0.815552 0.698508 0.096979 0.088297 0.000000 0.000000 0 0.000000 0.000000 0 0.000000 0.000000 0 0.000000 0.000000 0 0.000000 0.000000 0 0.000000 0.000000 0 0.000000 0.000000 0 0.000000 0.000000 0 0.000000 0.000000 0 0.000000 0.000000 0 0.000000 0.000000 0 0.000000 0.000000 0 0.000000 0.000000 0 0.000000 0.000000 0 0.000000 0.000000 0 0.000000 0.000000 0 0.000000 0.000000 0
0 0.736437 0.748812 0.080042 0.181344 0.716667 0.675000 1 0.722917 0.671875 1 0.000000 0.000000 0 0.737500 0.671875 1 0.000000 0.000000 0 0.754167 0.692187 1 0.722917 0.693750 1 0.768750 0.720313 1 0.722917 0.720313 1 0.747917 0.739062 1 0.706250 0.737500 1 0.750000 0.745313 1 0.727083 0.742188 1 0.745833 0.789062 1 0.739583 0.781250 1 0.741667 0.828125 1 0.756250 0.825000 1
0 0.112198 0.759672 0.090354 0.195531 0.125000 0.685937 1 0.000000 0.000000 0 0.122917 0.681250 1 0.000000 0.000000 0 0.108333 0.679688 1 0.114583 0.696875 1 0.097917 0.696875 1 0.000000 0.000000 0 0.089583 0.729688 1 0.000000 0.000000 0 0.102083 0.754687 1 0.114583 0.756250 1 0.095833 0.754687 1 0.110417 0.801562 1 0.091667 0.798438 1 0.104167 0.835938 1 0.085417 0.837500 1
0 0.342052 0.718414 0.086562 0.200578 0.352083 0.645312 1 0.352083 0.643750 1 0.343750 0.643750 1 0.000000 0.000000 0 0.337500 0.643750 1 0.362500 0.660937 1 0.316667 0.664062 1 0.000000 0.000000 0 0.308333 0.692187 1 0.000000 0.000000 0 0.310417 0.715625 1 0.360417 0.718750 1 0.329167 0.720313 1 0.354167 0.764062 1 0.329167 0.767188 1 0.350000 0.801562 1 0.331250 0.801562 1
0 0.797469 0.726266 0.065854 0.173344 0.000000 0.000000 0 0.000000 0.000000 0 0.000000 0.000000 0 0.000000 0.000000 0 0.000000 0.000000 0 0.789583 0.665625 1 0.829167 0.676562 1 0.768750 0.692187 1 0.000000 0.000000 0 0.772917 0.715625 1 0.000000 0.000000 0 0.791667 0.714063 1 0.812500 0.718750 1 0.793750 0.751563 1 0.000000 0.000000 0 0.783333 0.795312 1 0.000000 0.000000 0
0 0.047344 0.749359 0.071729 0.195625 0.077083 0.667188 1 0.000000 0.000000 0 0.068750 0.665625 1 0.000000 0.000000 0 0.054167 0.668750 1 0.075000 0.685937 1 0.039583 0.682813 1 0.000000 0.000000 0 0.022917 0.715625 1 0.000000 0.000000 0 0.052083 0.734375 1 0.060417 0.745313 1 0.039583 0.732812 1 0.056250 0.796875 1 0.033333 0.795312 1 0.052083 0.828125 1 0.033333 0.829688 1
0 0.380323 0.712844 0.033979 0.142906 0.000000 0.000000 0 0.000000 0.000000 0 0.000000 0.000000 0 0.000000 0.000000 0 0.000000 0.000000 0 0.000000 0.000000 0 0.000000 0.000000 0 0.000000 0.000000 0 0.000000 0.000000 0 0.000000 0.000000 0 0.000000 0.000000 0 0.000000 0.000000 0 0.000000 0.000000 0 0.000000 0.000000 0 0.000000 0.000000 0 0.000000 0.000000 0 0.000000 0.000000 0
0 0.175313 0.725578 0.051917 0.164813 0.185417 0.659375 1 0.187500 0.654687 1 0.179167 0.654687 1 0.000000 0.000000 0 0.168750 0.659375 1 0.185417 0.676562 1 0.156250 0.675000 1 0.000000 0.000000 0 0.000000 0.000000 0 0.000000 0.000000 0 0.000000 0.000000 0 0.183333 0.725000 1 0.158333 0.725000 1 0.179167 0.760938 1 0.156250 0.757812 1 0.177083 0.796875 1 0.156250 0.796875 1
0 0.233385 0.728234 0.079562 0.169219 0.216667 0.653125 1 0.218750 0.651563 1 0.212500 0.653125 1 0.225000 0.653125 1 0.208333 0.657813 1 0.239583 0.673438 1 0.204167 0.676562 1 0.250000 0.695312 1 0.204167 0.700000 1 0.250000 0.720313 1 0.202083 0.723437 1 0.231250 0.721875 1 0.206250 0.721875 1 0.225000 0.762500 1 0.204167 0.764062 1 0.222917 0.806250 1 0.231250 0.792188 1
0 0.863438 0.701531 0.037333 0.082625 0.000000 0.000000 0 0.000000 0.000000 0 0.000000 0.000000 0 0.000000 0.000000 0 0.000000 0.000000 0 0.000000 0.000000 0 0.000000 0.000000 0 0.000000 0.000000 0 0.000000 0.000000 0 0.000000 0.000000 0 0.000000 0.000000 0 0.000000 0.000000 0 0.000000 0.000000 0 0.000000 0.000000 0 0.000000 0.000000 0 0.000000 0.000000 0 0.000000 0.000000 0
0 0.645656 0.732820 0.047521 0.137266 0.000000 0.000000 0 0.000000 0.000000 0 0.000000 0.000000 0 0.000000 0.000000 0 0.000000 0.000000 0 0.000000 0.000000 0 0.000000 0.000000 0 0.000000 0.000000 0 0.000000 0.000000 0 0.000000 0.000000 0 0.000000 0.000000 0 0.000000 0.000000 0 0.000000 0.000000 0 0.000000 0.000000 0 0.000000 0.000000 0 0.000000 0.000000 0 0.000000 0.000000 0