0 0.089871 0.818648 0.121616 0.246484 0.060890 0.720313 1 0.063232 0.715625 1 0.049180 0.717187 1 0.070258 0.715625 1 0.039813 0.725000 1 0.093677 0.737500 1 0.046838 0.740625 1 0.138173 0.746875 1 0.074941 0.753125 1 0.114754 0.717187 1 0.086651 0.718750 1 0.107728 0.801562 1 0.074941 0.803125 1 0.117096 0.865625 1 0.079625 0.868750 1 0.000000 0.000000 0 0.063232 0.925000 1
0 0.136885 0.701820 0.042155 0.048672 0.000000 0.000000 0 0.000000 0.000000 0 0.000000 0.000000 0 0.000000 0.000000 0 0.000000 0.000000 0 0.000000 0.000000 0 0.000000 0.000000 0 0.000000 0.000000 0 0.000000 0.000000 0 0.000000 0.000000 0 0.000000 0.000000 0 0.000000 0.000000 0 0.000000 0.000000 0 0.000000 0.000000 0 0.000000 0.000000 0 0.000000 0.000000 0 0.000000 0.000000 0
0 0.298080 0.144945 0.138080 0.195516 0.255269 0.092188 1 0.264637 0.085938 1 0.000000 0.000000 0 0.297424 0.084375 1 0.000000 0.000000 0 0.313817 0.109375 1 0.000000 0.000000 0 0.323185 0.189062 1 0.299766 0.179688 1 0.292740 0.218750 1 0.257611 0.206250 1 0.332553 0.223438 1 0.302108 0.225000 1 0.332553 0.304688 1 0.274005 0.295312 1 0.000000 0.000000 0 0.000000 0.000000 0
0 0.402553 0.149898 0.118548 0.178266 0.339578 0.092188 1 0.353630 0.085938 1 0.000000 0.000000 0 0.384075 0.085938 1 0.000000 0.000000 0 0.416862 0.112500 1 0.353630 0.131250 1 0.428571 0.178125 1 0.351288 0.173437 1 0.395785 0.218750 1 0.355972 0.204687 1 0.449649 0.221875 1 0.386417 0.229687 1 0.459016 0.295312 1 0.405152 0.303125 1 0.000000 0.000000 0 0.000000 0.000000 0
0 0.850375 0.279484 0.071569 0.106406 0.861827 0.265625 1 0.868852 0.262500 1 0.854801 0.262500 1 0.000000 0.000000 0 0.000000 0.000000 0 0.864169 0.279687 1 0.843091 0.278125 1 0.000000 0.000000 0 0.861827 0.293750 1 0.000000 0.000000 0 0.892272 0.296875 1 0.859485 0.320312 1 0.850117 0.320312 1 0.000000 0.000000 0 0.000000 0.000000 0 0.000000 0.000000 0 0.000000 0.000000 0
0 0.904906 0.283266 0.121054 0.101875 0.896956 0.260937 1 0.911007 0.257812 1 0.000000 0.000000 0 0.936768 0.268750 1 0.000000 0.000000 0 0.936768 0.295312 1 0.882904 0.289062 1 0.906323 0.326562 1 0.875878 0.312500 1 0.882904 0.312500 1 0.854801 0.323437 1 0.000000 0.000000 0 0.000000 0.000000 0 0.000000 0.000000 0 0.000000 0.000000 0 0.000000 0.000000 0 0.000000 0.000000 0
0 0.499520 0.121398 0.187892 0.177641 0.484778 0.059375 1 0.489461 0.054688 1 0.470726 0.056250 1 0.000000 0.000000 0 0.444965 0.064062 1 0.529274 0.087500 1 0.430913 0.095312 1 0.569087 0.137500 1 0.419204 0.125000 1 0.536300 0.175000 1 0.475410 0.076563 1 0.533958 0.221875 1 0.475410 0.225000 1 0.543326 0.289062 1 0.463700 0.290625 1 0.000000 0.000000 0 0.000000 0.000000 0
0 0.700340 0.090484 0.196417 0.180969 0.669789 0.098437 1 0.672131 0.095312 1 0.655738 0.095312 1 0.000000 0.000000 0 0.637002 0.107813 1 0.707260 0.126562 1 0.644028 0.142187 1 0.740047 0.070312 1 0.679157 0.167187 1 0.740047 0.014063 1 0.742389 0.162500 1 0.744731 0.259375 1 0.690867 0.257812 1 0.000000 0.000000 0 0.000000 0.000000 0 0.000000 0.000000 0 0.000000 0.000000 0
0 0.163607 0.803422 0.074614 0.182719 0.000000 0.000000 0 0.000000 0.000000 0 0.189696 0.729688 1 0.000000 0.000000 0 0.173302 0.732812 1 0.185012 0.754687 1 0.152225 0.756250 1 0.000000 0.000000 0 0.187354 0.789062 1 0.180328 0.782813 1 0.000000 0.000000 0 0.175644 0.823438 1 0.152225 0.821875 1 0.159251 0.865625 1 0.166276 0.867188 1 0.000000 0.000000 0 0.000000 0.000000 0
0 0.041030 0.839125 0.082061 0.218469 0.000000 0.000000 0 0.000000 0.000000 0 0.039813 0.745313 1 0.000000 0.000000 0 0.023419 0.750000 1 0.016393 0.773438 1 0.007026 0.773438 1 0.000000 0.000000 0 0.039813 0.801562 1 0.000000 0.000000 0 0.063232 0.775000 1 0.014052 0.832812 1 0.009368 0.834375 1 0.016393 0.884375 1 0.004684 0.884375 1 0.021077 0.937500 1 0.007026 0.939063 1
0 0.985820 0.206305 0.028361 0.115484 0.000000 0.000000 0 0.000000 0.000000 0 0.000000 0.000000 0 0.000000 0.000000 0 0.000000 0.000000 0 0.000000 0.000000 0 0.000000 0.000000 0 0.000000 0.000000 0 0.000000 0.000000 0 0.000000 0.000000 0 0.000000 0.000000 0 0.000000 0.000000 0 0.000000 0.000000 0 0.000000 0.000000 0 0.000000 0.000000 0 0.000000 0.000000 0 0.000000 0.000000 0
0 0.148700 0.722414 0.032108 0.042203 0.000000 0.000000 0 0.000000 0.000000 0 0.000000 0.000000 0 0.000000 0.000000 0 0.000000 0.000000 0 0.000000 0.000000 0 0.000000 0.000000 0 0.000000 0.000000 0 0.000000 0.000000 0 0.000000 0.000000 0 0.000000 0.000000 0 0.000000 0.000000 0 0.000000 0.000000 0 0.000000 0.000000 0 0.000000 0.000000 0 0.000000 0.000000 0 0.000000 0.000000 0
0 0.533911 0.940719 0.120375 0.098437 0.000000 0.000000 0 0.000000 0.000000 0 0.000000 0.000000 0 0.000000 0.000000 0 0.000000 0.000000 0 0.000000 0.000000 0 0.000000 0.000000 0 0.000000 0.000000 0 0.000000 0.000000 0 0.000000 0.000000 0 0.533958 0.968750 1 0.000000 0.000000 0 0.000000 0.000000 0 0.000000 0.000000 0 0.000000 0.000000 0 0.000000 0.000000 0 0.000000 0.000000 0