0 0.665594 0.646838 0.057125 0.182867 0.000000 0.000000 0 0.000000 0.000000 0 0.000000 0.000000 0 0.665625 0.577681 1 0.678125 0.582057 1 0.653125 0.599562 1 0.681250 0.606127 1 0.645312 0.628009 1 0.685937 0.632385 1 0.640625 0.652079 1 0.000000 0.000000 0 0.651563 0.649891 1 0.673438 0.652079 1 0.650000 0.684902 1 0.668750 0.687090 1 0.648438 0.719912 1 0.664062 0.717724 1
0 0.703180 0.622232 0.054266 0.157374 0.000000 0.000000 0 0.000000 0.000000 0 0.000000 0.000000 0 0.706250 0.564551 1 0.717187 0.564551 1 0.696875 0.592998 1 0.725000 0.584245 1 0.687500 0.625821 1 0.726562 0.617068 1 0.000000 0.000000 0 0.000000 0.000000 0 0.696875 0.643326 1 0.712500 0.638950 1 0.695312 0.665208 1 0.710938 0.663020 1 0.693750 0.693654 1 0.707812 0.689278 1
0 0.529539 0.729376 0.053984 0.188293 0.000000 0.000000 0 0.000000 0.000000 0 0.000000 0.000000 0 0.000000 0.000000 0 0.000000 0.000000 0 0.510938 0.684902 1 0.551562 0.682713 1 0.510938 0.700219 1 0.000000 0.000000 0 0.000000 0.000000 0 0.000000 0.000000 0 0.518750 0.737418 1 0.535937 0.737418 1 0.517188 0.778993 1 0.540625 0.781182 1 0.520312 0.800875 1 0.540625 0.798687 1
0 0.441867 0.743085 0.061172 0.198249 0.000000 0.000000 0 0.000000 0.000000 0 0.000000 0.000000 0 0.432812 0.673961 1 0.446875 0.671772 1 0.420312 0.695842 1 0.459375 0.695842 1 0.415625 0.730853 1 0.464062 0.728665 1 0.000000 0.000000 0 0.462500 0.743982 1 0.428125 0.746171 1 0.448437 0.746171 1 0.425000 0.785558 1 0.451562 0.789934 1 0.423438 0.820569 1 0.451562 0.822757 1
0 0.251789 0.808414 0.088672 0.180022 0.240625 0.746171 1 0.245312 0.743982 1 0.000000 0.000000 0 0.254688 0.743982 1 0.000000 0.000000 0 0.259375 0.768053 1 0.267188 0.748359 1 0.234375 0.794311 1 0.239063 0.754923 1 0.232813 0.761488 1 0.217188 0.761488 1 0.259375 0.818381 1 0.268750 0.803063 1 0.248438 0.855580 1 0.260937 0.846827 1 0.273438 0.873085 1 0.257812 0.873085 1
0 0.531750 0.453731 0.041563 0.133807 0.000000 0.000000 0 0.000000 0.000000 0 0.000000 0.000000 0 0.000000 0.000000 0 0.000000 0.000000 0 0.000000 0.000000 0 0.000000 0.000000 0 0.000000 0.000000 0 0.000000 0.000000 0 0.000000 0.000000 0 0.000000 0.000000 0 0.000000 0.000000 0 0.000000 0.000000 0 0.000000 0.000000 0 0.000000 0.000000 0 0.000000 0.000000 0 0.000000 0.000000 0
0 0.817281 0.565306 0.027812 0.077877 0.000000 0.000000 0 0.000000 0.000000 0 0.000000 0.000000 0 0.000000 0.000000 0 0.000000 0.000000 0 0.000000 0.000000 0 0.000000 0.000000 0 0.000000 0.000000 0 0.000000 0.000000 0 0.000000 0.000000 0 0.000000 0.000000 0 0.000000 0.000000 0 0.000000 0.000000 0 0.000000 0.000000 0 0.000000 0.000000 0 0.000000 0.000000 0 0.000000 0.000000 0
0 0.487617 0.382046 0.036516 0.070875 0.000000 0.000000 0 0.000000 0.000000 0 0.000000 0.000000 0 0.000000 0.000000 0 0.000000 0.000000 0 0.000000 0.000000 0 0.000000 0.000000 0 0.000000 0.000000 0 0.000000 0.000000 0 0.000000 0.000000 0 0.000000 0.000000 0 0.000000 0.000000 0 0.000000 0.000000 0 0.000000 0.000000 0 0.000000 0.000000 0 0.000000 0.000000 0 0.000000 0.000000 0
0 0.297312 0.525164 0.048250 0.150678 0.000000 0.000000 0 0.000000 0.000000 0 0.000000 0.000000 0 0.000000 0.000000 0 0.300000 0.466083 1 0.287500 0.468271 1 0.293750 0.483589 1 0.000000 0.000000 0 0.300000 0.507659 1 0.000000 0.000000 0 0.307812 0.512035 1 0.287500 0.505470 1 0.278125 0.514223 1 0.000000 0.000000 0 0.287500 0.538293 1 0.000000 0.000000 0 0.287500 0.568928 1
0 0.345602 0.457757 0.044047 0.076783 0.000000 0.000000 0 0.000000 0.000000 0 0.000000 0.000000 0 0.000000 0.000000 0 0.000000 0.000000 0 0.000000 0.000000 0 0.000000 0.000000 0 0.000000 0.000000 0 0.000000 0.000000 0 0.000000 0.000000 0 0.000000 0.000000 0 0.000000 0.000000 0 0.000000 0.000000 0 0.000000 0.000000 0 0.000000 0.000000 0 0.000000 0.000000 0 0.000000 0.000000 0
0 0.592773 0.433239 0.055703 0.093829 0.000000 0.000000 0 0.000000 0.000000 0 0.000000 0.000000 0 0.000000 0.000000 0 0.000000 0.000000 0 0.000000 0.000000 0 0.000000 0.000000 0 0.000000 0.000000 0 0.000000 0.000000 0 0.000000 0.000000 0 0.000000 0.000000 0 0.000000 0.000000 0 0.000000 0.000000 0 0.000000 0.000000 0 0.000000 0.000000 0 0.000000 0.000000 0 0.000000 0.000000 0
0 0.518391 0.344158 0.027813 0.064945 0.000000 0.000000 0 0.000000 0.000000 0 0.000000 0.000000 0 0.000000 0.000000 0 0.000000 0.000000 0 0.000000 0.000000 0 0.000000 0.000000 0 0.000000 0.000000 0 0.000000 0.000000 0 0.000000 0.000000 0 0.000000 0.000000 0 0.000000 0.000000 0 0.000000 0.000000 0 0.000000 0.000000 0 0.000000 0.000000 0 0.000000 0.000000 0 0.000000 0.000000 0
0 0.778664 0.638807 0.087484 0.179322 0.000000 0.000000 0 0.000000 0.000000 0 0.000000 0.000000 0 0.795312 0.568928 1 0.000000 0.000000 0 0.787500 0.592998 1 0.818750 0.588621 1 0.778125 0.617068 1 0.000000 0.000000 0 0.767188 0.638950 1 0.000000 0.000000 0 0.784375 0.638950 1 0.806250 0.641138 1 0.767188 0.671772 1 0.787500 0.680525 1 0.754687 0.702407 1 0.778125 0.711160 1