0 0.792273 0.384269 0.112422 0.442264 0.810937 0.207547 1 0.815625 0.200472 1 0.803125 0.200472 1 0.000000 0.000000 0 0.790625 0.207547 1 0.832812 0.252358 1 0.770312 0.261792 1 0.835938 0.316038 1 0.759375 0.323113 1 0.800000 0.327830 1 0.745313 0.393868 1 0.800000 0.389151 1 0.768750 0.389151 1 0.804688 0.490566 1 0.779687 0.478774 1 0.803125 0.568396 1 0.787500 0.577830 1
0 0.686078 0.445708 0.128312 0.289528 0.000000 0.000000 0 0.000000 0.000000 0 0.000000 0.000000 0 0.000000 0.000000 0 0.000000 0.000000 0 0.689063 0.330189 1 0.656250 0.377358 1 0.726562 0.339623 1 0.654687 0.457547 1 0.742188 0.344340 1 0.659375 0.518868 1 0.676562 0.384434 1 0.646875 0.391509 1 0.685937 0.462264 1 0.646875 0.466981 1 0.682813 0.551887 1 0.642188 0.558962 1
0 0.954922 0.455177 0.090156 0.194788 0.000000 0.000000 0 0.000000 0.000000 0 0.000000 0.000000 0 0.000000 0.000000 0 0.982812 0.396226 1 0.943750 0.433962 1 0.978125 0.438679 1 0.000000 0.000000 0 0.000000 0.000000 0 0.000000 0.000000 0 0.000000 0.000000 0 0.945312 0.537736 1 0.979688 0.533019 1 0.000000 0.000000 0 0.000000 0.000000 0 0.000000 0.000000 0 0.000000 0.000000 0
0 0.232383 0.476474 0.077016 0.301203 0.000000 0.000000 0 0.000000 0.000000 0 0.000000 0.000000 0 0.000000 0.000000 0 0.000000 0.000000 0 0.000000 0.000000 0 0.217188 0.313679 1 0.000000 0.000000 0 0.000000 0.000000 0 0.000000 0.000000 0 0.000000 0.000000 0 0.257812 0.422170 1 0.226562 0.422170 1 0.245312 0.523585 1 0.226562 0.516509 1 0.240625 0.615566 1 0.248438 0.603774 1
0 0.862586 0.488679 0.080641 0.176274 0.000000 0.000000 0 0.000000 0.000000 0 0.000000 0.000000 0 0.000000 0.000000 0 0.000000 0.000000 0 0.840625 0.448113 1 0.882812 0.443396 1 0.000000 0.000000 0 0.000000 0.000000 0 0.000000 0.000000 0 0.000000 0.000000 0 0.854688 0.537736 1 0.885938 0.537736 1 0.829688 0.542453 1 0.000000 0.000000 0 0.000000 0.000000 0 0.000000 0.000000 0
0 0.558875 0.326002 0.021969 0.048750 0.000000 0.000000 0 0.000000 0.000000 0 0.000000 0.000000 0 0.000000 0.000000 0 0.000000 0.000000 0 0.000000 0.000000 0 0.000000 0.000000 0 0.000000 0.000000 0 0.000000 0.000000 0 0.000000 0.000000 0 0.000000 0.000000 0 0.000000 0.000000 0 0.000000 0.000000 0 0.000000 0.000000 0 0.000000 0.000000 0 0.000000 0.000000 0 0.000000 0.000000 0
0 0.540008 0.323608 0.012859 0.020283 0.000000 0.000000 0 0.000000 0.000000 0 0.000000 0.000000 0 0.000000 0.000000 0 0.000000 0.000000 0 0.000000 0.000000 0 0.000000 0.000000 0 0.000000 0.000000 0 0.000000 0.000000 0 0.000000 0.000000 0 0.000000 0.000000 0 0.000000 0.000000 0 0.000000 0.000000 0 0.000000 0.000000 0 0.000000 0.000000 0 0.000000 0.000000 0 0.000000 0.000000 0
0 0.423609 0.325884 0.017219 0.037948 0.000000 0.000000 0 0.000000 0.000000 0 0.000000 0.000000 0 0.000000 0.000000 0 0.000000 0.000000 0 0.000000 0.000000 0 0.000000 0.000000 0 0.000000 0.000000 0 0.000000 0.000000 0 0.000000 0.000000 0 0.000000 0.000000 0 0.000000 0.000000 0 0.000000 0.000000 0 0.000000 0.000000 0 0.000000 0.000000 0 0.000000 0.000000 0 0.000000 0.000000 0
0 0.607305 0.317347 0.012047 0.019458 0.000000 0.000000 0 0.000000 0.000000 0 0.000000 0.000000 0 0.000000 0.000000 0 0.000000 0.000000 0 0.000000 0.000000 0 0.000000 0.000000 0 0.000000 0.000000 0 0.000000 0.000000 0 0.000000 0.000000 0 0.000000 0.000000 0 0.000000 0.000000 0 0.000000 0.000000 0 0.000000 0.000000 0 0.000000 0.000000 0 0.000000 0.000000 0 0.000000 0.000000 0
0 0.059375 0.437795 0.118750 0.472382 0.037500 0.247642 1 0.042188 0.238208 1 0.029687 0.240566 1 0.000000 0.000000 0 0.020313 0.245283 1 0.068750 0.290094 1 0.007812 0.299528 1 0.090625 0.356132 1 0.001563 0.360849 1 0.059375 0.382075 1 0.014063 0.379717 1 0.065625 0.445755 1 0.026562 0.445755 1 0.078125 0.540094 1 0.026562 0.540094 1 0.093750 0.632075 1 0.031250 0.646226 1
0 0.230477 0.402217 0.396297 0.595519 0.321875 0.193396 1 0.326562 0.181604 1 0.317188 0.183962 1 0.000000 0.000000 0 0.287500 0.169811 1 0.328125 0.216981 1 0.245312 0.198113 1 0.343750 0.280660 1 0.151562 0.209906 1 0.393750 0.339623 1 0.075000 0.233491 1 0.303125 0.344340 1 0.245312 0.346698 1 0.353125 0.325472 1 0.307812 0.426887 1 0.328125 0.464623 1 0.281250 0.601415 1