0 0.835297 0.356979 0.092906 0.130625 0.828125 0.318750 1 0.832812 0.314583 1 0.826562 0.312500 1 0.840625 0.316667 1 0.000000 0.000000 0 0.848437 0.345833 1 0.818750 0.339583 1 0.856250 0.389583 1 0.804688 0.377083 1 0.856250 0.377083 1 0.807813 0.354167 1 0.835938 0.402083 1 0.815625 0.397917 1 0.843750 0.443750 1 0.787500 0.425000 1 0.000000 0.000000 0 0.000000 0.000000 0
0 0.368289 0.719458 0.401016 0.494417 0.246875 0.531250 1 0.245312 0.510417 1 0.225000 0.533333 1 0.000000 0.000000 0 0.195312 0.575000 1 0.000000 0.000000 0 0.260937 0.681250 1 0.356250 0.616667 1 0.357812 0.754167 1 0.418750 0.647917 1 0.000000 0.000000 0 0.000000 0.000000 0 0.418750 0.825000 1 0.000000 0.000000 0 0.532813 0.810417 1 0.000000 0.000000 0 0.000000 0.000000 0
0 0.480187 0.441365 0.120156 0.199229 0.475000 0.383333 1 0.479687 0.377083 1 0.468750 0.377083 1 0.000000 0.000000 0 0.451562 0.377083 1 0.490625 0.400000 1 0.439063 0.412500 1 0.526563 0.450000 1 0.450000 0.481250 1 0.523438 0.487500 1 0.496875 0.502083 1 0.503125 0.527083 1 0.462500 0.537500 1 0.000000 0.000000 0 0.000000 0.000000 0 0.000000 0.000000 0 0.000000 0.000000 0
0 0.741102 0.463813 0.098547 0.207917 0.723437 0.412500 1 0.734375 0.402083 1 0.720313 0.402083 1 0.000000 0.000000 0 0.000000 0.000000 0 0.762500 0.445833 1 0.717187 0.454167 1 0.762500 0.531250 1 0.723437 0.514583 1 0.726562 0.535417 1 0.714063 0.527083 1 0.756250 0.541667 1 0.728125 0.541667 1 0.714063 0.564583 1 0.723437 0.568750 1 0.000000 0.000000 0 0.000000 0.000000 0
0 0.838008 0.494625 0.107234 0.178500 0.848437 0.454167 1 0.860938 0.445833 1 0.845313 0.443750 1 0.873437 0.454167 1 0.000000 0.000000 0 0.889062 0.512500 1 0.814063 0.487500 1 0.887500 0.579167 1 0.789062 0.556250 1 0.881250 0.493750 1 0.790625 0.537500 1 0.850000 0.612500 1 0.812500 0.602083 1 0.000000 0.000000 0 0.000000 0.000000 0 0.000000 0.000000 0 0.000000 0.000000 0
0 0.823937 0.751375 0.204469 0.475167 0.825000 0.602083 1 0.840625 0.593750 1 0.817187 0.585417 1 0.879687 0.614583 1 0.000000 0.000000 0 0.876563 0.714583 1 0.820312 0.654167 1 0.840625 0.833333 1 0.770312 0.750000 1 0.782813 0.929167 1 0.753125 0.662500 1 0.759375 0.885417 1 0.748437 0.816667 1 0.000000 0.000000 0 0.000000 0.000000 0 0.000000 0.000000 0 0.000000 0.000000 0
0 0.606734 0.808531 0.321344 0.382937 0.660937 0.716667 1 0.679688 0.700000 1 0.656250 0.687500 1 0.723437 0.720833 1 0.000000 0.000000 0 0.700000 0.818750 1 0.700000 0.745833 1 0.000000 0.000000 0 0.000000 0.000000 0 0.665625 0.837500 1 0.000000 0.000000 0 0.601562 0.968750 1 0.607812 0.910417 1 0.492188 0.900000 1 0.545312 0.891667 1 0.000000 0.000000 0 0.000000 0.000000 0
0 0.110250 0.637500 0.205313 0.501875 0.067187 0.443750 1 0.070312 0.431250 1 0.048438 0.435417 1 0.000000 0.000000 0 0.023438 0.441667 1 0.106250 0.472917 1 0.025000 0.516667 1 0.154688 0.537500 1 0.037500 0.629167 1 0.179688 0.620833 1 0.115625 0.654167 1 0.156250 0.641667 1 0.096875 0.672917 1 0.234375 0.662500 1 0.226562 0.704167 1 0.137500 0.737500 1 0.146875 0.818750 1
0 0.105555 0.329323 0.069578 0.091104 0.000000 0.000000 0 0.000000 0.000000 0 0.000000 0.000000 0 0.000000 0.000000 0 0.000000 0.000000 0 0.090625 0.325000 1 0.125000 0.325000 1 0.076563 0.354167 1 0.137500 0.352083 1 0.000000 0.000000 0 0.000000 0.000000 0 0.095312 0.385417 1 0.120313 0.385417 1 0.000000 0.000000 0 0.000000 0.000000 0 0.000000 0.000000 0 0.000000 0.000000 0
0 0.639602 0.455052 0.112922 0.186521 0.631250 0.408333 1 0.639062 0.402083 1 0.629687 0.402083 1 0.656250 0.404167 1 0.000000 0.000000 0 0.679688 0.454167 1 0.612500 0.450000 1 0.681250 0.514583 1 0.600000 0.495833 1 0.667188 0.537500 1 0.600000 0.506250 1 0.645312 0.550000 1 0.615625 0.539583 1 0.000000 0.000000 0 0.000000 0.000000 0 0.000000 0.000000 0 0.000000 0.000000 0
0 0.181625 0.350375 0.065906 0.183875 0.175000 0.281250 1 0.178125 0.277083 1 0.000000 0.000000 0 0.190625 0.279167 1 0.000000 0.000000 0 0.195312 0.300000 1 0.175000 0.300000 1 0.190625 0.331250 1 0.165625 0.322917 1 0.000000 0.000000 0 0.000000 0.000000 0 0.193750 0.360417 1 0.173437 0.358333 1 0.000000 0.000000 0 0.000000 0.000000 0 0.000000 0.000000 0 0.000000 0.000000 0
0 0.078563 0.316052 0.067281 0.127771 0.107813 0.279167 1 0.000000 0.000000 0 0.106250 0.272917 1 0.000000 0.000000 0 0.093750 0.277083 1 0.095312 0.302083 1 0.068750 0.289583 1 0.000000 0.000000 0 0.054688 0.337500 1 0.000000 0.000000 0 0.084375 0.337500 1 0.079687 0.350000 1 0.059375 0.354167 1 0.000000 0.000000 0 0.000000 0.000000 0 0.000000 0.000000 0 0.000000 0.000000 0
0 0.223562 0.340490 0.080062 0.105896 0.000000 0.000000 0 0.000000 0.000000 0 0.000000 0.000000 0 0.000000 0.000000 0 0.000000 0.000000 0 0.000000 0.000000 0 0.000000 0.000000 0 0.000000 0.000000 0 0.000000 0.000000 0 0.000000 0.000000 0 0.000000 0.000000 0 0.000000 0.000000 0 0.000000 0.000000 0 0.000000 0.000000 0 0.000000 0.000000 0 0.000000 0.000000 0 0.000000 0.000000 0