0 0.515352 0.537594 0.184516 0.537979 0.429688 0.339583 1 0.431250 0.329167 1 0.000000 0.000000 0 0.453125 0.325000 1 0.000000 0.000000 0 0.467187 0.368750 1 0.507812 0.345833 1 0.479687 0.483333 1 0.539062 0.420833 1 0.457813 0.535417 1 0.518750 0.481250 1 0.556250 0.477083 1 0.598437 0.460417 1 0.503125 0.593750 1 0.546875 0.612500 1 0.529687 0.729167 1 0.567187 0.741667 1
0 0.387688 0.644531 0.083719 0.173271 0.351562 0.597917 1 0.353125 0.593750 1 0.000000 0.000000 0 0.370312 0.593750 1 0.000000 0.000000 0 0.395313 0.622917 1 0.362500 0.631250 1 0.387500 0.662500 1 0.365625 0.677083 1 0.360938 0.689583 1 0.343750 0.670833 1 0.414062 0.693750 1 0.384375 0.691667 1 0.376563 0.714583 1 0.371875 0.693750 1 0.340625 0.720833 1 0.364063 0.712500 1
0 0.298977 0.650844 0.126234 0.180229 0.334375 0.593750 1 0.337500 0.585417 1 0.325000 0.591667 1 0.000000 0.000000 0 0.000000 0.000000 0 0.364063 0.627083 1 0.318750 0.627083 1 0.000000 0.000000 0 0.312500 0.656250 1 0.000000 0.000000 0 0.307812 0.681250 1 0.350000 0.691667 1 0.320312 0.689583 1 0.320312 0.710417 1 0.303125 0.689583 1 0.276562 0.720833 1 0.304688 0.714583 1
0 0.225891 0.650719 0.135344 0.186271 0.267188 0.595833 1 0.270313 0.589583 1 0.264062 0.591667 1 0.000000 0.000000 0 0.246875 0.589583 1 0.275000 0.622917 1 0.228125 0.622917 1 0.281250 0.679167 1 0.221875 0.679167 1 0.000000 0.000000 0 0.229687 0.712500 1 0.260937 0.697917 1 0.232813 0.700000 1 0.000000 0.000000 0 0.167187 0.691667 1 0.000000 0.000000 0 0.217188 0.729167 1
0 0.067141 0.675146 0.134281 0.190750 0.031250 0.618750 1 0.040625 0.612500 1 0.000000 0.000000 0 0.059375 0.610417 1 0.000000 0.000000 0 0.079687 0.633333 1 0.032813 0.637500 1 0.096875 0.693750 1 0.020313 0.689583 1 0.103125 0.731250 1 0.010937 0.731250 1 0.053125 0.731250 1 0.018750 0.727083 1 0.051562 0.706250 1 0.000000 0.000000 0 0.017188 0.750000 1 0.000000 0.000000 0
0 0.123953 0.612646 0.067125 0.264208 0.000000 0.000000 0 0.000000 0.000000 0 0.000000 0.000000 0 0.000000 0.000000 0 0.000000 0.000000 0 0.000000 0.000000 0 0.000000 0.000000 0 0.126562 0.529167 1 0.000000 0.000000 0 0.123438 0.570833 1 0.000000 0.000000 0 0.000000 0.000000 0 0.000000 0.000000 0 0.128125 0.643750 1 0.098437 0.650000 1 0.000000 0.000000 0 0.109375 0.720833 1
0 0.926969 0.537083 0.107875 0.332583 0.920312 0.400000 1 0.925000 0.395833 1 0.915625 0.395833 1 0.940625 0.393750 1 0.000000 0.000000 0 0.954688 0.431250 1 0.909375 0.433333 1 0.956250 0.475000 1 0.884375 0.468750 1 0.937500 0.433333 1 0.895312 0.510417 1 0.948438 0.529167 1 0.921875 0.529167 1 0.946875 0.612500 1 0.926562 0.606250 1 0.946875 0.681250 1 0.932813 0.683333 1
0 0.358914 0.461510 0.053547 0.111521 0.340625 0.443750 1 0.345313 0.433333 1 0.337500 0.433333 1 0.356250 0.425000 1 0.000000 0.000000 0 0.368750 0.458333 1 0.346875 0.462500 1 0.378125 0.514583 1 0.000000 0.000000 0 0.000000 0.000000 0 0.000000 0.000000 0 0.357812 0.545833 1 0.339062 0.541667 1 0.000000 0.000000 0 0.000000 0.000000 0 0.000000 0.000000 0 0.000000 0.000000 0
0 0.611531 0.476521 0.067250 0.216167 0.601562 0.397917 1 0.607812 0.393750 1 0.598437 0.393750 1 0.620313 0.391667 1 0.000000 0.000000 0 0.642188 0.427083 1 0.589063 0.431250 1 0.640625 0.477083 1 0.000000 0.000000 0 0.610938 0.462500 1 0.000000 0.000000 0 0.623437 0.531250 1 0.595313 0.531250 1 0.629687 0.627083 1 0.600000 0.629167 1 0.000000 0.000000 0 0.000000 0.000000 0
0 0.092695 0.553937 0.128078 0.370792 0.068750 0.402083 1 0.075000 0.395833 1 0.067187 0.395833 1 0.093750 0.393750 1 0.000000 0.000000 0 0.110937 0.425000 1 0.062500 0.431250 1 0.090625 0.485417 1 0.035937 0.487500 1 0.057813 0.479167 1 0.059375 0.493750 1 0.101562 0.520833 1 0.068750 0.522917 1 0.114062 0.631250 1 0.053125 0.627083 1 0.132812 0.716667 1 0.000000 0.000000 0
0 0.286523 0.475281 0.087641 0.105604 0.284375 0.395833 1 0.284375 0.387500 1 0.279687 0.387500 1 0.292187 0.383333 1 0.270313 0.385417 1 0.307812 0.437500 1 0.264062 0.441667 1 0.306250 0.483333 1 0.256250 0.491667 1 0.273438 0.477083 1 0.293750 0.477083 1 0.303125 0.547917 1 0.270313 0.547917 1 0.000000 0.000000 0 0.000000 0.000000 0 0.000000 0.000000 0 0.000000 0.000000 0
0 0.463953 0.640396 0.078437 0.183458 0.454688 0.581250 1 0.460938 0.570833 1 0.451562 0.570833 1 0.476562 0.570833 1 0.000000 0.000000 0 0.487500 0.600000 1 0.443750 0.602083 1 0.493750 0.672917 1 0.445312 0.664583 1 0.456250 0.672917 1 0.442188 0.606250 1 0.482812 0.670833 1 0.456250 0.668750 1 0.468750 0.695833 1 0.000000 0.000000 0 0.000000 0.000000 0 0.000000 0.000000 0
0 0.812953 0.503115 0.079438 0.288271 0.804688 0.391667 1 0.809375 0.383333 1 0.800000 0.385417 1 0.000000 0.000000 0 0.000000 0.000000 0 0.832812 0.422917 1 0.789062 0.422917 1 0.846875 0.464583 1 0.778125 0.466667 1 0.839063 0.477083 1 0.787500 0.485417 1 0.829688 0.508333 1 0.795312 0.508333 1 0.829688 0.581250 1 0.793750 0.581250 1 0.837500 0.639583 1 0.793750 0.637500 1