0 0.377800 0.530189 0.266120 0.828227 0.386000 0.209302 1 0.000000 0.000000 0 0.378000 0.191860 1 0.000000 0.000000 0 0.000000 0.000000 0 0.000000 0.000000 0 0.324000 0.258721 1 0.000000 0.000000 0 0.388000 0.337209 1 0.000000 0.000000 0 0.466000 0.366279 1 0.320000 0.462209 1 0.296000 0.465116 1 0.354000 0.677326 1 0.314000 0.683140 1 0.350000 0.886628 1 0.270000 0.892442 1
0 0.789290 0.703503 0.083340 0.487413 0.788000 0.502907 1 0.792000 0.494186 1 0.782000 0.494186 1 0.000000 0.000000 0 0.770000 0.505814 1 0.810000 0.552326 1 0.766000 0.555233 1 0.820000 0.625000 1 0.766000 0.622093 1 0.810000 0.688953 1 0.756000 0.683140 1 0.798000 0.674419 1 0.770000 0.674419 1 0.792000 0.787791 1 0.782000 0.799419 1 0.798000 0.906977 1 0.790000 0.904070 1
0 0.667900 0.774913 0.123680 0.355058 0.652000 0.636628 1 0.658000 0.630814 1 0.644000 0.630814 1 0.668000 0.639535 1 0.638000 0.645349 1 0.682000 0.686047 1 0.624000 0.686047 1 0.700000 0.726744 1 0.646000 0.723837 1 0.692000 0.680233 1 0.676000 0.680233 1 0.690000 0.784884 1 0.644000 0.781977 1 0.716000 0.796512 1 0.674000 0.796512 1 0.704000 0.927326 1 0.668000 0.930233 1
0 0.558220 0.654811 0.097560 0.499448 0.560000 0.447674 1 0.564000 0.436047 1 0.550000 0.436047 1 0.000000 0.000000 0 0.540000 0.447674 1 0.584000 0.508721 1 0.524000 0.505814 1 0.596000 0.566860 1 0.526000 0.563953 1 0.572000 0.523256 1 0.560000 0.529070 1 0.578000 0.625000 1 0.536000 0.619186 1 0.578000 0.726744 1 0.542000 0.720930 1 0.572000 0.845930 1 0.534000 0.843023 1
0 0.217020 0.772020 0.104680 0.344506 0.226000 0.639535 1 0.228000 0.630814 1 0.216000 0.636628 1 0.000000 0.000000 0 0.202000 0.648256 1 0.244000 0.668605 1 0.186000 0.686047 1 0.262000 0.741279 1 0.172000 0.755814 1 0.242000 0.787791 1 0.200000 0.779070 1 0.242000 0.808140 1 0.210000 0.808140 1 0.270000 0.784884 1 0.184000 0.784884 1 0.250000 0.895349 1 0.198000 0.901163 1
0 0.056430 0.765174 0.078860 0.321337 0.062000 0.642442 1 0.066000 0.639535 1 0.054000 0.639535 1 0.000000 0.000000 0 0.036000 0.648256 1 0.080000 0.694767 1 0.030000 0.691860 1 0.086000 0.744186 1 0.036000 0.752907 1 0.076000 0.770349 1 0.060000 0.767442 1 0.066000 0.764535 1 0.032000 0.770349 1 0.072000 0.750000 1 0.076000 0.793605 1 0.060000 0.843023 1 0.068000 0.889535 1
0 0.779260 0.590901 0.179000 0.406221 0.786000 0.500000 1 0.794000 0.494186 1 0.780000 0.494186 1 0.000000 0.000000 0 0.772000 0.505814 1 0.808000 0.546512 1 0.766000 0.552326 1 0.826000 0.633721 1 0.762000 0.627907 1 0.810000 0.694767 1 0.754000 0.694767 1 0.802000 0.691860 1 0.768000 0.691860 1 0.794000 0.796512 1 0.778000 0.793605 1 0.798000 0.912791 1 0.786000 0.909884 1
0 0.506600 0.740102 0.099760 0.366890 0.490000 0.601744 1 0.496000 0.593023 1 0.484000 0.593023 1 0.508000 0.601744 1 0.000000 0.000000 0 0.522000 0.645349 1 0.474000 0.645349 1 0.000000 0.000000 0 0.464000 0.729651 1 0.000000 0.000000 0 0.000000 0.000000 0 0.516000 0.744186 1 0.486000 0.747093 1 0.498000 0.738372 1 0.516000 0.764535 1 0.502000 0.854651 1 0.520000 0.901163 1
0 0.474570 0.515480 0.064660 0.111541 0.000000 0.000000 0 0.000000 0.000000 0 0.000000 0.000000 0 0.000000 0.000000 0 0.000000 0.000000 0 0.000000 0.000000 0 0.000000 0.000000 0 0.000000 0.000000 0 0.000000 0.000000 0 0.000000 0.000000 0 0.000000 0.000000 0 0.000000 0.000000 0 0.000000 0.000000 0 0.000000 0.000000 0 0.000000 0.000000 0 0.000000 0.000000 0 0.000000 0.000000 0
0 0.102790 0.682049 0.130500 0.513517 0.128000 0.479651 1 0.134000 0.473837 1 0.120000 0.473837 1 0.000000 0.000000 0 0.108000 0.479651 1 0.144000 0.531977 1 0.092000 0.529070 1 0.158000 0.569767 1 0.048000 0.566860 1 0.144000 0.598837 1 0.082000 0.607558 1 0.134000 0.656977 1 0.104000 0.654070 1 0.132000 0.770349 1 0.110000 0.767442 1 0.118000 0.866279 1 0.102000 0.866279 1
0 0.210300 0.534578 0.097840 0.248866 0.208000 0.433140 1 0.000000 0.000000 0 0.198000 0.424419 1 0.000000 0.000000 0 0.182000 0.436047 1 0.232000 0.479651 1 0.176000 0.482558 1 0.250000 0.552326 1 0.192000 0.526163 1 0.222000 0.537791 1 0.214000 0.462209 1 0.232000 0.622093 1 0.192000 0.616279 1 0.238000 0.726744 1 0.194000 0.726744 1 0.000000 0.000000 0 0.000000 0.000000 0