0 0.206508 0.622259 0.054891 0.225584 0.220312 0.543147 1 0.000000 0.000000 0 0.218750 0.535533 1 0.000000 0.000000 0 0.214062 0.527919 1 0.000000 0.000000 0 0.203125 0.543147 1 0.000000 0.000000 0 0.192188 0.568528 1 0.000000 0.000000 0 0.196875 0.601523 1 0.000000 0.000000 0 0.195312 0.616751 1 0.000000 0.000000 0 0.195312 0.659898 1 0.000000 0.000000 0 0.195312 0.710660 1
0 0.153211 0.535279 0.038047 0.166294 0.000000 0.000000 0 0.000000 0.000000 0 0.000000 0.000000 0 0.000000 0.000000 0 0.000000 0.000000 0 0.000000 0.000000 0 0.000000 0.000000 0 0.000000 0.000000 0 0.000000 0.000000 0 0.000000 0.000000 0 0.000000 0.000000 0 0.000000 0.000000 0 0.000000 0.000000 0 0.000000 0.000000 0 0.000000 0.000000 0 0.000000 0.000000 0 0.000000 0.000000 0
0 0.111625 0.483756 0.041500 0.084264 0.000000 0.000000 0 0.000000 0.000000 0 0.000000 0.000000 0 0.000000 0.000000 0 0.000000 0.000000 0 0.000000 0.000000 0 0.000000 0.000000 0 0.000000 0.000000 0 0.000000 0.000000 0 0.000000 0.000000 0 0.000000 0.000000 0 0.000000 0.000000 0 0.000000 0.000000 0 0.000000 0.000000 0 0.000000 0.000000 0 0.000000 0.000000 0 0.000000 0.000000 0
0 0.275461 0.314772 0.052453 0.205635 0.000000 0.000000 0 0.000000 0.000000 0 0.000000 0.000000 0 0.271875 0.246193 1 0.000000 0.000000 0 0.271875 0.261421 1 0.290625 0.261421 1 0.267188 0.271574 1 0.295312 0.276650 1 0.259375 0.281726 1 0.292187 0.296954 1 0.273438 0.307107 1 0.284375 0.307107 1 0.271875 0.357868 1 0.289062 0.355330 1 0.270313 0.398477 1 0.290625 0.403553 1
0 0.660906 0.367830 0.039719 0.194239 0.000000 0.000000 0 0.000000 0.000000 0 0.000000 0.000000 0 0.000000 0.000000 0 0.000000 0.000000 0 0.000000 0.000000 0 0.000000 0.000000 0 0.000000 0.000000 0 0.000000 0.000000 0 0.000000 0.000000 0 0.000000 0.000000 0 0.000000 0.000000 0 0.000000 0.000000 0 0.000000 0.000000 0 0.000000 0.000000 0 0.000000 0.000000 0 0.000000 0.000000 0
0 0.785117 0.714734 0.084359 0.160330 0.764062 0.664975 1 0.767188 0.659898 1 0.000000 0.000000 0 0.776563 0.659898 1 0.000000 0.000000 0 0.787500 0.682741 1 0.779687 0.677665 1 0.785937 0.725888 1 0.000000 0.000000 0 0.000000 0.000000 0 0.000000 0.000000 0 0.801562 0.751269 1 0.795312 0.743655 1 0.765625 0.738579 1 0.754687 0.725888 1 0.767188 0.789340 1 0.756250 0.784264 1
0 0.924055 0.508959 0.040953 0.212893 0.920312 0.423858 1 0.921875 0.418782 1 0.918750 0.418782 1 0.928125 0.421320 1 0.914062 0.423858 1 0.931250 0.446701 1 0.914062 0.446701 1 0.935937 0.472081 1 0.910937 0.472081 1 0.000000 0.000000 0 0.000000 0.000000 0 0.931250 0.502538 1 0.917188 0.502538 1 0.934375 0.545685 1 0.918750 0.543147 1 0.935937 0.581218 1 0.920312 0.576142 1
0 0.763859 0.129023 0.037844 0.196168 0.760938 0.053299 1 0.764062 0.050761 1 0.759375 0.050761 1 0.770312 0.050761 1 0.000000 0.000000 0 0.776563 0.071066 1 0.751563 0.073604 1 0.000000 0.000000 0 0.746875 0.101523 1 0.000000 0.000000 0 0.748437 0.126904 1 0.771875 0.137056 1 0.754687 0.134518 1 0.000000 0.000000 0 0.000000 0.000000 0 0.000000 0.000000 0 0.000000 0.000000 0
0 0.465391 0.132157 0.042156 0.188782 0.451562 0.060914 1 0.453125 0.055838 1 0.450000 0.055838 1 0.459375 0.055838 1 0.000000 0.000000 0 0.464062 0.068528 1 0.450000 0.071066 1 0.473438 0.098985 1 0.000000 0.000000 0 0.000000 0.000000 0 0.000000 0.000000 0 0.460938 0.121827 1 0.450000 0.124365 1 0.462500 0.167513 1 0.454688 0.167513 1 0.000000 0.000000 0 0.000000 0.000000 0
0 0.351977 0.317360 0.054578 0.188477 0.354687 0.246193 1 0.354687 0.243655 1 0.353125 0.243655 1 0.357812 0.243655 1 0.350000 0.243655 1 0.359375 0.256345 1 0.342187 0.253807 1 0.367188 0.279188 1 0.328125 0.276650 1 0.371875 0.304569 1 0.345313 0.269036 1 0.354687 0.322335 1 0.340625 0.322335 1 0.362500 0.347716 1 0.340625 0.360406 1 0.365625 0.395939 1 0.337500 0.395939 1
0 0.123984 0.601536 0.032031 0.169670 0.000000 0.000000 0 0.000000 0.000000 0 0.000000 0.000000 0 0.000000 0.000000 0 0.000000 0.000000 0 0.000000 0.000000 0 0.000000 0.000000 0 0.000000 0.000000 0 0.000000 0.000000 0 0.000000 0.000000 0 0.000000 0.000000 0 0.000000 0.000000 0 0.000000 0.000000 0 0.000000 0.000000 0 0.000000 0.000000 0 0.000000 0.000000 0 0.000000 0.000000 0
0 0.210680 0.320228 0.036734 0.169239 0.000000 0.000000 0 0.000000 0.000000 0 0.000000 0.000000 0 0.000000 0.000000 0 0.000000 0.000000 0 0.000000 0.000000 0 0.000000 0.000000 0 0.000000 0.000000 0 0.000000 0.000000 0 0.000000 0.000000 0 0.000000 0.000000 0 0.000000 0.000000 0 0.000000 0.000000 0 0.000000 0.000000 0 0.000000 0.000000 0 0.000000 0.000000 0 0.000000 0.000000 0
0 0.590961 0.372272 0.031516 0.192563 0.000000 0.000000 0 0.000000 0.000000 0 0.000000 0.000000 0 0.000000 0.000000 0 0.000000 0.000000 0 0.000000 0.000000 0 0.000000 0.000000 0 0.000000 0.000000 0 0.000000 0.000000 0 0.000000 0.000000 0 0.000000 0.000000 0 0.000000 0.000000 0 0.000000 0.000000 0 0.000000 0.000000 0 0.000000 0.000000 0 0.000000 0.000000 0 0.000000 0.000000 0