0 0.336586 0.785609 0.187359 0.428782 0.325000 0.637002 1 0.331250 0.627635 1 0.315625 0.629977 1 0.346875 0.627635 1 0.000000 0.000000 0 0.375000 0.672131 1 0.304688 0.683841 1 0.414062 0.716628 1 0.267188 0.754098 1 0.412500 0.798595 1 0.257812 0.716628 1 0.373437 0.850117 1 0.326562 0.843091 1 0.360938 0.962529 1 0.309375 0.950820 1 0.000000 0.000000 0 0.000000 0.000000 0
0 0.489617 0.563689 0.162766 0.335902 0.520312 0.456674 1 0.526563 0.444965 1 0.515625 0.444965 1 0.546875 0.449649 1 0.000000 0.000000 0 0.557813 0.526932 1 0.490625 0.494145 1 0.543750 0.608899 1 0.465625 0.580796 1 0.000000 0.000000 0 0.509375 0.548009 1 0.515625 0.627635 1 0.467187 0.611241 1 0.570312 0.632319 1 0.492188 0.545667 1 0.517188 0.676815 1 0.512500 0.662763 1
0 0.847367 0.345574 0.056641 0.165293 0.000000 0.000000 0 0.000000 0.000000 0 0.000000 0.000000 0 0.000000 0.000000 0 0.000000 0.000000 0 0.000000 0.000000 0 0.000000 0.000000 0 0.000000 0.000000 0 0.000000 0.000000 0 0.000000 0.000000 0 0.000000 0.000000 0 0.000000 0.000000 0 0.000000 0.000000 0 0.000000 0.000000 0 0.000000 0.000000 0 0.000000 0.000000 0 0.000000 0.000000 0
0 0.770875 0.706077 0.141250 0.558571 0.778125 0.480094 1 0.784375 0.468384 1 0.767188 0.468384 1 0.792188 0.482436 1 0.753125 0.484778 1 0.803125 0.555035 1 0.740625 0.555035 1 0.828125 0.665105 1 0.721875 0.655738 1 0.826562 0.737705 1 0.720313 0.714286 1 0.787500 0.775176 1 0.740625 0.763466 1 0.771875 0.906323 1 0.726562 0.885246 1 0.000000 0.000000 0 0.000000 0.000000 0
0 0.394984 0.424040 0.064625 0.492201 0.000000 0.000000 0 0.382812 0.210773 1 0.000000 0.000000 0 0.395313 0.217799 1 0.000000 0.000000 0 0.406250 0.271663 1 0.000000 0.000000 0 0.000000 0.000000 0 0.000000 0.000000 0 0.384375 0.269321 1 0.000000 0.000000 0 0.392188 0.391101 1 0.000000 0.000000 0 0.398438 0.519906 1 0.000000 0.000000 0 0.409375 0.620609 1 0.000000 0.000000 0
0 0.443313 0.416710 0.113031 0.471311 0.431250 0.234192 1 0.437500 0.227166 1 0.426563 0.227166 1 0.453125 0.234192 1 0.000000 0.000000 0 0.478125 0.278689 1 0.409375 0.288056 1 0.489063 0.344262 1 0.398438 0.355972 1 0.454688 0.327869 1 0.415625 0.304450 1 0.465625 0.444965 1 0.429688 0.444965 1 0.467187 0.552693 1 0.432812 0.557377 1 0.467187 0.679157 1 0.439063 0.676815 1
0 0.575391 0.347400 0.088750 0.329649 0.565625 0.222482 1 0.575000 0.213115 1 0.567187 0.213115 1 0.595313 0.220141 1 0.000000 0.000000 0 0.609375 0.276347 1 0.564063 0.283372 1 0.598437 0.348946 1 0.000000 0.000000 0 0.557813 0.313817 1 0.548438 0.327869 1 0.584375 0.428571 1 0.556250 0.428571 1 0.587500 0.548009 1 0.562500 0.548009 1 0.000000 0.000000 0 0.000000 0.000000 0
0 0.666375 0.325129 0.097750 0.361546 0.690625 0.192037 1 0.698438 0.189696 1 0.685937 0.185012 1 0.706250 0.196721 1 0.675000 0.187354 1 0.703125 0.243560 1 0.662500 0.227166 1 0.000000 0.000000 0 0.000000 0.000000 0 0.000000 0.000000 0 0.000000 0.000000 0 0.678125 0.402810 1 0.646875 0.395785 1 0.000000 0.000000 0 0.000000 0.000000 0 0.000000 0.000000 0 0.000000 0.000000 0
0 0.740211 0.368419 0.098797 0.366534 0.737500 0.224824 1 0.742188 0.220141 1 0.732812 0.217799 1 0.000000 0.000000 0 0.000000 0.000000 0 0.765625 0.281030 1 0.714063 0.278689 1 0.781250 0.351288 1 0.692187 0.362998 1 0.770312 0.367681 1 0.707812 0.318501 1 0.753125 0.391101 1 0.723437 0.388759 1 0.748437 0.477752 1 0.720313 0.480094 1 0.000000 0.000000 0 0.000000 0.000000 0
0 0.486758 0.263970 0.074641 0.257822 0.484375 0.189696 1 0.492188 0.180328 1 0.481250 0.180328 1 0.498437 0.185012 1 0.470313 0.175644 1 0.500000 0.229508 1 0.464062 0.222482 1 0.514062 0.323185 1 0.000000 0.000000 0 0.514062 0.393443 1 0.000000 0.000000 0 0.000000 0.000000 0 0.000000 0.000000 0 0.000000 0.000000 0 0.000000 0.000000 0 0.000000 0.000000 0 0.000000 0.000000 0
0 0.126953 0.621780 0.071625 0.280562 0.000000 0.000000 0 0.123438 0.496487 1 0.118750 0.498829 1 0.134375 0.498829 1 0.000000 0.000000 0 0.140625 0.529274 1 0.000000 0.000000 0 0.142187 0.559719 1 0.000000 0.000000 0 0.118750 0.583138 1 0.000000 0.000000 0 0.134375 0.604215 1 0.121875 0.601874 1 0.128125 0.660422 1 0.118750 0.681499 1 0.146875 0.723653 1 0.126562 0.740047 1
0 0.323758 0.424040 0.114984 0.458056 0.332813 0.243560 1 0.339062 0.236534 1 0.326562 0.234192 1 0.000000 0.000000 0 0.314063 0.234192 1 0.354687 0.295082 1 0.306250 0.292740 1 0.368750 0.367681 1 0.275000 0.365340 1 0.331250 0.337237 1 0.287500 0.304450 1 0.346875 0.437939 1 0.307812 0.435597 1 0.346875 0.552693 1 0.306250 0.545667 1 0.360938 0.653396 1 0.303125 0.658080 1
0 0.626320 0.675492 0.185016 0.530281 0.639062 0.451991 1 0.648438 0.444965 1 0.637500 0.444965 1 0.667188 0.456674 1 0.000000 0.000000 0 0.684375 0.515222 1 0.614062 0.519906 1 0.712500 0.597190 1 0.578125 0.585480 1 0.671875 0.585480 1 0.607812 0.587822 1 0.648438 0.700234 1 0.625000 0.700234 1 0.665625 0.718970 1 0.576562 0.714286 1 0.650000 0.885246 1 0.576562 0.875878 1