0 0.898148 0.336025 0.068922 0.373665 0.000000 0.000000 0 0.000000 0.000000 0 0.000000 0.000000 0 0.881250 0.178054 1 0.901563 0.178054 1 0.901563 0.223602 1 0.900000 0.219462 1 0.900000 0.281573 1 0.000000 0.000000 0 0.871875 0.302277 1 0.000000 0.000000 0 0.898438 0.327122 1 0.893750 0.329193 1 0.907813 0.426501 1 0.901563 0.422360 1 0.914062 0.513458 1 0.906250 0.511387 1
0 0.967547 0.362019 0.064906 0.306729 0.950000 0.242236 1 0.953125 0.231884 1 0.000000 0.000000 0 0.968750 0.238095 1 0.000000 0.000000 0 0.973437 0.273292 1 0.000000 0.000000 0 0.954688 0.316770 1 0.000000 0.000000 0 0.942187 0.343685 1 0.000000 0.000000 0 0.976562 0.368530 1 0.000000 0.000000 0 0.982812 0.447205 1 0.000000 0.000000 0 0.981250 0.513458 1 0.000000 0.000000 0
0 0.874516 0.338965 0.042500 0.324306 0.867188 0.209110 1 0.870313 0.198758 1 0.862500 0.200828 1 0.882812 0.204969 1 0.000000 0.000000 0 0.896875 0.238095 1 0.846875 0.238095 1 0.000000 0.000000 0 0.000000 0.000000 0 0.000000 0.000000 0 0.000000 0.000000 0 0.881250 0.335404 1 0.854688 0.331263 1 0.881250 0.414079 1 0.850000 0.412008 1 0.884375 0.484472 1 0.854688 0.490683 1
0 0.793930 0.340021 0.081047 0.359627 0.785937 0.194617 1 0.789062 0.186335 1 0.781250 0.188406 1 0.000000 0.000000 0 0.768750 0.192547 1 0.801562 0.233954 1 0.762500 0.240166 1 0.000000 0.000000 0 0.000000 0.000000 0 0.000000 0.000000 0 0.000000 0.000000 0 0.798438 0.345756 1 0.773438 0.349896 1 0.809375 0.424431 1 0.778125 0.422360 1 0.823438 0.494824 1 0.781250 0.484472 1
0 0.165195 0.255549 0.026484 0.068406 0.000000 0.000000 0 0.000000 0.000000 0 0.000000 0.000000 0 0.000000 0.000000 0 0.000000 0.000000 0 0.000000 0.000000 0 0.000000 0.000000 0 0.000000 0.000000 0 0.000000 0.000000 0 0.000000 0.000000 0 0.000000 0.000000 0 0.000000 0.000000 0 0.000000 0.000000 0 0.000000 0.000000 0 0.000000 0.000000 0 0.000000 0.000000 0 0.000000 0.000000 0
0 0.257703 0.373437 0.098344 0.360248 0.000000 0.000000 0 0.000000 0.000000 0 0.000000 0.000000 0 0.259375 0.231884 1 0.000000 0.000000 0 0.267188 0.269151 1 0.301563 0.256729 1 0.270313 0.304348 1 0.000000 0.000000 0 0.245312 0.329193 1 0.000000 0.000000 0 0.000000 0.000000 0 0.000000 0.000000 0 0.000000 0.000000 0 0.000000 0.000000 0 0.000000 0.000000 0 0.000000 0.000000 0
0 0.098891 0.181491 0.066781 0.105093 0.101562 0.155280 1 0.103125 0.149068 1 0.095312 0.151139 1 0.000000 0.000000 0 0.085938 0.159420 1 0.112500 0.182195 1 0.081250 0.186335 1 0.000000 0.000000 0 0.000000 0.000000 0 0.000000 0.000000 0 0.000000 0.000000 0 0.000000 0.000000 0 0.000000 0.000000 0 0.000000 0.000000 0 0.000000 0.000000 0 0.000000 0.000000 0 0.000000 0.000000 0
0 0.834672 0.353002 0.081438 0.387660 0.000000 0.000000 0 0.000000 0.000000 0 0.000000 0.000000 0 0.814063 0.194617 1 0.000000 0.000000 0 0.825000 0.236025 1 0.845313 0.227743 1 0.820312 0.296066 1 0.000000 0.000000 0 0.818750 0.341615 1 0.000000 0.000000 0 0.831250 0.354037 1 0.851562 0.351967 1 0.834375 0.443064 1 0.845313 0.436853 1 0.851562 0.509317 1 0.857812 0.511387 1
0 0.200555 0.354534 0.057516 0.196936 0.000000 0.000000 0 0.000000 0.000000 0 0.000000 0.000000 0 0.195312 0.283644 1 0.000000 0.000000 0 0.209375 0.310559 1 0.221875 0.308489 1 0.203125 0.356108 1 0.000000 0.000000 0 0.198437 0.393375 1 0.000000 0.000000 0 0.206250 0.414079 1 0.221875 0.414079 1 0.000000 0.000000 0 0.000000 0.000000 0 0.000000 0.000000 0 0.000000 0.000000 0
0 0.109742 0.373820 0.084422 0.272940 0.076563 0.291925 1 0.082812 0.283644 1 0.073438 0.287785 1 0.090625 0.285714 1 0.000000 0.000000 0 0.115625 0.308489 1 0.059375 0.327122 1 0.126562 0.362319 1 0.000000 0.000000 0 0.110937 0.383023 1 0.000000 0.000000 0 0.115625 0.414079 1 0.079687 0.420290 1 0.123438 0.494824 1 0.084375 0.498965 1 0.000000 0.000000 0 0.000000 0.000000 0
0 0.590508 0.408592 0.090172 0.203975 0.587500 0.370600 1 0.600000 0.360248 1 0.585938 0.358178 1 0.000000 0.000000 0 0.000000 0.000000 0 0.646875 0.414079 1 0.564063 0.426501 1 0.000000 0.000000 0 0.000000 0.000000 0 0.607812 0.465839 1 0.000000 0.000000 0 0.000000 0.000000 0 0.000000 0.000000 0 0.000000 0.000000 0 0.000000 0.000000 0 0.000000 0.000000 0 0.000000 0.000000 0
0 0.162414 0.388054 0.057328 0.240994 0.173437 0.298137 1 0.178125 0.291925 1 0.168750 0.289855 1 0.000000 0.000000 0 0.159375 0.298137 1 0.185938 0.322981 1 0.154688 0.329193 1 0.187500 0.372671 1 0.146875 0.372671 1 0.185938 0.407867 1 0.151562 0.405797 1 0.178125 0.401656 1 0.159375 0.401656 1 0.176563 0.463768 1 0.159375 0.463768 1 0.000000 0.000000 0 0.000000 0.000000 0
0 0.322023 0.216429 0.041078 0.050580 0.000000 0.000000 0 0.000000 0.000000 0 0.000000 0.000000 0 0.000000 0.000000 0 0.000000 0.000000 0 0.000000 0.000000 0 0.000000 0.000000 0 0.000000 0.000000 0 0.000000 0.000000 0 0.000000 0.000000 0 0.000000 0.000000 0 0.000000 0.000000 0 0.000000 0.000000 0 0.000000 0.000000 0 0.000000 0.000000 0 0.000000 0.000000 0 0.000000 0.000000 0