0 0.361336 0.392740 0.070484 0.237705 0.000000 0.000000 0 0.000000 0.000000 0 0.000000 0.000000 0 0.000000 0.000000 0 0.000000 0.000000 0 0.375000 0.327869 1 0.345313 0.332553 1 0.385937 0.348946 1 0.339062 0.360656 1 0.389062 0.372365 1 0.350000 0.379391 1 0.365625 0.386417 1 0.343750 0.386417 1 0.365625 0.437939 1 0.340625 0.440281 1 0.362500 0.473068 1 0.337500 0.480094 1
0 0.870367 0.358091 0.089047 0.277635 0.875000 0.245902 1 0.879687 0.241218 1 0.870313 0.243560 1 0.885938 0.248244 1 0.865625 0.248244 1 0.895312 0.281030 1 0.859375 0.281030 1 0.907813 0.302108 1 0.857812 0.327869 1 0.912500 0.327869 1 0.881250 0.327869 1 0.884375 0.348946 1 0.860938 0.351288 1 0.879687 0.398126 1 0.851562 0.423888 1 0.875000 0.435597 1 0.835938 0.470726 1
0 0.207938 0.456276 0.137625 0.311663 0.231250 0.337237 1 0.000000 0.000000 0 0.229687 0.332553 1 0.000000 0.000000 0 0.215625 0.339578 1 0.225000 0.377049 1 0.182812 0.370023 1 0.234375 0.419204 1 0.164062 0.405152 1 0.251563 0.447307 1 0.154688 0.444965 1 0.207813 0.466042 1 0.184375 0.463700 1 0.215625 0.522248 1 0.187500 0.529274 1 0.200000 0.587822 1 0.170313 0.496487 1
0 0.061570 0.390937 0.072328 0.256206 0.068750 0.295082 1 0.070312 0.288056 1 0.064062 0.290398 1 0.000000 0.000000 0 0.053125 0.292740 1 0.075000 0.318501 1 0.043750 0.323185 1 0.090625 0.339578 1 0.037500 0.358314 1 0.093750 0.367681 1 0.048438 0.360656 1 0.065625 0.386417 1 0.050000 0.386417 1 0.071875 0.433255 1 0.040625 0.449649 1 0.078125 0.454333 1 0.034375 0.487119 1
0 0.931977 0.263150 0.032672 0.157963 0.000000 0.000000 0 0.000000 0.000000 0 0.000000 0.000000 0 0.000000 0.000000 0 0.000000 0.000000 0 0.000000 0.000000 0 0.000000 0.000000 0 0.000000 0.000000 0 0.000000 0.000000 0 0.000000 0.000000 0 0.000000 0.000000 0 0.000000 0.000000 0 0.000000 0.000000 0 0.000000 0.000000 0 0.000000 0.000000 0 0.000000 0.000000 0 0.000000 0.000000 0
0 0.947719 0.244333 0.027437 0.117190 0.000000 0.000000 0 0.000000 0.000000 0 0.000000 0.000000 0 0.000000 0.000000 0 0.000000 0.000000 0 0.000000 0.000000 0 0.000000 0.000000 0 0.000000 0.000000 0 0.000000 0.000000 0 0.000000 0.000000 0 0.000000 0.000000 0 0.000000 0.000000 0 0.000000 0.000000 0 0.000000 0.000000 0 0.000000 0.000000 0 0.000000 0.000000 0 0.000000 0.000000 0
0 0.679617 0.241979 0.036109 0.178290 0.684375 0.173302 1 0.000000 0.000000 0 0.681250 0.170960 1 0.000000 0.000000 0 0.676562 0.170960 1 0.687500 0.187354 1 0.667188 0.187354 1 0.693750 0.213115 1 0.665625 0.215457 1 0.689063 0.201405 1 0.678125 0.203747 1 0.684375 0.241218 1 0.671875 0.238876 1 0.684375 0.285714 1 0.670312 0.285714 1 0.685937 0.320843 1 0.670312 0.318501 1
0 0.827539 0.226534 0.041172 0.171944 0.828125 0.156909 1 0.829688 0.152225 1 0.826562 0.152225 1 0.000000 0.000000 0 0.821875 0.156909 1 0.837500 0.175644 1 0.817187 0.177986 1 0.843750 0.196721 1 0.812500 0.203747 1 0.843750 0.217799 1 0.820312 0.222482 1 0.840625 0.224824 1 0.826562 0.227166 1 0.837500 0.264637 1 0.828125 0.264637 1 0.834375 0.299766 1 0.828125 0.297424 1
0 0.339594 0.296639 0.055469 0.152810 0.000000 0.000000 0 0.000000 0.000000 0 0.000000 0.000000 0 0.000000 0.000000 0 0.000000 0.000000 0 0.000000 0.000000 0 0.000000 0.000000 0 0.000000 0.000000 0 0.000000 0.000000 0 0.000000 0.000000 0 0.000000 0.000000 0 0.000000 0.000000 0 0.000000 0.000000 0 0.000000 0.000000 0 0.000000 0.000000 0 0.000000 0.000000 0 0.000000 0.000000 0
0 0.200273 0.285656 0.043328 0.140117 0.000000 0.000000 0 0.000000 0.000000 0 0.000000 0.000000 0 0.000000 0.000000 0 0.000000 0.000000 0 0.000000 0.000000 0 0.000000 0.000000 0 0.000000 0.000000 0 0.000000 0.000000 0 0.000000 0.000000 0 0.000000 0.000000 0 0.000000 0.000000 0 0.000000 0.000000 0 0.000000 0.000000 0 0.000000 0.000000 0 0.000000 0.000000 0 0.000000 0.000000 0
0 0.477727 0.370562 0.084078 0.239438 0.478125 0.278689 1 0.481250 0.276347 1 0.475000 0.274005 1 0.000000 0.000000 0 0.464062 0.281030 1 0.485938 0.302108 1 0.462500 0.304450 1 0.503125 0.327869 1 0.440625 0.339578 1 0.507812 0.358314 1 0.440625 0.372365 1 0.481250 0.370023 1 0.468750 0.370023 1 0.470313 0.430913 1 0.484375 0.407494 1 0.448437 0.437939 1 0.481250 0.468384 1
0 0.238813 0.351979 0.054000 0.232342 0.235937 0.255269 1 0.237500 0.250585 1 0.231250 0.250585 1 0.243750 0.255269 1 0.226562 0.255269 1 0.250000 0.285714 1 0.221875 0.288056 1 0.257812 0.313817 1 0.000000 0.000000 0 0.254688 0.341920 1 0.000000 0.000000 0 0.242188 0.351288 1 0.223438 0.348946 1 0.229687 0.405152 1 0.223438 0.395785 1 0.231250 0.449649 1 0.228125 0.442623 1
0 0.889891 0.217775 0.025281 0.065433 0.000000 0.000000 0 0.000000 0.000000 0 0.000000 0.000000 0 0.000000 0.000000 0 0.000000 0.000000 0 0.000000 0.000000 0 0.000000 0.000000 0 0.000000 0.000000 0 0.000000 0.000000 0 0.000000 0.000000 0 0.000000 0.000000 0 0.000000 0.000000 0 0.000000 0.000000 0 0.000000 0.000000 0 0.000000 0.000000 0 0.000000 0.000000 0 0.000000 0.000000 0