0 0.936781 0.479792 0.126437 0.512542 0.959375 0.270833 1 0.962500 0.262500 1 0.953125 0.262500 1 0.000000 0.000000 0 0.932813 0.270833 1 0.978125 0.327083 1 0.906250 0.318750 1 0.989062 0.397917 1 0.884375 0.397917 1 0.990625 0.472917 1 0.885938 0.460417 1 0.960938 0.481250 1 0.912500 0.481250 1 0.951562 0.581250 1 0.904687 0.581250 1 0.932813 0.700000 1 0.890625 0.700000 1
0 0.876406 0.444948 0.094375 0.485396 0.876563 0.270833 1 0.884375 0.264583 1 0.871875 0.266667 1 0.000000 0.000000 0 0.000000 0.000000 0 0.907813 0.300000 1 0.850000 0.306250 1 0.000000 0.000000 0 0.843750 0.375000 1 0.000000 0.000000 0 0.860938 0.393750 1 0.903125 0.437500 1 0.867188 0.437500 1 0.909375 0.550000 1 0.865625 0.545833 1 0.906250 0.652083 1 0.864062 0.645833 1
0 0.595789 0.510115 0.116297 0.444937 0.590625 0.322917 1 0.598437 0.314583 1 0.582812 0.314583 1 0.607812 0.320833 1 0.571875 0.320833 1 0.625000 0.366667 1 0.553125 0.375000 1 0.631250 0.437500 1 0.545312 0.454167 1 0.617188 0.418750 1 0.543750 0.502083 1 0.609375 0.481250 1 0.565625 0.477083 1 0.612500 0.608333 1 0.570312 0.612500 1 0.610938 0.693750 1 0.582812 0.695833 1
0 0.724852 0.472042 0.121422 0.439458 0.737500 0.304167 1 0.743750 0.297917 1 0.732812 0.300000 1 0.000000 0.000000 0 0.000000 0.000000 0 0.765625 0.337500 1 0.706250 0.329167 1 0.770312 0.408333 1 0.685937 0.387500 1 0.753125 0.383333 1 0.715625 0.375000 1 0.756250 0.458333 1 0.714063 0.456250 1 0.746875 0.550000 1 0.720313 0.550000 1 0.748437 0.637500 1 0.723437 0.633333 1
0 0.488148 0.466729 0.081672 0.445417 0.479687 0.285417 1 0.487500 0.279167 1 0.473438 0.279167 1 0.000000 0.000000 0 0.000000 0.000000 0 0.509375 0.327083 1 0.456250 0.329167 1 0.515625 0.391667 1 0.451562 0.397917 1 0.473438 0.389583 1 0.504687 0.389583 1 0.500000 0.454167 1 0.471875 0.454167 1 0.509375 0.552083 1 0.467187 0.552083 1 0.506250 0.656250 1 0.470313 0.654167 1
0 0.162164 0.506760 0.141891 0.470729 0.165625 0.316667 1 0.170313 0.308333 1 0.156250 0.308333 1 0.000000 0.000000 0 0.143750 0.318750 1 0.189062 0.358333 1 0.125000 0.375000 1 0.190625 0.420833 1 0.117188 0.431250 1 0.160938 0.389583 1 0.104688 0.477083 1 0.171875 0.491667 1 0.139063 0.500000 1 0.189062 0.585417 1 0.150000 0.593750 1 0.203125 0.689583 1 0.162500 0.695833 1
0 0.102625 0.489656 0.059750 0.380563 0.131250 0.322917 1 0.000000 0.000000 0 0.125000 0.314583 1 0.000000 0.000000 0 0.110937 0.310417 1 0.135937 0.356250 1 0.089063 0.356250 1 0.000000 0.000000 0 0.085938 0.406250 1 0.000000 0.000000 0 0.118750 0.410417 1 0.132812 0.458333 1 0.103125 0.460417 1 0.000000 0.000000 0 0.095312 0.552083 1 0.000000 0.000000 0 0.081250 0.643750 1
0 0.772227 0.323250 0.081391 0.172875 0.000000 0.000000 0 0.000000 0.000000 0 0.000000 0.000000 0 0.000000 0.000000 0 0.000000 0.000000 0 0.000000 0.000000 0 0.000000 0.000000 0 0.000000 0.000000 0 0.000000 0.000000 0 0.000000 0.000000 0 0.000000 0.000000 0 0.000000 0.000000 0 0.000000 0.000000 0 0.000000 0.000000 0 0.000000 0.000000 0 0.000000 0.000000 0 0.000000 0.000000 0
0 0.820781 0.439885 0.074156 0.352812 0.000000 0.000000 0 0.000000 0.000000 0 0.000000 0.000000 0 0.000000 0.000000 0 0.000000 0.000000 0 0.800000 0.347917 1 0.842187 0.347917 1 0.000000 0.000000 0 0.000000 0.000000 0 0.000000 0.000000 0 0.000000 0.000000 0 0.803125 0.441667 1 0.835938 0.441667 1 0.821875 0.504167 1 0.839063 0.510417 1 0.832812 0.577083 1 0.825000 0.589583 1
0 0.279305 0.464115 0.141234 0.383521 0.248438 0.310417 1 0.253125 0.300000 1 0.246875 0.300000 1 0.268750 0.300000 1 0.000000 0.000000 0 0.278125 0.335417 1 0.254688 0.350000 1 0.307812 0.391667 1 0.243750 0.410417 1 0.298438 0.437500 1 0.223438 0.377083 1 0.273438 0.452083 1 0.260937 0.452083 1 0.276562 0.556250 1 0.256250 0.547917 1 0.331250 0.591667 1 0.264062 0.633333 1
0 0.018500 0.501552 0.037000 0.399479 0.000000 0.000000 0 0.000000 0.000000 0 0.000000 0.000000 0 0.000000 0.000000 0 0.000000 0.000000 0 0.023438 0.320833 1 0.000000 0.000000 0 0.018750 0.383333 1 0.000000 0.000000 0 0.000000 0.000000 0 0.000000 0.000000 0 0.007812 0.464583 1 0.000000 0.000000 0 0.015625 0.564583 1 0.000000 0.000000 0 0.015625 0.664583 1 0.000000 0.000000 0
0 0.401461 0.487906 0.106391 0.444396 0.387500 0.312500 1 0.393750 0.304167 1 0.381250 0.306250 1 0.406250 0.310417 1 0.000000 0.000000 0 0.415625 0.350000 1 0.373437 0.352083 1 0.437500 0.416667 1 0.354687 0.416667 1 0.448437 0.379167 1 0.370312 0.460417 1 0.410938 0.475000 1 0.381250 0.477083 1 0.417187 0.591667 1 0.381250 0.591667 1 0.414062 0.662500 1 0.381250 0.668750 1