0 0.541492 0.743063 0.070328 0.268005 0.518750 0.640845 1 0.523438 0.636150 1 0.517188 0.633803 1 0.532813 0.633803 1 0.000000 0.000000 0 0.551562 0.657277 1 0.520312 0.661972 1 0.565625 0.699531 1 0.000000 0.000000 0 0.570312 0.739437 1 0.000000 0.000000 0 0.548438 0.734742 1 0.531250 0.732394 1 0.556250 0.795775 1 0.526563 0.795775 1 0.560937 0.849765 1 0.521875 0.845070 1
0 0.523969 0.780810 0.063406 0.218662 0.000000 0.000000 0 0.000000 0.000000 0 0.534375 0.697183 1 0.000000 0.000000 0 0.526563 0.690141 1 0.528125 0.718310 1 0.512500 0.713615 1 0.000000 0.000000 0 0.504687 0.744131 1 0.000000 0.000000 0 0.504687 0.769953 1 0.523438 0.772300 1 0.517188 0.781690 1 0.509375 0.823944 1 0.534375 0.816901 1 0.500000 0.861502 1 0.534375 0.873239 1
0 0.402625 0.753110 0.113344 0.299225 0.437500 0.633803 1 0.000000 0.000000 0 0.434375 0.626761 1 0.000000 0.000000 0 0.425000 0.626761 1 0.417187 0.657277 1 0.404687 0.661972 1 0.000000 0.000000 0 0.401562 0.704225 1 0.000000 0.000000 0 0.429688 0.732394 1 0.418750 0.746479 1 0.403125 0.753521 1 0.432812 0.800469 1 0.389062 0.814554 1 0.437500 0.877934 1 0.351562 0.854460 1
0 0.235586 0.694378 0.076297 0.260681 0.000000 0.000000 0 0.000000 0.000000 0 0.000000 0.000000 0 0.229687 0.584507 1 0.245312 0.582160 1 0.220312 0.605634 1 0.254688 0.610329 1 0.212500 0.643192 1 0.259375 0.650235 1 0.206250 0.687793 1 0.264062 0.683099 1 0.226562 0.687793 1 0.243750 0.687793 1 0.231250 0.744131 1 0.245312 0.732394 1 0.231250 0.784038 1 0.250000 0.781690 1
0 0.169086 0.652254 0.028578 0.176667 0.000000 0.000000 0 0.000000 0.000000 0 0.000000 0.000000 0 0.000000 0.000000 0 0.000000 0.000000 0 0.000000 0.000000 0 0.000000 0.000000 0 0.000000 0.000000 0 0.000000 0.000000 0 0.000000 0.000000 0 0.000000 0.000000 0 0.000000 0.000000 0 0.000000 0.000000 0 0.000000 0.000000 0 0.000000 0.000000 0 0.000000 0.000000 0 0.000000 0.000000 0
0 0.098617 0.671444 0.041766 0.190164 0.000000 0.000000 0 0.000000 0.000000 0 0.000000 0.000000 0 0.000000 0.000000 0 0.000000 0.000000 0 0.081250 0.612676 1 0.106250 0.610329 1 0.081250 0.636150 1 0.115625 0.636150 1 0.000000 0.000000 0 0.000000 0.000000 0 0.092188 0.671362 1 0.107813 0.671362 1 0.095312 0.704225 1 0.107813 0.706573 1 0.096875 0.751174 1 0.107813 0.748826 1
0 0.072234 0.668239 0.030187 0.130610 0.000000 0.000000 0 0.000000 0.000000 0 0.000000 0.000000 0 0.000000 0.000000 0 0.000000 0.000000 0 0.000000 0.000000 0 0.000000 0.000000 0 0.000000 0.000000 0 0.000000 0.000000 0 0.000000 0.000000 0 0.000000 0.000000 0 0.000000 0.000000 0 0.000000 0.000000 0 0.000000 0.000000 0 0.000000 0.000000 0 0.000000 0.000000 0 0.000000 0.000000 0
0 0.027445 0.704824 0.033047 0.126033 0.000000 0.000000 0 0.000000 0.000000 0 0.000000 0.000000 0 0.000000 0.000000 0 0.000000 0.000000 0 0.000000 0.000000 0 0.000000 0.000000 0 0.000000 0.000000 0 0.000000 0.000000 0 0.000000 0.000000 0 0.000000 0.000000 0 0.000000 0.000000 0 0.000000 0.000000 0 0.000000 0.000000 0 0.000000 0.000000 0 0.000000 0.000000 0 0.000000 0.000000 0
0 0.208125 0.618521 0.021250 0.088826 0.000000 0.000000 0 0.000000 0.000000 0 0.000000 0.000000 0 0.000000 0.000000 0 0.000000 0.000000 0 0.000000 0.000000 0 0.000000 0.000000 0 0.000000 0.000000 0 0.000000 0.000000 0 0.000000 0.000000 0 0.000000 0.000000 0 0.000000 0.000000 0 0.000000 0.000000 0 0.000000 0.000000 0 0.000000 0.000000 0 0.000000 0.000000 0 0.000000 0.000000 0
0 0.042711 0.664765 0.032516 0.203756 0.054688 0.582160 1 0.056250 0.579812 1 0.051562 0.579812 1 0.000000 0.000000 0 0.045312 0.582160 1 0.053125 0.596244 1 0.035937 0.600939 1 0.000000 0.000000 0 0.032813 0.631455 1 0.000000 0.000000 0 0.031250 0.650235 1 0.051562 0.645540 1 0.040625 0.645540 1 0.048438 0.704225 1 0.042188 0.706573 1 0.045312 0.739437 1 0.040625 0.748826 1
0 0.185258 0.675610 0.024922 0.116150 0.000000 0.000000 0 0.000000 0.000000 0 0.000000 0.000000 0 0.000000 0.000000 0 0.000000 0.000000 0 0.000000 0.000000 0 0.000000 0.000000 0 0.000000 0.000000 0 0.000000 0.000000 0 0.000000 0.000000 0 0.000000 0.000000 0 0.000000 0.000000 0 0.000000 0.000000 0 0.000000 0.000000 0 0.000000 0.000000 0 0.000000 0.000000 0 0.000000 0.000000 0
0 0.221211 0.595399 0.018328 0.066103 0.000000 0.000000 0 0.000000 0.000000 0 0.000000 0.000000 0 0.000000 0.000000 0 0.000000 0.000000 0 0.000000 0.000000 0 0.000000 0.000000 0 0.000000 0.000000 0 0.000000 0.000000 0 0.000000 0.000000 0 0.000000 0.000000 0 0.000000 0.000000 0 0.000000 0.000000 0 0.000000 0.000000 0 0.000000 0.000000 0 0.000000 0.000000 0 0.000000 0.000000 0
0 0.026648 0.616725 0.020484 0.076972 0.000000 0.000000 0 0.000000 0.000000 0 0.000000 0.000000 0 0.000000 0.000000 0 0.000000 0.000000 0 0.000000 0.000000 0 0.000000 0.000000 0 0.000000 0.000000 0 0.000000 0.000000 0 0.000000 0.000000 0 0.000000 0.000000 0 0.000000 0.000000 0 0.000000 0.000000 0 0.000000 0.000000 0 0.000000 0.000000 0 0.000000 0.000000 0 0.000000 0.000000 0