0 0.734719 0.456680 0.189719 0.553629 0.742188 0.236559 1 0.754687 0.231183 1 0.000000 0.000000 0 0.768750 0.247312 1 0.000000 0.000000 0 0.775000 0.322581 1 0.764062 0.330645 1 0.735938 0.440860 1 0.000000 0.000000 0 0.670312 0.459677 1 0.000000 0.000000 0 0.773438 0.564516 1 0.764062 0.548387 1 0.675000 0.534946 1 0.682813 0.526882 1 0.678125 0.693548 1 0.685937 0.680108 1
0 0.591047 0.553495 0.291281 0.664086 0.000000 0.000000 0 0.651563 0.271505 1 0.000000 0.000000 0 0.667188 0.290323 1 0.000000 0.000000 0 0.679688 0.349462 1 0.707812 0.341398 1 0.593750 0.352151 1 0.632812 0.408602 1 0.525000 0.319892 1 0.585938 0.368280 1 0.664062 0.604839 1 0.000000 0.000000 0 0.568750 0.623656 1 0.000000 0.000000 0 0.512500 0.801075 1 0.000000 0.000000 0
0 0.917594 0.402245 0.163281 0.696640 0.915625 0.134409 1 0.923438 0.123656 1 0.909375 0.123656 1 0.939063 0.118280 1 0.903125 0.120968 1 0.948438 0.172043 1 0.896875 0.153226 1 0.976562 0.268817 1 0.851562 0.241935 1 0.982812 0.379032 1 0.856250 0.341398 1 0.928125 0.360215 1 0.889062 0.352151 1 0.921875 0.540323 1 0.865625 0.529570 1 0.918750 0.682796 1 0.870313 0.658602 1
0 0.584187 0.208360 0.077219 0.249516 0.576562 0.134409 1 0.581250 0.123656 1 0.571875 0.123656 1 0.595313 0.129032 1 0.000000 0.000000 0 0.601562 0.174731 1 0.565625 0.172043 1 0.606250 0.228495 1 0.000000 0.000000 0 0.579688 0.225806 1 0.000000 0.000000 0 0.595313 0.325269 1 0.565625 0.317204 1 0.000000 0.000000 0 0.000000 0.000000 0 0.000000 0.000000 0 0.000000 0.000000 0
0 0.654625 0.199355 0.065500 0.277258 0.628125 0.112903 1 0.632812 0.099462 1 0.000000 0.000000 0 0.651563 0.099462 1 0.000000 0.000000 0 0.667188 0.145161 1 0.654687 0.139785 1 0.668750 0.223118 1 0.000000 0.000000 0 0.654687 0.311828 1 0.000000 0.000000 0 0.660937 0.301075 1 0.645312 0.295699 1 0.000000 0.000000 0 0.000000 0.000000 0 0.000000 0.000000 0 0.000000 0.000000 0
0 0.508102 0.322473 0.067922 0.496613 0.000000 0.000000 0 0.000000 0.000000 0 0.000000 0.000000 0 0.495312 0.123656 1 0.000000 0.000000 0 0.521875 0.177419 1 0.492188 0.180108 1 0.531250 0.250000 1 0.000000 0.000000 0 0.000000 0.000000 0 0.000000 0.000000 0 0.503125 0.349462 1 0.493750 0.349462 1 0.000000 0.000000 0 0.496875 0.427419 1 0.517188 0.526882 1 0.503125 0.543011 1
0 0.328188 0.292742 0.103969 0.508065 0.320312 0.094086 1 0.321875 0.080645 1 0.000000 0.000000 0 0.332813 0.086022 1 0.000000 0.000000 0 0.359375 0.137097 1 0.345313 0.131720 1 0.370312 0.215054 1 0.320312 0.212366 1 0.359375 0.293011 1 0.292187 0.260753 1 0.348438 0.268817 1 0.334375 0.271505 1 0.318750 0.379032 1 0.337500 0.389785 1 0.328125 0.516129 1 0.343750 0.518817 1
0 0.129031 0.272984 0.066625 0.509624 0.107813 0.077957 1 0.112500 0.064516 1 0.103125 0.064516 1 0.129688 0.069892 1 0.000000 0.000000 0 0.142187 0.120968 1 0.109375 0.134409 1 0.145313 0.196237 1 0.000000 0.000000 0 0.132812 0.287634 1 0.107813 0.279570 1 0.129688 0.268817 1 0.112500 0.271505 1 0.135937 0.387097 1 0.123438 0.389785 1 0.139063 0.483871 1 0.128125 0.483871 1
0 0.804609 0.188763 0.062688 0.247204 0.775000 0.104839 1 0.781250 0.094086 1 0.000000 0.000000 0 0.793750 0.099462 1 0.000000 0.000000 0 0.793750 0.153226 1 0.809375 0.147849 1 0.782813 0.231183 1 0.000000 0.000000 0 0.000000 0.000000 0 0.000000 0.000000 0 0.790625 0.303763 1 0.806250 0.301075 1 0.000000 0.000000 0 0.000000 0.000000 0 0.000000 0.000000 0 0.000000 0.000000 0
0 0.730680 0.224489 0.096016 0.354624 0.728125 0.120968 1 0.737500 0.115591 1 0.725000 0.110215 1 0.748437 0.107527 1 0.000000 0.000000 0 0.765625 0.158602 1 0.712500 0.158602 1 0.000000 0.000000 0 0.685937 0.255376 1 0.000000 0.000000 0 0.000000 0.000000 0 0.756250 0.293011 1 0.731250 0.295699 1 0.000000 0.000000 0 0.000000 0.000000 0 0.000000 0.000000 0 0.000000 0.000000 0
0 0.415609 0.320874 0.097063 0.518414 0.440625 0.126344 1 0.440625 0.118280 1 0.435937 0.115591 1 0.000000 0.000000 0 0.418750 0.118280 1 0.434375 0.169355 1 0.401562 0.166667 1 0.456250 0.236559 1 0.389062 0.252688 1 0.453125 0.177419 1 0.398438 0.319892 1 0.423438 0.317204 1 0.400000 0.317204 1 0.418750 0.419355 1 0.396875 0.416667 1 0.406250 0.540323 1 0.378125 0.540323 1