0 0.196750 0.494373 0.318656 0.941458 0.278125 0.099125 1 0.276562 0.081633 1 0.267188 0.081633 1 0.000000 0.000000 0 0.240625 0.104956 1 0.293750 0.139942 1 0.225000 0.183673 1 0.270313 0.174927 1 0.200000 0.338192 1 0.203125 0.151603 1 0.210938 0.233236 1 0.259375 0.457726 1 0.242188 0.448980 1 0.187500 0.559767 1 0.306250 0.650146 1 0.076563 0.577259 1 0.285938 0.892128 1
0 0.525766 0.120321 0.125344 0.240641 0.534375 0.026239 1 0.539062 0.011662 1 0.526563 0.011662 1 0.546875 0.026239 1 0.514062 0.029155 1 0.567187 0.096210 1 0.496875 0.102041 1 0.550000 0.209913 1 0.478125 0.192420 1 0.510938 0.227405 1 0.473438 0.221574 1 0.000000 0.000000 0 0.000000 0.000000 0 0.000000 0.000000 0 0.000000 0.000000 0 0.000000 0.000000 0 0.000000 0.000000 0
0 0.614516 0.128848 0.086562 0.257697 0.617188 0.069971 1 0.621875 0.058309 1 0.607812 0.061224 1 0.631250 0.052478 1 0.596875 0.064140 1 0.645312 0.128280 1 0.589063 0.122449 1 0.632812 0.236152 1 0.579688 0.198251 1 0.585938 0.239067 1 0.000000 0.000000 0 0.000000 0.000000 0 0.000000 0.000000 0 0.000000 0.000000 0 0.000000 0.000000 0 0.000000 0.000000 0 0.000000 0.000000 0
0 0.684422 0.135671 0.100750 0.269242 0.689063 0.061224 1 0.693750 0.049563 1 0.681250 0.049563 1 0.703125 0.049563 1 0.670312 0.052478 1 0.717187 0.113703 1 0.665625 0.119534 1 0.709375 0.221574 1 0.645312 0.195335 1 0.679688 0.241983 1 0.642188 0.250729 1 0.679688 0.268222 1 0.650000 0.265306 1 0.000000 0.000000 0 0.000000 0.000000 0 0.000000 0.000000 0 0.000000 0.000000 0
0 0.826016 0.156866 0.108312 0.271166 0.835938 0.084548 1 0.840625 0.075802 1 0.828125 0.075802 1 0.850000 0.081633 1 0.817187 0.081633 1 0.870313 0.163265 1 0.792188 0.163265 1 0.867188 0.279883 1 0.781250 0.259475 1 0.823438 0.288630 1 0.792188 0.294461 1 0.840625 0.306122 1 0.801562 0.303207 1 0.000000 0.000000 0 0.000000 0.000000 0 0.000000 0.000000 0 0.000000 0.000000 0
0 0.905773 0.175466 0.086484 0.262128 0.914062 0.096210 1 0.918750 0.084548 1 0.906250 0.087464 1 0.929688 0.093294 1 0.896875 0.096210 1 0.943750 0.160350 1 0.893750 0.157434 1 0.946875 0.259475 1 0.873437 0.256560 1 0.906250 0.300292 1 0.868750 0.288630 1 0.921875 0.306122 1 0.885938 0.297376 1 0.000000 0.000000 0 0.000000 0.000000 0 0.000000 0.000000 0 0.000000 0.000000 0
0 0.961266 0.168528 0.077469 0.319096 0.993750 0.093294 1 0.000000 0.000000 0 0.985938 0.081633 1 0.000000 0.000000 0 0.976562 0.081633 1 0.000000 0.000000 0 0.957812 0.154519 1 0.000000 0.000000 0 0.934375 0.256560 1 0.985938 0.285714 1 0.932813 0.306122 1 0.000000 0.000000 0 0.962500 0.309038 1 0.962500 0.428571 1 0.910937 0.396501 1 0.000000 0.000000 0 0.000000 0.000000 0
0 0.405867 0.301122 0.809328 0.597755 0.279687 0.096210 1 0.278125 0.087464 1 0.270313 0.090379 1 0.000000 0.000000 0 0.240625 0.107872 1 0.292187 0.137026 1 0.231250 0.209913 1 0.287500 0.177843 1 0.000000 0.000000 0 0.210938 0.157434 1 0.209375 0.241983 1 0.265625 0.393586 1 0.228125 0.422741 1 0.196875 0.548105 1 0.312500 0.650146 1 0.078125 0.577259 1 0.289062 0.883382 1
0 0.962648 0.099913 0.033672 0.094519 0.000000 0.000000 0 0.000000 0.000000 0 0.000000 0.000000 0 0.000000 0.000000 0 0.000000 0.000000 0 0.000000 0.000000 0 0.000000 0.000000 0 0.000000 0.000000 0 0.000000 0.000000 0 0.000000 0.000000 0 0.000000 0.000000 0 0.000000 0.000000 0 0.000000 0.000000 0 0.000000 0.000000 0 0.000000 0.000000 0 0.000000 0.000000 0 0.000000 0.000000 0
0 0.917211 0.079475 0.111141 0.157493 0.000000 0.000000 0 0.000000 0.000000 0 0.000000 0.000000 0 0.000000 0.000000 0 0.000000 0.000000 0 0.953125 0.029155 1 0.926562 0.032070 1 0.939063 0.110787 1 0.912500 0.081633 1 0.893750 0.125364 1 0.926562 0.046647 1 0.937500 0.137026 1 0.920312 0.116618 1 0.000000 0.000000 0 0.871875 0.075802 1 0.000000 0.000000 0 0.884375 0.131195 1
0 0.685281 0.058426 0.089125 0.116851 0.000000 0.000000 0 0.000000 0.000000 0 0.000000 0.000000 0 0.000000 0.000000 0 0.000000 0.000000 0 0.000000 0.000000 0 0.000000 0.000000 0 0.000000 0.000000 0 0.000000 0.000000 0 0.000000 0.000000 0 0.000000 0.000000 0 0.000000 0.000000 0 0.000000 0.000000 0 0.000000 0.000000 0 0.000000 0.000000 0 0.000000 0.000000 0 0.000000 0.000000 0