0 0.174094 0.769848 0.070813 0.243068 0.000000 0.000000 0 0.000000 0.000000 0 0.000000 0.000000 0 0.000000 0.000000 0 0.000000 0.000000 0 0.000000 0.000000 0 0.178125 0.639344 1 0.000000 0.000000 0 0.189062 0.679157 1 0.000000 0.000000 0 0.000000 0.000000 0 0.165625 0.714286 1 0.176563 0.714286 1 0.178125 0.770492 1 0.162500 0.786885 1 0.185938 0.819672 1 0.145313 0.845433 1
0 0.699180 0.633290 0.033047 0.141756 0.000000 0.000000 0 0.000000 0.000000 0 0.000000 0.000000 0 0.000000 0.000000 0 0.000000 0.000000 0 0.000000 0.000000 0 0.000000 0.000000 0 0.000000 0.000000 0 0.000000 0.000000 0 0.000000 0.000000 0 0.000000 0.000000 0 0.000000 0.000000 0 0.000000 0.000000 0 0.000000 0.000000 0 0.000000 0.000000 0 0.000000 0.000000 0 0.000000 0.000000 0
0 0.570641 0.708501 0.059094 0.249133 0.000000 0.000000 0 0.000000 0.000000 0 0.000000 0.000000 0 0.575000 0.606557 1 0.589063 0.613583 1 0.562500 0.629977 1 0.592187 0.634660 1 0.551562 0.658080 1 0.592187 0.676815 1 0.556250 0.690867 1 0.595313 0.707260 1 0.565625 0.704918 1 0.582812 0.709602 1 0.562500 0.761124 1 0.585938 0.756440 1 0.550000 0.796253 1 0.582812 0.807963 1
0 0.536523 0.674649 0.044703 0.236276 0.000000 0.000000 0 0.000000 0.000000 0 0.000000 0.000000 0 0.000000 0.000000 0 0.542188 0.578454 1 0.525000 0.601874 1 0.543750 0.601874 1 0.520312 0.637002 1 0.556250 0.634660 1 0.000000 0.000000 0 0.000000 0.000000 0 0.525000 0.669789 1 0.543750 0.669789 1 0.526563 0.728337 1 0.548438 0.711944 1 0.526563 0.777518 1 0.543750 0.756440 1
0 0.513242 0.658068 0.035891 0.245504 0.000000 0.000000 0 0.000000 0.000000 0 0.000000 0.000000 0 0.000000 0.000000 0 0.525000 0.559719 1 0.501563 0.580796 1 0.523438 0.590164 1 0.000000 0.000000 0 0.000000 0.000000 0 0.000000 0.000000 0 0.000000 0.000000 0 0.503125 0.658080 1 0.515625 0.665105 1 0.514062 0.702576 1 0.521875 0.709602 1 0.506250 0.742389 1 0.520312 0.765808 1
0 0.619523 0.623138 0.027422 0.096019 0.000000 0.000000 0 0.000000 0.000000 0 0.000000 0.000000 0 0.000000 0.000000 0 0.000000 0.000000 0 0.000000 0.000000 0 0.000000 0.000000 0 0.000000 0.000000 0 0.000000 0.000000 0 0.000000 0.000000 0 0.000000 0.000000 0 0.000000 0.000000 0 0.000000 0.000000 0 0.000000 0.000000 0 0.000000 0.000000 0 0.000000 0.000000 0 0.000000 0.000000 0
0 0.650453 0.622213 0.036000 0.126159 0.000000 0.000000 0 0.000000 0.000000 0 0.000000 0.000000 0 0.000000 0.000000 0 0.000000 0.000000 0 0.000000 0.000000 0 0.000000 0.000000 0 0.000000 0.000000 0 0.000000 0.000000 0 0.000000 0.000000 0 0.000000 0.000000 0 0.000000 0.000000 0 0.000000 0.000000 0 0.000000 0.000000 0 0.000000 0.000000 0 0.000000 0.000000 0 0.000000 0.000000 0
0 0.364844 0.669778 0.046375 0.212482 0.000000 0.000000 0 0.000000 0.000000 0 0.000000 0.000000 0 0.000000 0.000000 0 0.000000 0.000000 0 0.346875 0.608899 1 0.371875 0.608899 1 0.000000 0.000000 0 0.375000 0.634660 1 0.000000 0.000000 0 0.376563 0.660422 1 0.350000 0.660422 1 0.367188 0.658080 1 0.345313 0.707260 1 0.376563 0.718970 1 0.337500 0.751756 1 0.384375 0.758782 1
0 0.117359 0.797436 0.068375 0.402037 0.000000 0.000000 0 0.000000 0.000000 0 0.000000 0.000000 0 0.000000 0.000000 0 0.000000 0.000000 0 0.000000 0.000000 0 0.000000 0.000000 0 0.000000 0.000000 0 0.000000 0.000000 0 0.000000 0.000000 0 0.000000 0.000000 0 0.100000 0.772834 1 0.126562 0.770492 1 0.114062 0.882904 1 0.123438 0.887588 1 0.093750 0.953162 1 0.112500 0.960187 1
0 0.298172 0.809883 0.105437 0.355550 0.000000 0.000000 0 0.000000 0.000000 0 0.000000 0.000000 0 0.290625 0.658080 1 0.317188 0.660422 1 0.267188 0.704918 1 0.328125 0.711944 1 0.250000 0.775176 1 0.337500 0.784543 1 0.000000 0.000000 0 0.000000 0.000000 0 0.278125 0.871194 1 0.315625 0.871194 1 0.298438 0.953162 1 0.301563 0.974239 1 0.000000 0.000000 0 0.000000 0.000000 0
0 0.040727 0.718185 0.071047 0.241569 0.000000 0.000000 0 0.000000 0.000000 0 0.000000 0.000000 0 0.000000 0.000000 0 0.000000 0.000000 0 0.000000 0.000000 0 0.000000 0.000000 0 0.000000 0.000000 0 0.000000 0.000000 0 0.000000 0.000000 0 0.000000 0.000000 0 0.032813 0.700234 1 0.051562 0.704918 1 0.037500 0.763466 1 0.062500 0.756440 1 0.039062 0.822014 1 0.029687 0.800937 1
0 0.347500 0.775878 0.049375 0.288056 0.000000 0.000000 0 0.000000 0.000000 0 0.000000 0.000000 0 0.000000 0.000000 0 0.000000 0.000000 0 0.307812 0.660422 1 0.339062 0.660422 1 0.000000 0.000000 0 0.339062 0.721311 1 0.000000 0.000000 0 0.357812 0.749415 1 0.310937 0.763466 1 0.335938 0.763466 1 0.000000 0.000000 0 0.346875 0.831382 1 0.000000 0.000000 0 0.356250 0.906323 1