0 0.397594 0.626887 0.038406 0.172996 0.000000 0.000000 0 0.000000 0.000000 0 0.000000 0.000000 0 0.398438 0.558366 1 0.000000 0.000000 0 0.392188 0.583658 1 0.414062 0.579767 1 0.389062 0.603113 1 0.000000 0.000000 0 0.382812 0.610895 1 0.000000 0.000000 0 0.393750 0.628405 1 0.406250 0.626459 1 0.396875 0.659533 1 0.400000 0.659533 1 0.404687 0.690661 1 0.395313 0.692607 1
0 0.162016 0.741488 0.149812 0.517023 0.090625 0.523346 1 0.092188 0.501946 1 0.000000 0.000000 0 0.110937 0.488327 1 0.000000 0.000000 0 0.168750 0.517510 1 0.100000 0.538911 1 0.193750 0.601167 1 0.110937 0.634241 1 0.121875 0.636187 1 0.084375 0.714008 1 0.179688 0.690661 1 0.143750 0.694553 1 0.190625 0.813230 1 0.143750 0.813230 1 0.203125 0.966926 1 0.142187 0.961089 1
0 0.348320 0.592140 0.090234 0.298872 0.000000 0.000000 0 0.000000 0.000000 0 0.000000 0.000000 0 0.340625 0.468872 1 0.360938 0.470817 1 0.326562 0.501946 1 0.368750 0.505837 1 0.318750 0.552529 1 0.375000 0.558366 1 0.000000 0.000000 0 0.381250 0.603113 1 0.337500 0.591440 1 0.359375 0.591440 1 0.334375 0.655642 1 0.359375 0.655642 1 0.334375 0.696498 1 0.356250 0.714008 1
0 0.478266 0.635963 0.137156 0.368541 0.475000 0.509728 1 0.481250 0.501946 1 0.467187 0.501946 1 0.490625 0.498054 1 0.456250 0.500000 1 0.506250 0.529183 1 0.435937 0.535019 1 0.529687 0.589494 1 0.420312 0.599222 1 0.529687 0.607004 1 0.418750 0.618677 1 0.500000 0.636187 1 0.445312 0.638132 1 0.529687 0.677043 1 0.435937 0.673152 1 0.514062 0.780156 1 0.445312 0.785992 1
0 0.300727 0.631430 0.093641 0.347529 0.296875 0.500000 1 0.300000 0.494163 1 0.293750 0.494163 1 0.000000 0.000000 0 0.276562 0.492218 1 0.000000 0.000000 0 0.284375 0.519455 1 0.000000 0.000000 0 0.290625 0.570039 1 0.000000 0.000000 0 0.307812 0.610895 1 0.264062 0.624514 1 0.290625 0.624514 1 0.270313 0.708171 1 0.304688 0.702335 1 0.267188 0.776265 1 0.307812 0.780156 1
0 0.428078 0.502442 0.051344 0.116946 0.000000 0.000000 0 0.000000 0.000000 0 0.000000 0.000000 0 0.000000 0.000000 0 0.000000 0.000000 0 0.000000 0.000000 0 0.000000 0.000000 0 0.000000 0.000000 0 0.000000 0.000000 0 0.000000 0.000000 0 0.000000 0.000000 0 0.000000 0.000000 0 0.000000 0.000000 0 0.000000 0.000000 0 0.000000 0.000000 0 0.000000 0.000000 0 0.000000 0.000000 0
0 0.615820 0.602228 0.068672 0.291498 0.589063 0.494163 1 0.592187 0.490272 1 0.000000 0.000000 0 0.601562 0.488327 1 0.000000 0.000000 0 0.615625 0.519455 1 0.609375 0.519455 1 0.610938 0.568093 1 0.000000 0.000000 0 0.604688 0.603113 1 0.000000 0.000000 0 0.614062 0.624514 1 0.606250 0.622568 1 0.609375 0.680934 1 0.604688 0.678988 1 0.610938 0.729572 1 0.607812 0.721790 1
0 0.531461 0.579776 0.067172 0.220370 0.000000 0.000000 0 0.000000 0.000000 0 0.000000 0.000000 0 0.503125 0.496109 1 0.529687 0.496109 1 0.500000 0.523346 1 0.537500 0.525292 1 0.000000 0.000000 0 0.000000 0.000000 0 0.000000 0.000000 0 0.000000 0.000000 0 0.504687 0.597276 1 0.534375 0.599222 1 0.000000 0.000000 0 0.000000 0.000000 0 0.000000 0.000000 0 0.000000 0.000000 0
0 0.401187 0.462879 0.018719 0.041012 0.000000 0.000000 0 0.000000 0.000000 0 0.000000 0.000000 0 0.000000 0.000000 0 0.000000 0.000000 0 0.000000 0.000000 0 0.000000 0.000000 0 0.000000 0.000000 0 0.000000 0.000000 0 0.000000 0.000000 0 0.000000 0.000000 0 0.000000 0.000000 0 0.000000 0.000000 0 0.000000 0.000000 0 0.000000 0.000000 0 0.000000 0.000000 0 0.000000 0.000000 0
0 0.235617 0.591994 0.058453 0.261070 0.000000 0.000000 0 0.000000 0.000000 0 0.000000 0.000000 0 0.245312 0.496109 1 0.000000 0.000000 0 0.229687 0.535019 1 0.254688 0.531128 1 0.218750 0.583658 1 0.000000 0.000000 0 0.000000 0.000000 0 0.000000 0.000000 0 0.235937 0.651751 1 0.254688 0.643969 1 0.000000 0.000000 0 0.000000 0.000000 0 0.000000 0.000000 0 0.000000 0.000000 0
0 0.387117 0.512179 0.033172 0.111634 0.000000 0.000000 0 0.000000 0.000000 0 0.000000 0.000000 0 0.000000 0.000000 0 0.000000 0.000000 0 0.000000 0.000000 0 0.000000 0.000000 0 0.000000 0.000000 0 0.000000 0.000000 0 0.000000 0.000000 0 0.000000 0.000000 0 0.000000 0.000000 0 0.000000 0.000000 0 0.000000 0.000000 0 0.000000 0.000000 0 0.000000 0.000000 0 0.000000 0.000000 0
0 0.061094 0.583424 0.122188 0.284241 0.000000 0.000000 0 0.000000 0.000000 0 0.000000 0.000000 0 0.000000 0.000000 0 0.000000 0.000000 0 0.042188 0.500000 1 0.023438 0.503891 1 0.060937 0.560311 1 0.007812 0.583658 1 0.093750 0.601167 1 0.000000 0.000000 0 0.059375 0.620623 1 0.040625 0.628405 1 0.103125 0.653696 1 0.089063 0.675097 1 0.000000 0.000000 0 0.000000 0.000000 0
0 0.039250 0.752685 0.078500 0.387198 0.000000 0.000000 0 0.000000 0.000000 0 0.017188 0.603113 1 0.000000 0.000000 0 0.012500 0.612840 1 0.000000 0.000000 0 0.000000 0.000000 0 0.018750 0.696498 1 0.012500 0.739300 1 0.045312 0.719844 1 0.057813 0.743191 1 0.000000 0.000000 0 0.000000 0.000000 0 0.046875 0.768482 1 0.028125 0.784047 1 0.014063 0.883268 1 0.000000 0.000000 0