0 0.536789 0.616736 0.126766 0.696861 0.496875 0.327778 1 0.506250 0.316667 1 0.496875 0.319444 1 0.525000 0.327778 1 0.000000 0.000000 0 0.551562 0.405556 1 0.506250 0.405556 1 0.551562 0.461111 1 0.498437 0.500000 1 0.532813 0.391667 1 0.485938 0.600000 1 0.542188 0.602778 1 0.509375 0.600000 1 0.496875 0.744444 1 0.534375 0.772222 1 0.523438 0.880556 1 0.545312 0.902778 1
0 0.662133 0.548472 0.068109 0.419278 0.668750 0.375000 1 0.000000 0.000000 0 0.667188 0.366667 1 0.000000 0.000000 0 0.657813 0.375000 1 0.634375 0.413889 1 0.657813 0.422222 1 0.000000 0.000000 0 0.667188 0.469444 1 0.000000 0.000000 0 0.687500 0.436111 1 0.632812 0.538889 1 0.653125 0.541667 1 0.639062 0.633333 1 0.659375 0.633333 1 0.637500 0.719444 1 0.648438 0.725000 1
0 0.837414 0.655403 0.136828 0.619361 0.834375 0.400000 1 0.845313 0.388889 1 0.828125 0.388889 1 0.859375 0.408333 1 0.000000 0.000000 0 0.870313 0.472222 1 0.815625 0.469444 1 0.859375 0.566667 1 0.800000 0.547222 1 0.814063 0.541667 1 0.790625 0.613889 1 0.851562 0.666667 1 0.807813 0.663889 1 0.846875 0.802778 1 0.793750 0.758333 1 0.854688 0.925000 1 0.854688 0.858333 1
0 0.425109 0.472778 0.056531 0.256444 0.426563 0.375000 1 0.429688 0.366667 1 0.425000 0.366667 1 0.434375 0.372222 1 0.000000 0.000000 0 0.439063 0.400000 1 0.414062 0.402778 1 0.448437 0.430556 1 0.409375 0.433333 1 0.448437 0.461111 1 0.403125 0.463889 1 0.434375 0.469444 1 0.417187 0.472222 1 0.434375 0.522222 1 0.418750 0.522222 1 0.426563 0.563889 1 0.421875 0.572222 1
0 0.261023 0.607972 0.118297 0.552389 0.285938 0.388889 1 0.293750 0.380556 1 0.284375 0.377778 1 0.304688 0.386111 1 0.000000 0.000000 0 0.312500 0.450000 1 0.281250 0.450000 1 0.000000 0.000000 0 0.262500 0.516667 1 0.000000 0.000000 0 0.226562 0.552778 1 0.304688 0.613889 1 0.285938 0.613889 1 0.293750 0.733333 1 0.287500 0.722222 1 0.296875 0.844444 1 0.293750 0.838889 1
0 0.182125 0.460750 0.037188 0.219833 0.000000 0.000000 0 0.000000 0.000000 0 0.000000 0.000000 0 0.000000 0.000000 0 0.000000 0.000000 0 0.000000 0.000000 0 0.000000 0.000000 0 0.000000 0.000000 0 0.000000 0.000000 0 0.000000 0.000000 0 0.000000 0.000000 0 0.000000 0.000000 0 0.000000 0.000000 0 0.000000 0.000000 0 0.000000 0.000000 0 0.000000 0.000000 0 0.000000 0.000000 0
0 0.152383 0.469292 0.033922 0.207583 0.000000 0.000000 0 0.000000 0.000000 0 0.000000 0.000000 0 0.000000 0.000000 0 0.154688 0.388889 1 0.143750 0.413889 1 0.160938 0.411111 1 0.142187 0.438889 1 0.162500 0.427778 1 0.140625 0.472222 1 0.000000 0.000000 0 0.148438 0.458333 1 0.154688 0.455556 1 0.154688 0.502778 1 0.159375 0.497222 1 0.151562 0.544444 1 0.153125 0.550000 1
0 0.610461 0.584653 0.101641 0.552361 0.590625 0.358333 1 0.598437 0.347222 1 0.585938 0.347222 1 0.610938 0.355556 1 0.000000 0.000000 0 0.620313 0.416667 1 0.595313 0.419444 1 0.628125 0.511111 1 0.000000 0.000000 0 0.628125 0.580556 1 0.000000 0.000000 0 0.615625 0.586111 1 0.606250 0.575000 1 0.595313 0.700000 1 0.618750 0.697222 1 0.565625 0.827778 1 0.643750 0.819444 1
0 0.253516 0.478986 0.055656 0.230028 0.000000 0.000000 0 0.000000 0.000000 0 0.000000 0.000000 0 0.000000 0.000000 0 0.000000 0.000000 0 0.000000 0.000000 0 0.000000 0.000000 0 0.000000 0.000000 0 0.000000 0.000000 0 0.000000 0.000000 0 0.000000 0.000000 0 0.000000 0.000000 0 0.000000 0.000000 0 0.000000 0.000000 0 0.000000 0.000000 0 0.000000 0.000000 0 0.000000 0.000000 0
0 0.047141 0.460306 0.041531 0.179111 0.000000 0.000000 0 0.000000 0.000000 0 0.000000 0.000000 0 0.000000 0.000000 0 0.000000 0.000000 0 0.000000 0.000000 0 0.000000 0.000000 0 0.000000 0.000000 0 0.000000 0.000000 0 0.000000 0.000000 0 0.000000 0.000000 0 0.000000 0.000000 0 0.000000 0.000000 0 0.000000 0.000000 0 0.000000 0.000000 0 0.000000 0.000000 0 0.000000 0.000000 0
0 0.068078 0.422708 0.024875 0.125306 0.000000 0.000000 0 0.000000 0.000000 0 0.000000 0.000000 0 0.000000 0.000000 0 0.000000 0.000000 0 0.000000 0.000000 0 0.000000 0.000000 0 0.000000 0.000000 0 0.000000 0.000000 0 0.000000 0.000000 0 0.000000 0.000000 0 0.000000 0.000000 0 0.000000 0.000000 0 0.000000 0.000000 0 0.000000 0.000000 0 0.000000 0.000000 0 0.000000 0.000000 0
0 0.533281 0.572708 0.085187 0.515806 0.000000 0.000000 0 0.000000 0.000000 0 0.000000 0.000000 0 0.000000 0.000000 0 0.000000 0.000000 0 0.000000 0.000000 0 0.000000 0.000000 0 0.000000 0.000000 0 0.000000 0.000000 0 0.000000 0.000000 0 0.000000 0.000000 0 0.000000 0.000000 0 0.000000 0.000000 0 0.000000 0.000000 0 0.000000 0.000000 0 0.000000 0.000000 0 0.000000 0.000000 0
0 0.320484 0.615222 0.087500 0.563111 0.312500 0.380556 1 0.320312 0.372222 1 0.307812 0.372222 1 0.331250 0.380556 1 0.000000 0.000000 0 0.342187 0.447222 1 0.310937 0.450000 1 0.351562 0.519444 1 0.301563 0.516667 1 0.348438 0.611111 1 0.287500 0.466667 1 0.328125 0.619444 1 0.303125 0.616667 1 0.321875 0.738889 1 0.292187 0.733333 1 0.325000 0.869444 1 0.335938 0.811111 1