0 0.500563 0.615354 0.266281 0.467417 0.518750 0.443750 1 0.000000 0.000000 0 0.510938 0.435417 1 0.000000 0.000000 0 0.495312 0.435417 1 0.437500 0.470833 1 0.520312 0.485417 1 0.375000 0.502083 1 0.000000 0.000000 0 0.000000 0.000000 0 0.000000 0.000000 0 0.450000 0.591667 1 0.496875 0.583333 1 0.442188 0.704167 1 0.553125 0.691667 1 0.412500 0.795833 1 0.565625 0.758333 1
0 0.335047 0.689510 0.179063 0.291938 0.368750 0.593750 1 0.000000 0.000000 0 0.365625 0.587500 1 0.000000 0.000000 0 0.342187 0.589583 1 0.370312 0.622917 1 0.296875 0.629167 1 0.412500 0.660417 1 0.254688 0.683333 1 0.425000 0.695833 1 0.260937 0.762500 1 0.332813 0.716667 1 0.278125 0.731250 1 0.393750 0.683333 1 0.317188 0.695833 1 0.328125 0.779167 1 0.278125 0.791667 1
0 0.176969 0.634833 0.232594 0.388750 0.207813 0.497917 1 0.000000 0.000000 0 0.200000 0.485417 1 0.000000 0.000000 0 0.181250 0.481250 1 0.192188 0.525000 1 0.137500 0.512500 1 0.220312 0.566667 1 0.095312 0.572917 1 0.262500 0.597917 1 0.121875 0.620833 1 0.123438 0.625000 1 0.089063 0.625000 1 0.167187 0.658333 1 0.132812 0.681250 1 0.157812 0.779167 1 0.107813 0.793750 1
0 0.120742 0.361083 0.077641 0.132500 0.128125 0.320833 1 0.131250 0.316667 1 0.123438 0.316667 1 0.135937 0.318750 1 0.112500 0.320833 1 0.137500 0.345833 1 0.100000 0.350000 1 0.151562 0.389583 1 0.087500 0.391667 1 0.131250 0.404167 1 0.120313 0.402083 1 0.000000 0.000000 0 0.000000 0.000000 0 0.000000 0.000000 0 0.000000 0.000000 0 0.000000 0.000000 0 0.000000 0.000000 0
0 0.116375 0.200542 0.058250 0.132625 0.120313 0.160417 1 0.123438 0.156250 1 0.117188 0.156250 1 0.000000 0.000000 0 0.107813 0.158333 1 0.132812 0.189583 1 0.096875 0.189583 1 0.142187 0.218750 1 0.092188 0.235417 1 0.134375 0.225000 1 0.118750 0.237500 1 0.123438 0.247917 1 0.103125 0.250000 1 0.132812 0.254167 1 0.114062 0.262500 1 0.000000 0.000000 0 0.000000 0.000000 0
0 0.702289 0.371542 0.084047 0.094542 0.701562 0.356250 1 0.704688 0.347917 1 0.696875 0.347917 1 0.000000 0.000000 0 0.685937 0.347917 1 0.714063 0.375000 1 0.668750 0.372917 1 0.739062 0.410417 1 0.676562 0.412500 1 0.000000 0.000000 0 0.685937 0.368750 1 0.000000 0.000000 0 0.000000 0.000000 0 0.715625 0.360417 1 0.000000 0.000000 0 0.721875 0.410417 1 0.000000 0.000000 0
0 0.192094 0.277219 0.080344 0.167146 0.192188 0.220833 1 0.195312 0.216667 1 0.189062 0.216667 1 0.000000 0.000000 0 0.178125 0.218750 1 0.209375 0.245833 1 0.165625 0.247917 1 0.221875 0.275000 1 0.154688 0.283333 1 0.226562 0.283333 1 0.173437 0.295833 1 0.212500 0.312500 1 0.185938 0.314583 1 0.000000 0.000000 0 0.000000 0.000000 0 0.000000 0.000000 0 0.000000 0.000000 0
0 0.239852 0.190010 0.059766 0.091146 0.000000 0.000000 0 0.000000 0.000000 0 0.000000 0.000000 0 0.000000 0.000000 0 0.000000 0.000000 0 0.000000 0.000000 0 0.000000 0.000000 0 0.000000 0.000000 0 0.000000 0.000000 0 0.000000 0.000000 0 0.000000 0.000000 0 0.000000 0.000000 0 0.000000 0.000000 0 0.000000 0.000000 0 0.000000 0.000000 0 0.000000 0.000000 0 0.000000 0.000000 0
0 0.348164 0.361990 0.079578 0.123688 0.378125 0.322917 1 0.381250 0.318750 1 0.373437 0.318750 1 0.000000 0.000000 0 0.362500 0.320833 1 0.379688 0.341667 1 0.353125 0.337500 1 0.381250 0.379167 1 0.331250 0.372917 1 0.376563 0.383333 1 0.350000 0.404167 1 0.359375 0.397917 1 0.335938 0.395833 1 0.000000 0.000000 0 0.331250 0.416667 1 0.000000 0.000000 0 0.000000 0.000000 0
0 0.405523 0.364771 0.041203 0.087708 0.000000 0.000000 0 0.000000 0.000000 0 0.000000 0.000000 0 0.000000 0.000000 0 0.000000 0.000000 0 0.000000 0.000000 0 0.000000 0.000000 0 0.000000 0.000000 0 0.000000 0.000000 0 0.000000 0.000000 0 0.000000 0.000000 0 0.000000 0.000000 0 0.000000 0.000000 0 0.000000 0.000000 0 0.000000 0.000000 0 0.000000 0.000000 0 0.000000 0.000000 0
0 0.061937 0.314083 0.070781 0.108000 0.064062 0.287500 1 0.068750 0.283333 1 0.059375 0.283333 1 0.000000 0.000000 0 0.051562 0.285417 1 0.078125 0.316667 1 0.037500 0.318750 1 0.095312 0.347917 1 0.032813 0.354167 1 0.090625 0.358333 1 0.067187 0.360417 1 0.085938 0.381250 1 0.050000 0.385417 1 0.000000 0.000000 0 0.000000 0.000000 0 0.000000 0.000000 0 0.000000 0.000000 0
0 0.026969 0.270604 0.053625 0.122917 0.014063 0.237500 1 0.017188 0.233333 1 0.009375 0.231250 1 0.000000 0.000000 0 0.000000 0.000000 0 0.025000 0.258333 1 0.003125 0.262500 1 0.045312 0.277083 1 0.000000 0.000000 0 0.031250 0.247917 1 0.000000 0.000000 0 0.000000 0.000000 0 0.000000 0.000000 0 0.000000 0.000000 0 0.000000 0.000000 0 0.000000 0.000000 0 0.000000 0.000000 0
0 0.528984 0.345427 0.065844 0.114937 0.515625 0.314583 1 0.518750 0.310417 1 0.510938 0.310417 1 0.528125 0.312500 1 0.507812 0.316667 1 0.543750 0.331250 1 0.504687 0.339583 1 0.554688 0.366667 1 0.509375 0.381250 1 0.550000 0.397917 1 0.532813 0.395833 1 0.545312 0.397917 1 0.520312 0.404167 1 0.000000 0.000000 0 0.000000 0.000000 0 0.000000 0.000000 0 0.000000 0.000000 0