0 0.747828 0.538203 0.285500 0.847186 0.725000 0.168831 1 0.723437 0.155844 1 0.704688 0.160173 1 0.000000 0.000000 0 0.681250 0.183983 1 0.757812 0.272727 1 0.654687 0.277056 1 0.787500 0.376623 1 0.632812 0.385281 1 0.757812 0.411255 1 0.671875 0.426407 1 0.757812 0.458874 1 0.695312 0.465368 1 0.764062 0.690476 1 0.775000 0.677489 1 0.653125 0.852814 1 0.800000 0.889610 1
0 0.667211 0.651320 0.100016 0.339957 0.000000 0.000000 0 0.000000 0.000000 0 0.000000 0.000000 0 0.000000 0.000000 0 0.656250 0.478355 1 0.707812 0.541126 1 0.642188 0.545455 1 0.721875 0.627706 1 0.639062 0.638528 1 0.704688 0.670996 1 0.689063 0.690476 1 0.709375 0.681818 1 0.659375 0.683983 1 0.000000 0.000000 0 0.665625 0.701299 1 0.000000 0.000000 0 0.660937 0.826840 1
0 0.436234 0.226450 0.097875 0.107965 0.428125 0.220779 1 0.429688 0.207792 1 0.417187 0.212121 1 0.437500 0.212121 1 0.409375 0.222944 1 0.465625 0.264069 1 0.403125 0.266234 1 0.000000 0.000000 0 0.000000 0.000000 0 0.000000 0.000000 0 0.000000 0.000000 0 0.000000 0.000000 0 0.000000 0.000000 0 0.000000 0.000000 0 0.000000 0.000000 0 0.000000 0.000000 0 0.000000 0.000000 0
0 0.384523 0.721883 0.312953 0.457965 0.365625 0.554113 1 0.364063 0.538961 1 0.350000 0.541126 1 0.000000 0.000000 0 0.318750 0.569264 1 0.367188 0.612554 1 0.292187 0.614719 1 0.435937 0.707792 1 0.284375 0.705628 1 0.498437 0.759740 1 0.334375 0.738095 1 0.325000 0.777056 1 0.264062 0.792208 1 0.454688 0.761905 1 0.368750 0.722944 1 0.346875 0.911255 1 0.285938 0.902597 1
0 0.143508 0.558810 0.209766 0.780000 0.214062 0.244589 1 0.220312 0.235931 1 0.206250 0.231602 1 0.000000 0.000000 0 0.170313 0.238095 1 0.198437 0.339827 1 0.132812 0.309524 1 0.182812 0.465368 1 0.081250 0.430736 1 0.192188 0.528139 1 0.095312 0.541126 1 0.131250 0.562771 1 0.070312 0.556277 1 0.146875 0.690476 1 0.110937 0.692641 1 0.137500 0.854978 1 0.106250 0.865801 1
0 0.338164 0.229502 0.097359 0.132944 0.339062 0.214286 1 0.345313 0.205628 1 0.329688 0.207792 1 0.000000 0.000000 0 0.315625 0.229437 1 0.364063 0.279221 1 0.300000 0.277056 1 0.000000 0.000000 0 0.000000 0.000000 0 0.000000 0.000000 0 0.000000 0.000000 0 0.000000 0.000000 0 0.000000 0.000000 0 0.000000 0.000000 0 0.000000 0.000000 0 0.000000 0.000000 0 0.000000 0.000000 0
0 0.532078 0.226602 0.107062 0.125844 0.534375 0.218615 1 0.539062 0.209957 1 0.528125 0.209957 1 0.000000 0.000000 0 0.512500 0.222944 1 0.550000 0.279221 1 0.492188 0.281385 1 0.000000 0.000000 0 0.000000 0.000000 0 0.000000 0.000000 0 0.000000 0.000000 0 0.000000 0.000000 0 0.000000 0.000000 0 0.000000 0.000000 0 0.000000 0.000000 0 0.000000 0.000000 0 0.000000 0.000000 0
0 0.613836 0.231656 0.068484 0.104524 0.623437 0.216450 1 0.628125 0.207792 1 0.617188 0.207792 1 0.000000 0.000000 0 0.601562 0.218615 1 0.648438 0.270563 1 0.592187 0.277056 1 0.000000 0.000000 0 0.000000 0.000000 0 0.000000 0.000000 0 0.000000 0.000000 0 0.000000 0.000000 0 0.000000 0.000000 0 0.000000 0.000000 0 0.000000 0.000000 0 0.000000 0.000000 0 0.000000 0.000000 0
0 0.884219 0.618745 0.134531 0.400260 0.889062 0.432900 1 0.895312 0.426407 1 0.882812 0.424242 1 0.000000 0.000000 0 0.865625 0.430736 1 0.912500 0.474026 1 0.846875 0.482684 1 0.946875 0.512987 1 0.843750 0.523810 1 0.909375 0.512987 1 0.865625 0.445887 1 0.887500 0.649351 1 0.843750 0.627706 1 0.928125 0.714286 1 0.840625 0.751082 1 0.923438 0.807359 1 0.000000 0.000000 0
0 0.935750 0.208333 0.089188 0.149004 0.943750 0.164502 1 0.945312 0.160173 1 0.934375 0.160173 1 0.000000 0.000000 0 0.915625 0.173160 1 0.960938 0.216450 1 0.904687 0.225108 1 0.978125 0.242424 1 0.926562 0.283550 1 0.942187 0.255411 1 0.976562 0.268398 1 0.000000 0.000000 0 0.000000 0.000000 0 0.000000 0.000000 0 0.000000 0.000000 0 0.000000 0.000000 0 0.000000 0.000000 0
0 0.791977 0.198203 0.124266 0.161732 0.787500 0.140693 1 0.789062 0.134199 1 0.779687 0.134199 1 0.000000 0.000000 0 0.764062 0.149351 1 0.818750 0.207792 1 0.739062 0.203463 1 0.000000 0.000000 0 0.000000 0.000000 0 0.000000 0.000000 0 0.000000 0.000000 0 0.000000 0.000000 0 0.000000 0.000000 0 0.000000 0.000000 0 0.000000 0.000000 0 0.000000 0.000000 0 0.000000 0.000000 0
0 0.511102 0.634589 0.203422 0.389567 0.509375 0.491342 1 0.517188 0.484848 1 0.501563 0.484848 1 0.000000 0.000000 0 0.487500 0.495671 1 0.543750 0.554113 1 0.459375 0.556277 1 0.560937 0.619048 1 0.423438 0.623377 1 0.575000 0.679654 1 0.454688 0.690476 1 0.529687 0.709957 1 0.487500 0.718615 1 0.582812 0.722944 1 0.478125 0.835498 1 0.604688 0.848485 1 0.000000 0.000000 0
0 0.274758 0.186234 0.073766 0.107403 0.265625 0.160173 1 0.270313 0.151515 1 0.257812 0.151515 1 0.000000 0.000000 0 0.240625 0.162338 1 0.290625 0.199134 1 0.234375 0.203463 1 0.306250 0.246753 1 0.000000 0.000000 0 0.000000 0.000000 0 0.000000 0.000000 0 0.000000 0.000000 0 0.000000 0.000000 0 0.000000 0.000000 0 0.000000 0.000000 0 0.000000 0.000000 0 0.000000 0.000000 0