0 0.165312 0.827704 0.092094 0.324312 0.151562 0.722611 1 0.153125 0.713287 1 0.150000 0.713287 1 0.179688 0.715618 1 0.000000 0.000000 0 0.184375 0.773893 1 0.168750 0.764569 1 0.189062 0.834499 1 0.000000 0.000000 0 0.175000 0.892774 1 0.000000 0.000000 0 0.185938 0.890443 1 0.171875 0.888112 1 0.164062 0.990676 1 0.142187 0.981352 1 0.000000 0.000000 0 0.000000 0.000000 0
0 0.307289 0.751690 0.084359 0.393263 0.326562 0.589744 1 0.000000 0.000000 0 0.321875 0.585082 1 0.000000 0.000000 0 0.306250 0.589744 1 0.332813 0.631702 1 0.279687 0.634033 1 0.339062 0.692308 1 0.279687 0.699301 1 0.339062 0.750583 1 0.287500 0.759907 1 0.318750 0.748252 1 0.298438 0.748252 1 0.332813 0.827506 1 0.295312 0.836830 1 0.306250 0.885781 1 0.296875 0.920746 1
0 0.405953 0.684266 0.064781 0.200000 0.421875 0.622378 1 0.425000 0.617716 1 0.418750 0.617716 1 0.000000 0.000000 0 0.404687 0.620047 1 0.435937 0.657343 1 0.389062 0.657343 1 0.000000 0.000000 0 0.378125 0.713287 1 0.000000 0.000000 0 0.385937 0.762238 1 0.000000 0.000000 0 0.000000 0.000000 0 0.000000 0.000000 0 0.000000 0.000000 0 0.000000 0.000000 0 0.000000 0.000000 0
0 0.240258 0.760676 0.073797 0.298881 0.251563 0.645688 1 0.000000 0.000000 0 0.250000 0.636364 1 0.000000 0.000000 0 0.000000 0.000000 0 0.000000 0.000000 0 0.228125 0.671329 1 0.000000 0.000000 0 0.226562 0.717949 1 0.000000 0.000000 0 0.231250 0.769231 1 0.000000 0.000000 0 0.228125 0.771562 1 0.000000 0.000000 0 0.240625 0.836830 1 0.000000 0.000000 0 0.257812 0.892774 1
0 0.260500 0.703345 0.036656 0.198159 0.000000 0.000000 0 0.000000 0.000000 0 0.000000 0.000000 0 0.000000 0.000000 0 0.000000 0.000000 0 0.000000 0.000000 0 0.000000 0.000000 0 0.000000 0.000000 0 0.000000 0.000000 0 0.000000 0.000000 0 0.000000 0.000000 0 0.000000 0.000000 0 0.000000 0.000000 0 0.000000 0.000000 0 0.000000 0.000000 0 0.000000 0.000000 0 0.000000 0.000000 0
0 0.102805 0.789417 0.100797 0.421166 0.095312 0.624709 1 0.104688 0.617716 1 0.000000 0.000000 0 0.121875 0.631702 1 0.000000 0.000000 0 0.129688 0.687646 1 0.098437 0.685315 1 0.135937 0.752914 1 0.060937 0.755245 1 0.090625 0.752914 1 0.075000 0.752914 1 0.121875 0.850816 1 0.103125 0.850816 1 0.093750 0.953380 1 0.115625 0.965035 1 0.000000 0.000000 0 0.000000 0.000000 0
0 0.179961 0.643392 0.040609 0.078671 0.000000 0.000000 0 0.000000 0.000000 0 0.000000 0.000000 0 0.000000 0.000000 0 0.000000 0.000000 0 0.000000 0.000000 0 0.000000 0.000000 0 0.000000 0.000000 0 0.000000 0.000000 0 0.000000 0.000000 0 0.000000 0.000000 0 0.000000 0.000000 0 0.000000 0.000000 0 0.000000 0.000000 0 0.000000 0.000000 0 0.000000 0.000000 0 0.000000 0.000000 0
0 0.043617 0.758322 0.087234 0.415291 0.000000 0.000000 0 0.000000 0.000000 0 0.078125 0.578089 1 0.000000 0.000000 0 0.067187 0.582751 1 0.031250 0.617716 1 0.076563 0.622378 1 0.009375 0.689977 1 0.081250 0.682984 1 0.039062 0.694639 1 0.000000 0.000000 0 0.021875 0.724942 1 0.053125 0.736597 1 0.014063 0.757576 1 0.053125 0.832168 1 0.012500 0.827506 1 0.040625 0.930070 1
0 0.575367 0.715455 0.131078 0.194266 0.000000 0.000000 0 0.000000 0.000000 0 0.000000 0.000000 0 0.000000 0.000000 0 0.546875 0.652681 1 0.581250 0.710956 1 0.525000 0.699301 1 0.603125 0.750583 1 0.000000 0.000000 0 0.628125 0.787879 1 0.000000 0.000000 0 0.000000 0.000000 0 0.000000 0.000000 0 0.000000 0.000000 0 0.000000 0.000000 0 0.000000 0.000000 0 0.000000 0.000000 0
0 0.666445 0.701329 0.093078 0.178135 0.670312 0.638695 1 0.000000 0.000000 0 0.662500 0.634033 1 0.000000 0.000000 0 0.654687 0.638695 1 0.707812 0.689977 1 0.640625 0.699301 1 0.000000 0.000000 0 0.628125 0.759907 1 0.000000 0.000000 0 0.000000 0.000000 0 0.706250 0.820513 1 0.650000 0.820513 1 0.000000 0.000000 0 0.000000 0.000000 0 0.000000 0.000000 0 0.000000 0.000000 0
0 0.089070 0.654277 0.045297 0.139650 0.070312 0.627040 1 0.079687 0.617716 1 0.070312 0.620047 1 0.093750 0.629371 1 0.000000 0.000000 0 0.106250 0.689977 1 0.078125 0.694639 1 0.000000 0.000000 0 0.057813 0.759907 1 0.000000 0.000000 0 0.079687 0.755245 1 0.000000 0.000000 0 0.000000 0.000000 0 0.000000 0.000000 0 0.000000 0.000000 0 0.000000 0.000000 0 0.000000 0.000000 0
0 0.646859 0.667692 0.024281 0.055711 0.000000 0.000000 0 0.000000 0.000000 0 0.000000 0.000000 0 0.000000 0.000000 0 0.000000 0.000000 0 0.000000 0.000000 0 0.000000 0.000000 0 0.000000 0.000000 0 0.000000 0.000000 0 0.000000 0.000000 0 0.000000 0.000000 0 0.000000 0.000000 0 0.000000 0.000000 0 0.000000 0.000000 0 0.000000 0.000000 0 0.000000 0.000000 0 0.000000 0.000000 0
0 0.454422 0.682855 0.053188 0.152284 0.470313 0.638695 1 0.471875 0.631702 1 0.462500 0.634033 1 0.000000 0.000000 0 0.000000 0.000000 0 0.478125 0.678322 1 0.435937 0.678322 1 0.000000 0.000000 0 0.439063 0.727273 1 0.000000 0.000000 0 0.000000 0.000000 0 0.479687 0.757576 1 0.454688 0.759907 1 0.000000 0.000000 0 0.000000 0.000000 0 0.000000 0.000000 0 0.000000 0.000000 0