0 0.827180 0.547581 0.342547 0.412777 0.828125 0.433839 1 0.831250 0.420824 1 0.000000 0.000000 0 0.862500 0.425163 1 0.000000 0.000000 0 0.915625 0.518438 1 0.890625 0.457701 1 0.826562 0.642082 1 0.818750 0.540130 1 0.000000 0.000000 0 0.715625 0.568330 1 0.000000 0.000000 0 0.000000 0.000000 0 0.000000 0.000000 0 0.000000 0.000000 0 0.000000 0.000000 0 0.000000 0.000000 0
0 0.757367 0.839328 0.485266 0.298872 0.000000 0.000000 0 0.000000 0.000000 0 0.000000 0.000000 0 0.867188 0.822126 1 0.000000 0.000000 0 0.704688 0.945770 1 0.000000 0.000000 0 0.000000 0.000000 0 0.000000 0.000000 0 0.000000 0.000000 0 0.000000 0.000000 0 0.000000 0.000000 0 0.000000 0.000000 0 0.000000 0.000000 0 0.000000 0.000000 0 0.000000 0.000000 0 0.000000 0.000000 0
0 0.146008 0.712842 0.288766 0.554056 0.146875 0.590022 1 0.000000 0.000000 0 0.000000 0.000000 0 0.000000 0.000000 0 0.106250 0.644252 1 0.000000 0.000000 0 0.153125 0.791757 1 0.000000 0.000000 0 0.262500 0.980477 1 0.000000 0.000000 0 0.168750 0.791757 1 0.000000 0.000000 0 0.000000 0.000000 0 0.000000 0.000000 0 0.000000 0.000000 0 0.000000 0.000000 0 0.000000 0.000000 0
0 0.692305 0.313547 0.065828 0.102321 0.692187 0.284165 1 0.696875 0.279826 1 0.689063 0.279826 1 0.704688 0.284165 1 0.000000 0.000000 0 0.714063 0.316703 1 0.668750 0.314534 1 0.717187 0.355748 1 0.667188 0.344902 1 0.000000 0.000000 0 0.000000 0.000000 0 0.000000 0.000000 0 0.000000 0.000000 0 0.000000 0.000000 0 0.000000 0.000000 0 0.000000 0.000000 0 0.000000 0.000000 0
0 0.244422 0.476410 0.168344 0.337072 0.267188 0.370933 1 0.000000 0.000000 0 0.259375 0.368764 1 0.000000 0.000000 0 0.240625 0.409978 1 0.254688 0.431670 1 0.196875 0.481562 1 0.000000 0.000000 0 0.267188 0.596529 1 0.287500 0.568330 1 0.301563 0.477223 1 0.259375 0.616052 1 0.228125 0.644252 1 0.000000 0.000000 0 0.000000 0.000000 0 0.000000 0.000000 0 0.000000 0.000000 0
0 0.514297 0.329664 0.077594 0.122191 0.510938 0.301518 1 0.514062 0.297180 1 0.507812 0.295011 1 0.000000 0.000000 0 0.490625 0.292842 1 0.504687 0.321041 1 0.476562 0.327549 1 0.523438 0.357918 1 0.487500 0.377440 1 0.550000 0.360087 1 0.529687 0.370933 1 0.000000 0.000000 0 0.000000 0.000000 0 0.000000 0.000000 0 0.000000 0.000000 0 0.000000 0.000000 0 0.000000 0.000000 0
0 0.404727 0.393449 0.137828 0.216833 0.456250 0.338395 1 0.460938 0.329718 1 0.450000 0.327549 1 0.000000 0.000000 0 0.429688 0.323210 1 0.000000 0.000000 0 0.410938 0.368764 1 0.000000 0.000000 0 0.420312 0.464208 1 0.000000 0.000000 0 0.454688 0.451193 1 0.000000 0.000000 0 0.367188 0.511931 1 0.000000 0.000000 0 0.000000 0.000000 0 0.000000 0.000000 0 0.000000 0.000000 0
0 0.189898 0.567148 0.197359 0.353731 0.182812 0.479393 1 0.000000 0.000000 0 0.000000 0.000000 0 0.000000 0.000000 0 0.145313 0.492408 1 0.000000 0.000000 0 0.000000 0.000000 0 0.176563 0.611714 1 0.000000 0.000000 0 0.220312 0.646421 1 0.220312 0.694143 1 0.000000 0.000000 0 0.000000 0.000000 0 0.000000 0.000000 0 0.000000 0.000000 0 0.000000 0.000000 0 0.000000 0.000000 0
0 0.471156 0.352668 0.041750 0.148026 0.482812 0.314534 1 0.485938 0.308026 1 0.479687 0.305857 1 0.000000 0.000000 0 0.000000 0.000000 0 0.479687 0.336226 1 0.459375 0.347072 1 0.485938 0.381779 1 0.473438 0.409978 1 0.492188 0.401302 1 0.479687 0.392625 1 0.000000 0.000000 0 0.000000 0.000000 0 0.000000 0.000000 0 0.000000 0.000000 0 0.000000 0.000000 0 0.000000 0.000000 0
0 0.767461 0.369859 0.096641 0.141020 0.742188 0.334056 1 0.748437 0.325380 1 0.000000 0.000000 0 0.768750 0.325380 1 0.000000 0.000000 0 0.787500 0.368764 1 0.764062 0.353579 1 0.757812 0.440347 1 0.000000 0.000000 0 0.745313 0.381779 1 0.000000 0.000000 0 0.000000 0.000000 0 0.000000 0.000000 0 0.000000 0.000000 0 0.000000 0.000000 0 0.000000 0.000000 0 0.000000 0.000000 0
0 0.759414 0.351399 0.057266 0.128221 0.743750 0.331887 1 0.748437 0.325380 1 0.000000 0.000000 0 0.767188 0.327549 1 0.000000 0.000000 0 0.792188 0.368764 1 0.768750 0.360087 1 0.756250 0.433839 1 0.000000 0.000000 0 0.742188 0.379610 1 0.000000 0.000000 0 0.000000 0.000000 0 0.000000 0.000000 0 0.000000 0.000000 0 0.000000 0.000000 0 0.000000 0.000000 0 0.000000 0.000000 0
0 0.585750 0.311551 0.069719 0.121323 0.581250 0.273319 1 0.584375 0.266811 1 0.575000 0.266811 1 0.000000 0.000000 0 0.567187 0.277657 1 0.595313 0.301518 1 0.557813 0.305857 1 0.000000 0.000000 0 0.557813 0.344902 1 0.000000 0.000000 0 0.562500 0.355748 1 0.000000 0.000000 0 0.000000 0.000000 0 0.000000 0.000000 0 0.000000 0.000000 0 0.000000 0.000000 0 0.000000 0.000000 0
0 0.351359 0.420260 0.168000 0.232278 0.331250 0.362256 1 0.000000 0.000000 0 0.321875 0.355748 1 0.000000 0.000000 0 0.296875 0.368764 1 0.304688 0.407809 1 0.270313 0.433839 1 0.000000 0.000000 0 0.296875 0.518438 1 0.000000 0.000000 0 0.373437 0.518438 1 0.315625 0.568330 1 0.298438 0.590022 1 0.000000 0.000000 0 0.000000 0.000000 0 0.000000 0.000000 0 0.000000 0.000000 0