0 0.617229 0.607180 0.371542 0.739328 0.000000 0.000000 0 0.000000 0.000000 0 0.000000 0.000000 0 0.000000 0.000000 0 0.643750 0.296875 1 0.512500 0.379688 1 0.706250 0.364063 1 0.464583 0.503125 1 0.795833 0.460938 1 0.000000 0.000000 0 0.000000 0.000000 0 0.572917 0.578125 1 0.695833 0.578125 1 0.589583 0.745313 1 0.675000 0.728125 1 0.604167 0.932813 1 0.683333 0.907813 1
0 0.874719 0.615687 0.250562 0.643344 0.789583 0.353125 1 0.808333 0.337500 1 0.777083 0.343750 1 0.858333 0.343750 1 0.000000 0.000000 0 0.933333 0.395313 1 0.752083 0.414062 1 0.977083 0.485938 1 0.000000 0.000000 0 0.918750 0.525000 1 0.000000 0.000000 0 0.939583 0.635938 1 0.810417 0.650000 1 0.966667 0.760938 1 0.822917 0.775000 1 0.991667 0.879687 1 0.837500 0.889062 1
0 0.953854 0.341680 0.092292 0.267453 0.935417 0.265625 1 0.933333 0.254688 1 0.000000 0.000000 0 0.960417 0.251563 1 0.000000 0.000000 0 0.972917 0.292187 1 0.000000 0.000000 0 0.941667 0.375000 1 0.000000 0.000000 0 0.891667 0.428125 1 0.000000 0.000000 0 0.000000 0.000000 0 0.000000 0.000000 0 0.995833 0.531250 1 0.000000 0.000000 0 0.000000 0.000000 0 0.000000 0.000000 0
0 0.278656 0.594383 0.275646 0.734828 0.322917 0.282813 1 0.000000 0.000000 0 0.312500 0.271875 1 0.000000 0.000000 0 0.283333 0.279687 1 0.181250 0.371875 1 0.268750 0.346875 1 0.170833 0.479687 1 0.293750 0.454688 1 0.000000 0.000000 0 0.377083 0.473438 1 0.287500 0.578125 1 0.247917 0.581250 1 0.310417 0.753125 1 0.262500 0.745313 1 0.306250 0.914062 1 0.204167 0.921875 1
0 0.088354 0.507539 0.176708 0.528766 0.087500 0.295312 1 0.085417 0.284375 1 0.072917 0.282813 1 0.000000 0.000000 0 0.031250 0.295312 1 0.100000 0.345313 1 0.000000 0.000000 0 0.133333 0.421875 1 0.000000 0.000000 0 0.000000 0.000000 0 0.000000 0.000000 0 0.102083 0.509375 1 0.018750 0.512500 1 0.093750 0.618750 1 0.004167 0.621875 1 0.091667 0.729688 1 0.008333 0.717187 1
0 0.875781 0.284789 0.156604 0.148422 0.000000 0.000000 0 0.000000 0.000000 0 0.000000 0.000000 0 0.860417 0.245312 1 0.000000 0.000000 0 0.820833 0.292187 1 0.935417 0.295312 1 0.000000 0.000000 0 0.000000 0.000000 0 0.000000 0.000000 0 0.000000 0.000000 0 0.000000 0.000000 0 0.000000 0.000000 0 0.000000 0.000000 0 0.000000 0.000000 0 0.000000 0.000000 0 0.000000 0.000000 0
0 0.162833 0.331062 0.074167 0.161031 0.189583 0.278125 1 0.000000 0.000000 0 0.185417 0.275000 1 0.000000 0.000000 0 0.168750 0.279687 1 0.000000 0.000000 0 0.154167 0.326562 1 0.000000 0.000000 0 0.154167 0.378125 1 0.000000 0.000000 0 0.000000 0.000000 0 0.000000 0.000000 0 0.000000 0.000000 0 0.000000 0.000000 0 0.000000 0.000000 0 0.000000 0.000000 0 0.000000 0.000000 0
0 0.145625 0.291172 0.100208 0.084906 0.000000 0.000000 0 0.000000 0.000000 0 0.000000 0.000000 0 0.129167 0.279687 1 0.000000 0.000000 0 0.114583 0.310937 1 0.172917 0.310937 1 0.000000 0.000000 0 0.000000 0.000000 0 0.000000 0.000000 0 0.000000 0.000000 0 0.000000 0.000000 0 0.000000 0.000000 0 0.000000 0.000000 0 0.000000 0.000000 0 0.000000 0.000000 0 0.000000 0.000000 0
0 0.526771 0.302961 0.151708 0.161547 0.000000 0.000000 0 0.000000 0.000000 0 0.000000 0.000000 0 0.541667 0.254688 1 0.000000 0.000000 0 0.512500 0.296875 1 0.000000 0.000000 0 0.462500 0.350000 1 0.000000 0.000000 0 0.485417 0.404687 1 0.000000 0.000000 0 0.000000 0.000000 0 0.000000 0.000000 0 0.000000 0.000000 0 0.000000 0.000000 0 0.000000 0.000000 0 0.000000 0.000000 0
0 0.374354 0.438609 0.108667 0.310438 0.368750 0.295312 1 0.375000 0.290625 1 0.000000 0.000000 0 0.393750 0.296875 1 0.000000 0.000000 0 0.379167 0.332813 1 0.427083 0.328125 1 0.356250 0.378125 1 0.000000 0.000000 0 0.000000 0.000000 0 0.000000 0.000000 0 0.385417 0.421875 1 0.425000 0.414062 1 0.000000 0.000000 0 0.000000 0.000000 0 0.000000 0.000000 0 0.000000 0.000000 0
0 0.678323 0.295219 0.065604 0.090062 0.000000 0.000000 0 0.000000 0.000000 0 0.000000 0.000000 0 0.654167 0.281250 1 0.000000 0.000000 0 0.000000 0.000000 0 0.000000 0.000000 0 0.000000 0.000000 0 0.000000 0.000000 0 0.000000 0.000000 0 0.000000 0.000000 0 0.000000 0.000000 0 0.000000 0.000000 0 0.000000 0.000000 0 0.000000 0.000000 0 0.000000 0.000000 0 0.000000 0.000000 0
0 0.762990 0.365281 0.144229 0.297719 0.000000 0.000000 0 0.000000 0.000000 0 0.000000 0.000000 0 0.000000 0.000000 0 0.789583 0.260937 1 0.708333 0.310937 1 0.845833 0.314063 1 0.718750 0.271875 1 0.000000 0.000000 0 0.750000 0.229687 1 0.000000 0.000000 0 0.000000 0.000000 0 0.000000 0.000000 0 0.000000 0.000000 0 0.000000 0.000000 0 0.000000 0.000000 0 0.000000 0.000000 0