0 0.332813 0.554510 0.119438 0.345729 0.323437 0.400000 1 0.326562 0.393750 1 0.000000 0.000000 0 0.342187 0.397917 1 0.000000 0.000000 0 0.359375 0.441667 1 0.317188 0.441667 1 0.385937 0.493750 1 0.298438 0.491667 1 0.360938 0.522917 1 0.285938 0.529167 1 0.354687 0.547917 1 0.320312 0.550000 1 0.365625 0.620833 1 0.317188 0.618750 1 0.360938 0.691667 1 0.315625 0.695833 1
0 0.280922 0.503281 0.060875 0.272479 0.285938 0.402083 1 0.000000 0.000000 0 0.282813 0.395833 1 0.000000 0.000000 0 0.275000 0.400000 1 0.000000 0.000000 0 0.265625 0.422917 1 0.000000 0.000000 0 0.292187 0.464583 1 0.000000 0.000000 0 0.303125 0.441667 1 0.260937 0.508333 1 0.276562 0.504167 1 0.273438 0.572917 1 0.295312 0.577083 1 0.260937 0.625000 1 0.296875 0.622917 1
0 0.453844 0.504135 0.086844 0.322271 0.460938 0.370833 1 0.465625 0.366667 1 0.457813 0.364583 1 0.000000 0.000000 0 0.448437 0.362500 1 0.476562 0.408333 1 0.431250 0.404167 1 0.485938 0.456250 1 0.420312 0.452083 1 0.487500 0.495833 1 0.420312 0.489583 1 0.471875 0.493750 1 0.442188 0.489583 1 0.465625 0.575000 1 0.437500 0.577083 1 0.459375 0.639583 1 0.428125 0.641667 1
0 0.565234 0.496292 0.077844 0.279833 0.571875 0.387500 1 0.575000 0.383333 1 0.568750 0.383333 1 0.000000 0.000000 0 0.559375 0.379167 1 0.582812 0.404167 1 0.540625 0.408333 1 0.596875 0.445833 1 0.529687 0.441667 1 0.582812 0.452083 1 0.535937 0.468750 1 0.576562 0.466667 1 0.554688 0.472917 1 0.000000 0.000000 0 0.556250 0.545833 1 0.000000 0.000000 0 0.560937 0.597917 1
0 0.166141 0.529875 0.096781 0.372292 0.165625 0.385417 1 0.170313 0.379167 1 0.160938 0.379167 1 0.179688 0.377083 1 0.154688 0.377083 1 0.193750 0.406250 1 0.142187 0.408333 1 0.209375 0.458333 1 0.128125 0.458333 1 0.182812 0.433333 1 0.148438 0.420833 1 0.192188 0.510417 1 0.153125 0.510417 1 0.184375 0.595833 1 0.164062 0.587500 1 0.178125 0.683333 1 0.189062 0.670833 1
0 0.516164 0.478156 0.059984 0.230646 0.515625 0.387500 1 0.518750 0.383333 1 0.514062 0.381250 1 0.528125 0.385417 1 0.000000 0.000000 0 0.539062 0.406250 1 0.496875 0.408333 1 0.000000 0.000000 0 0.489063 0.425000 1 0.000000 0.000000 0 0.493750 0.439583 1 0.529687 0.464583 1 0.507812 0.462500 1 0.531250 0.516667 1 0.506250 0.516667 1 0.531250 0.568750 1 0.506250 0.568750 1
0 0.701148 0.571615 0.170828 0.418646 0.000000 0.000000 0 0.000000 0.000000 0 0.000000 0.000000 0 0.650000 0.402083 1 0.687500 0.406250 1 0.628125 0.447917 1 0.700000 0.447917 1 0.000000 0.000000 0 0.735938 0.516667 1 0.000000 0.000000 0 0.000000 0.000000 0 0.629687 0.554167 1 0.678125 0.554167 1 0.000000 0.000000 0 0.726562 0.647917 1 0.000000 0.000000 0 0.757812 0.741667 1
0 0.950719 0.529146 0.098563 0.467083 0.000000 0.000000 0 0.000000 0.000000 0 0.000000 0.000000 0 0.943750 0.337500 1 0.978125 0.333333 1 0.960938 0.381250 1 0.000000 0.000000 0 0.939063 0.460417 1 0.000000 0.000000 0 0.914062 0.437500 1 0.000000 0.000000 0 0.956250 0.527083 1 0.992188 0.527083 1 0.954688 0.631250 1 0.985938 0.631250 1 0.960938 0.731250 1 0.995313 0.725000 1
0 0.790039 0.484031 0.056484 0.236396 0.787500 0.385417 1 0.790625 0.383333 1 0.000000 0.000000 0 0.798438 0.385417 1 0.000000 0.000000 0 0.801562 0.408333 1 0.804688 0.406250 1 0.800000 0.443750 1 0.779687 0.422917 1 0.779687 0.435417 1 0.770312 0.404167 1 0.793750 0.477083 1 0.798438 0.475000 1 0.793750 0.529167 1 0.798438 0.527083 1 0.795312 0.583333 1 0.801562 0.583333 1
0 0.832187 0.443958 0.036906 0.154500 0.832812 0.383333 1 0.832812 0.379167 1 0.829688 0.379167 1 0.837500 0.381250 1 0.825000 0.381250 1 0.842187 0.400000 1 0.821875 0.397917 1 0.000000 0.000000 0 0.000000 0.000000 0 0.000000 0.000000 0 0.000000 0.000000 0 0.832812 0.441667 1 0.821875 0.441667 1 0.837500 0.475000 1 0.821875 0.479167 1 0.839063 0.512500 1 0.821875 0.512500 1
0 0.722781 0.429896 0.034656 0.097042 0.000000 0.000000 0 0.000000 0.000000 0 0.000000 0.000000 0 0.000000 0.000000 0 0.000000 0.000000 0 0.000000 0.000000 0 0.000000 0.000000 0 0.000000 0.000000 0 0.000000 0.000000 0 0.000000 0.000000 0 0.000000 0.000000 0 0.000000 0.000000 0 0.000000 0.000000 0 0.000000 0.000000 0 0.000000 0.000000 0 0.000000 0.000000 0 0.000000 0.000000 0
0 0.376648 0.398250 0.044297 0.067958 0.000000 0.000000 0 0.000000 0.000000 0 0.000000 0.000000 0 0.000000 0.000000 0 0.000000 0.000000 0 0.000000 0.000000 0 0.000000 0.000000 0 0.000000 0.000000 0 0.000000 0.000000 0 0.000000 0.000000 0 0.000000 0.000000 0 0.000000 0.000000 0 0.000000 0.000000 0 0.000000 0.000000 0 0.000000 0.000000 0 0.000000 0.000000 0 0.000000 0.000000 0
0 0.609453 0.434740 0.027187 0.088229 0.000000 0.000000 0 0.000000 0.000000 0 0.000000 0.000000 0 0.000000 0.000000 0 0.000000 0.000000 0 0.000000 0.000000 0 0.000000 0.000000 0 0.000000 0.000000 0 0.000000 0.000000 0 0.000000 0.000000 0 0.000000 0.000000 0 0.000000 0.000000 0 0.000000 0.000000 0 0.000000 0.000000 0 0.000000 0.000000 0 0.000000 0.000000 0 0.000000 0.000000 0