0 0.404492 0.500000 0.161797 0.366292 0.420312 0.383333 1 0.426563 0.372917 1 0.412500 0.372917 1 0.000000 0.000000 0 0.382812 0.368750 1 0.434375 0.437500 1 0.370312 0.435417 1 0.456250 0.539583 1 0.337500 0.537500 1 0.478125 0.606250 1 0.389062 0.558333 1 0.435937 0.652083 1 0.389062 0.656250 1 0.000000 0.000000 0 0.000000 0.000000 0 0.000000 0.000000 0 0.000000 0.000000 0
0 0.552414 0.533635 0.146297 0.376688 0.520312 0.433333 1 0.532813 0.425000 1 0.000000 0.000000 0 0.551562 0.406250 1 0.000000 0.000000 0 0.593750 0.450000 1 0.506250 0.456250 1 0.612500 0.537500 1 0.489063 0.529167 1 0.575000 0.545833 1 0.506250 0.558333 1 0.575000 0.625000 1 0.521875 0.629167 1 0.582812 0.752083 1 0.523438 0.752083 1 0.000000 0.000000 0 0.000000 0.000000 0
0 0.742398 0.590500 0.201859 0.438958 0.000000 0.000000 0 0.000000 0.000000 0 0.000000 0.000000 0 0.656250 0.427083 1 0.000000 0.000000 0 0.662500 0.470833 1 0.750000 0.458333 1 0.681250 0.570833 1 0.000000 0.000000 0 0.664062 0.643750 1 0.000000 0.000000 0 0.734375 0.652083 1 0.807813 0.658333 1 0.712500 0.839583 1 0.812500 0.837500 1 0.000000 0.000000 0 0.000000 0.000000 0
0 0.203828 0.641760 0.153531 0.698812 0.246875 0.339583 1 0.000000 0.000000 0 0.235937 0.327083 1 0.000000 0.000000 0 0.203125 0.350000 1 0.248438 0.414583 1 0.164062 0.416667 1 0.256250 0.525000 1 0.134375 0.537500 1 0.265625 0.485417 1 0.187500 0.512500 1 0.245312 0.606250 1 0.185938 0.606250 1 0.240625 0.795833 1 0.165625 0.789583 1 0.221875 0.935417 1 0.150000 0.943750 1
0 0.308016 0.667802 0.091688 0.290521 0.000000 0.000000 0 0.000000 0.000000 0 0.000000 0.000000 0 0.000000 0.000000 0 0.000000 0.000000 0 0.342187 0.618750 1 0.325000 0.572917 1 0.346875 0.662500 1 0.289062 0.531250 1 0.367188 0.716667 1 0.264062 0.579167 1 0.285938 0.622917 1 0.267188 0.614583 1 0.290625 0.712500 1 0.260937 0.718750 1 0.278125 0.795833 1 0.254688 0.810417 1
0 0.054844 0.605667 0.109688 0.333500 0.000000 0.000000 0 0.000000 0.000000 0 0.000000 0.000000 0 0.000000 0.000000 0 0.000000 0.000000 0 0.057813 0.514583 1 0.009375 0.525000 1 0.095312 0.558333 1 0.000000 0.000000 0 0.073438 0.595833 1 0.000000 0.000000 0 0.051562 0.618750 1 0.015625 0.641667 1 0.054688 0.729167 1 0.029687 0.756250 1 0.056250 0.816667 1 0.000000 0.000000 0
0 0.174437 0.824719 0.348875 0.328104 0.000000 0.000000 0 0.000000 0.000000 0 0.000000 0.000000 0 0.000000 0.000000 0 0.000000 0.000000 0 0.000000 0.000000 0 0.000000 0.000000 0 0.031250 0.733333 1 0.000000 0.000000 0 0.006250 0.764583 1 0.000000 0.000000 0 0.050000 0.818750 1 0.031250 0.837500 1 0.195312 0.833333 1 0.190625 0.750000 1 0.000000 0.000000 0 0.282813 0.914583 1
0 0.109148 0.543510 0.029703 0.182146 0.000000 0.000000 0 0.000000 0.000000 0 0.000000 0.000000 0 0.000000 0.000000 0 0.000000 0.000000 0 0.000000 0.000000 0 0.000000 0.000000 0 0.000000 0.000000 0 0.000000 0.000000 0 0.000000 0.000000 0 0.000000 0.000000 0 0.000000 0.000000 0 0.000000 0.000000 0 0.000000 0.000000 0 0.000000 0.000000 0 0.000000 0.000000 0 0.000000 0.000000 0
0 0.291211 0.513167 0.034734 0.039500 0.000000 0.000000 0 0.000000 0.000000 0 0.000000 0.000000 0 0.000000 0.000000 0 0.000000 0.000000 0 0.000000 0.000000 0 0.000000 0.000000 0 0.000000 0.000000 0 0.000000 0.000000 0 0.000000 0.000000 0 0.000000 0.000000 0 0.000000 0.000000 0 0.000000 0.000000 0 0.000000 0.000000 0 0.000000 0.000000 0 0.000000 0.000000 0 0.000000 0.000000 0
0 0.313508 0.492260 0.066234 0.122063 0.000000 0.000000 0 0.000000 0.000000 0 0.000000 0.000000 0 0.000000 0.000000 0 0.000000 0.000000 0 0.000000 0.000000 0 0.000000 0.000000 0 0.000000 0.000000 0 0.000000 0.000000 0 0.000000 0.000000 0 0.000000 0.000000 0 0.000000 0.000000 0 0.000000 0.000000 0 0.000000 0.000000 0 0.000000 0.000000 0 0.000000 0.000000 0 0.000000 0.000000 0
0 0.092750 0.604812 0.054906 0.299042 0.000000 0.000000 0 0.000000 0.000000 0 0.000000 0.000000 0 0.000000 0.000000 0 0.096875 0.481250 1 0.076563 0.516667 1 0.089063 0.522917 1 0.000000 0.000000 0 0.090625 0.593750 1 0.000000 0.000000 0 0.100000 0.625000 1 0.070312 0.595833 1 0.082812 0.600000 1 0.081250 0.687500 1 0.103125 0.695833 1 0.075000 0.743750 1 0.109375 0.741667 1