0 0.887875 0.273573 0.097500 0.102188 0.889062 0.258333 1 0.898438 0.252083 1 0.885938 0.250000 1 0.906250 0.260417 1 0.879687 0.254167 1 0.915625 0.300000 1 0.865625 0.285417 1 0.000000 0.000000 0 0.000000 0.000000 0 0.000000 0.000000 0 0.871875 0.306250 1 0.000000 0.000000 0 0.000000 0.000000 0 0.000000 0.000000 0 0.000000 0.000000 0 0.000000 0.000000 0 0.000000 0.000000 0
0 0.700523 0.618417 0.289797 0.326125 0.696875 0.510417 1 0.709375 0.506250 1 0.000000 0.000000 0 0.731250 0.514583 1 0.000000 0.000000 0 0.735938 0.568750 1 0.764062 0.537500 1 0.667188 0.587500 1 0.000000 0.000000 0 0.606250 0.568750 1 0.000000 0.000000 0 0.809375 0.679167 1 0.787500 0.658333 1 0.740625 0.635417 1 0.703125 0.608333 1 0.784375 0.745833 1 0.734375 0.718750 1
0 0.897344 0.233240 0.073406 0.137146 0.885938 0.208333 1 0.892188 0.200000 1 0.882812 0.200000 1 0.906250 0.197917 1 0.000000 0.000000 0 0.928125 0.233333 1 0.878125 0.233333 1 0.932813 0.289583 1 0.871875 0.275000 1 0.892188 0.258333 1 0.871875 0.247917 1 0.000000 0.000000 0 0.000000 0.000000 0 0.000000 0.000000 0 0.000000 0.000000 0 0.000000 0.000000 0 0.000000 0.000000 0
0 0.565383 0.232927 0.078891 0.093979 0.564063 0.218750 1 0.570312 0.212500 1 0.559375 0.212500 1 0.575000 0.220833 1 0.550000 0.220833 1 0.585938 0.260417 1 0.537500 0.254167 1 0.000000 0.000000 0 0.000000 0.000000 0 0.000000 0.000000 0 0.000000 0.000000 0 0.000000 0.000000 0 0.000000 0.000000 0 0.000000 0.000000 0 0.000000 0.000000 0 0.000000 0.000000 0 0.000000 0.000000 0
0 0.465109 0.212927 0.087219 0.096146 0.465625 0.202083 1 0.473438 0.193750 1 0.462500 0.191667 1 0.479687 0.202083 1 0.451562 0.193750 1 0.478125 0.237500 1 0.428125 0.239583 1 0.000000 0.000000 0 0.000000 0.000000 0 0.000000 0.000000 0 0.000000 0.000000 0 0.000000 0.000000 0 0.000000 0.000000 0 0.000000 0.000000 0 0.000000 0.000000 0 0.000000 0.000000 0 0.000000 0.000000 0
0 0.800641 0.265729 0.074344 0.084875 0.000000 0.000000 0 0.000000 0.000000 0 0.000000 0.000000 0 0.000000 0.000000 0 0.000000 0.000000 0 0.000000 0.000000 0 0.000000 0.000000 0 0.000000 0.000000 0 0.000000 0.000000 0 0.000000 0.000000 0 0.000000 0.000000 0 0.000000 0.000000 0 0.000000 0.000000 0 0.000000 0.000000 0 0.000000 0.000000 0 0.000000 0.000000 0 0.000000 0.000000 0
0 0.609234 0.196260 0.071437 0.160687 0.607812 0.150000 1 0.612500 0.143750 1 0.604688 0.143750 1 0.621875 0.154167 1 0.596875 0.154167 1 0.631250 0.189583 1 0.587500 0.185417 1 0.000000 0.000000 0 0.000000 0.000000 0 0.000000 0.000000 0 0.000000 0.000000 0 0.607812 0.275000 1 0.584375 0.272917 1 0.000000 0.000000 0 0.000000 0.000000 0 0.000000 0.000000 0 0.000000 0.000000 0
0 0.919664 0.614615 0.160672 0.420229 0.000000 0.000000 0 0.000000 0.000000 0 0.000000 0.000000 0 0.893750 0.450000 1 0.000000 0.000000 0 0.892188 0.472917 1 0.935937 0.466667 1 0.929688 0.545833 1 0.979688 0.531250 1 0.909375 0.614583 1 0.000000 0.000000 0 0.954688 0.597917 1 0.984375 0.587500 1 0.865625 0.652083 1 0.912500 0.660417 1 0.904687 0.783333 1 0.957812 0.764583 1
0 0.420609 0.538292 0.320937 0.497750 0.417187 0.331250 1 0.423438 0.327083 1 0.000000 0.000000 0 0.443750 0.327083 1 0.000000 0.000000 0 0.489063 0.404167 1 0.401562 0.370833 1 0.481250 0.441667 1 0.417187 0.377083 1 0.489063 0.362500 1 0.478125 0.350000 1 0.450000 0.554167 1 0.415625 0.550000 1 0.379688 0.654167 1 0.467187 0.677083 1 0.321875 0.743750 1 0.548438 0.729167 1
0 0.644484 0.246365 0.078500 0.077271 0.642188 0.239583 1 0.648438 0.235417 1 0.639062 0.233333 1 0.657813 0.245833 1 0.631250 0.239583 1 0.670312 0.279167 1 0.617188 0.264583 1 0.000000 0.000000 0 0.595313 0.295833 1 0.000000 0.000000 0 0.621875 0.266667 1 0.000000 0.000000 0 0.000000 0.000000 0 0.000000 0.000000 0 0.000000 0.000000 0 0.000000 0.000000 0 0.000000 0.000000 0
0 0.726289 0.232594 0.084516 0.117604 0.720313 0.206250 1 0.725000 0.202083 1 0.718750 0.200000 1 0.737500 0.206250 1 0.000000 0.000000 0 0.750000 0.239583 1 0.703125 0.229167 1 0.750000 0.293750 1 0.682813 0.270833 1 0.000000 0.000000 0 0.693750 0.225000 1 0.000000 0.000000 0 0.000000 0.000000 0 0.000000 0.000000 0 0.000000 0.000000 0 0.000000 0.000000 0 0.000000 0.000000 0
0 0.718062 0.262260 0.062812 0.067271 0.000000 0.000000 0 0.000000 0.000000 0 0.000000 0.000000 0 0.000000 0.000000 0 0.000000 0.000000 0 0.000000 0.000000 0 0.000000 0.000000 0 0.000000 0.000000 0 0.000000 0.000000 0 0.000000 0.000000 0 0.000000 0.000000 0 0.000000 0.000000 0 0.000000 0.000000 0 0.000000 0.000000 0 0.000000 0.000000 0 0.000000 0.000000 0 0.000000 0.000000 0
0 0.157781 0.092448 0.067531 0.184354 0.000000 0.000000 0 0.000000 0.000000 0 0.000000 0.000000 0 0.000000 0.000000 0 0.000000 0.000000 0 0.000000 0.000000 0 0.000000 0.000000 0 0.000000 0.000000 0 0.000000 0.000000 0 0.000000 0.000000 0 0.000000 0.000000 0 0.000000 0.000000 0 0.000000 0.000000 0 0.000000 0.000000 0 0.000000 0.000000 0 0.000000 0.000000 0 0.000000 0.000000 0