0 0.154750 0.469227 0.201938 0.692834 0.175000 0.194379 1 0.184375 0.180328 1 0.160938 0.182670 1 0.193750 0.187354 1 0.140625 0.192037 1 0.221875 0.285714 1 0.121875 0.281030 1 0.234375 0.398126 1 0.070312 0.236534 1 0.245312 0.508197 1 0.137500 0.170960 1 0.217188 0.538642 1 0.159375 0.543326 1 0.000000 0.000000 0 0.165625 0.721311 1 0.000000 0.000000 0 0.167187 0.857143 1
0 0.297312 0.390422 0.136219 0.615269 0.289062 0.199063 1 0.296875 0.173302 1 0.276562 0.177986 1 0.314063 0.163934 1 0.000000 0.000000 0 0.325000 0.196721 1 0.254688 0.227166 1 0.000000 0.000000 0 0.240625 0.295082 1 0.000000 0.000000 0 0.265625 0.156909 1 0.337500 0.468384 1 0.276562 0.473068 1 0.000000 0.000000 0 0.000000 0.000000 0 0.000000 0.000000 0 0.000000 0.000000 0
0 0.425445 0.324180 0.209609 0.457588 0.409375 0.192037 1 0.423438 0.170960 1 0.400000 0.175644 1 0.442188 0.166276 1 0.000000 0.000000 0 0.460938 0.224824 1 0.384375 0.234192 1 0.000000 0.000000 0 0.332813 0.304450 1 0.000000 0.000000 0 0.373437 0.168618 1 0.478125 0.407494 1 0.418750 0.412178 1 0.000000 0.000000 0 0.000000 0.000000 0 0.000000 0.000000 0 0.000000 0.000000 0
0 0.407813 0.620984 0.197906 0.698876 0.417187 0.442623 1 0.421875 0.414520 1 0.403125 0.419204 1 0.440625 0.402810 1 0.000000 0.000000 0 0.479687 0.510539 1 0.376563 0.463700 1 0.462500 0.632319 1 0.325000 0.426230 1 0.429688 0.697892 1 0.393750 0.351288 1 0.439063 0.702576 1 0.390625 0.716628 1 0.475000 0.772834 1 0.426563 0.925059 1 0.475000 0.913349 1 0.000000 0.000000 0
0 0.865539 0.547295 0.219391 0.756745 0.814063 0.309133 1 0.814063 0.283372 1 0.795312 0.302108 1 0.825000 0.264637 1 0.000000 0.000000 0 0.853125 0.257611 1 0.795312 0.370023 1 0.871875 0.192037 1 0.829688 0.484778 1 0.807813 0.229508 1 0.859375 0.571429 1 0.925000 0.538642 1 0.870313 0.564403 1 0.934375 0.695550 1 0.848437 0.718970 1 0.939063 0.859485 1 0.828125 0.838407 1
0 0.718906 0.263618 0.171625 0.456792 0.710938 0.121780 1 0.723437 0.103044 1 0.704688 0.107728 1 0.754687 0.100703 1 0.000000 0.000000 0 0.779687 0.203747 1 0.712500 0.192037 1 0.000000 0.000000 0 0.656250 0.213115 1 0.000000 0.000000 0 0.684375 0.105386 1 0.745313 0.428571 1 0.698438 0.421546 1 0.000000 0.000000 0 0.000000 0.000000 0 0.000000 0.000000 0 0.000000 0.000000 0
0 0.779430 0.667354 0.309266 0.665293 0.732812 0.456674 1 0.745313 0.433255 1 0.725000 0.430913 1 0.768750 0.426230 1 0.000000 0.000000 0 0.807813 0.531616 1 0.712500 0.526932 1 0.806250 0.669789 1 0.687500 0.512881 1 0.743750 0.747073 1 0.721875 0.414520 1 0.765625 0.800937 1 0.721875 0.777518 1 0.650000 0.845433 1 0.739062 0.964871 1 0.696875 0.990632 1 0.853125 0.941452 1
0 0.554734 0.694005 0.137937 0.593255 0.537500 0.508197 1 0.548438 0.496487 1 0.529687 0.496487 1 0.564063 0.501171 1 0.517188 0.503513 1 0.571875 0.569087 1 0.504687 0.569087 1 0.601562 0.526932 1 0.492188 0.655738 1 0.562500 0.454333 1 0.000000 0.000000 0 0.596875 0.723653 1 0.540625 0.751756 1 0.542188 0.754098 1 0.503125 0.882904 1 0.589063 0.918033 1 0.559375 0.838407 1
0 0.553797 0.399871 0.214281 0.644707 0.557813 0.180328 1 0.564063 0.161593 1 0.546875 0.161593 1 0.584375 0.163934 1 0.531250 0.163934 1 0.609375 0.215457 1 0.521875 0.234192 1 0.645312 0.110070 1 0.450000 0.161593 1 0.579688 0.114754 1 0.484375 0.189696 1 0.618750 0.475410 1 0.556250 0.477752 1 0.640625 0.597190 1 0.567187 0.613583 1 0.659375 0.730679 1 0.589063 0.744731 1
0 0.648023 0.688630 0.103297 0.556417 0.657813 0.501171 1 0.659375 0.477752 1 0.645312 0.496487 1 0.675000 0.451991 1 0.000000 0.000000 0 0.715625 0.510539 1 0.650000 0.540984 1 0.000000 0.000000 0 0.625000 0.608899 1 0.000000 0.000000 0 0.629687 0.494145 1 0.715625 0.737705 1 0.659375 0.749415 1 0.643750 0.929742 1 0.614062 0.800937 1 0.000000 0.000000 0 0.654687 0.873536 1
0 0.053859 0.232681 0.008906 0.034169 0.000000 0.000000 0 0.000000 0.000000 0 0.000000 0.000000 0 0.000000 0.000000 0 0.000000 0.000000 0 0.000000 0.000000 0 0.000000 0.000000 0 0.000000 0.000000 0 0.000000 0.000000 0 0.000000 0.000000 0 0.000000 0.000000 0 0.000000 0.000000 0 0.000000 0.000000 0 0.000000 0.000000 0 0.000000 0.000000 0 0.000000 0.000000 0 0.000000 0.000000 0
0 0.264625 0.735948 0.277375 0.505621 0.287500 0.576112 1 0.301563 0.559719 1 0.278125 0.557377 1 0.315625 0.562061 1 0.256250 0.562061 1 0.315625 0.637002 1 0.243750 0.611241 1 0.342187 0.786885 1 0.184375 0.594848 1 0.298438 0.894614 1 0.273438 0.536300 1 0.281250 0.822014 1 0.218750 0.814988 1 0.385937 0.878220 1 0.154688 0.826698 1 0.289062 0.929742 1 0.179688 0.995316 1