0 0.578950 0.654375 0.240405 0.690375 0.569061 0.362500 1 0.000000 0.000000 0 0.550645 0.359375 1 0.000000 0.000000 0 0.521179 0.385937 1 0.558011 0.453125 1 0.510129 0.421875 1 0.668508 0.446875 1 0.607735 0.410938 1 0.651934 0.373437 1 0.639042 0.345313 1 0.567219 0.634375 1 0.523020 0.634375 1 0.633517 0.782813 1 0.559853 0.823438 1 0.600368 0.931250 1 0.506446 0.979688 1
0 0.188204 0.708289 0.278729 0.569828 0.195212 0.446875 1 0.191529 0.442188 1 0.178637 0.443750 1 0.000000 0.000000 0 0.143646 0.459375 1 0.239411 0.523438 1 0.104972 0.523438 1 0.274401 0.612500 1 0.069982 0.607812 1 0.272560 0.693750 1 0.079190 0.687500 1 0.237569 0.700000 1 0.128913 0.701562 1 0.254144 0.806250 1 0.125230 0.809375 1 0.278085 0.965625 1 0.145488 0.942187 1
0 0.374494 0.676789 0.051529 0.126766 0.379374 0.625000 1 0.381215 0.621875 1 0.375691 0.621875 1 0.384899 0.625000 1 0.372007 0.625000 1 0.392265 0.639062 1 0.362799 0.637500 1 0.395948 0.654687 1 0.353591 0.654687 1 0.395948 0.675000 1 0.373849 0.646875 1 0.386740 0.670312 1 0.370166 0.670312 1 0.386740 0.703125 1 0.364641 0.706250 1 0.388582 0.725000 1 0.364641 0.725000 1
0 0.835635 0.612789 0.241031 0.737078 0.830571 0.356250 1 0.860037 0.351562 1 0.000000 0.000000 0 0.898711 0.368750 1 0.000000 0.000000 0 0.952118 0.418750 1 0.819521 0.425000 1 0.000000 0.000000 0 0.727440 0.392188 1 0.942910 0.434375 1 0.729282 0.300000 1 0.942910 0.646875 1 0.848987 0.642188 1 0.000000 0.000000 0 0.861878 0.793750 1 0.000000 0.000000 0 0.865562 0.939063 1
0 0.733140 0.678039 0.054751 0.100672 0.000000 0.000000 0 0.000000 0.000000 0 0.000000 0.000000 0 0.000000 0.000000 0 0.000000 0.000000 0 0.000000 0.000000 0 0.000000 0.000000 0 0.000000 0.000000 0 0.000000 0.000000 0 0.000000 0.000000 0 0.000000 0.000000 0 0.000000 0.000000 0 0.000000 0.000000 0 0.000000 0.000000 0 0.000000 0.000000 0 0.000000 0.000000 0 0.000000 0.000000 0
0 0.660516 0.682773 0.040552 0.084047 0.000000 0.000000 0 0.000000 0.000000 0 0.000000 0.000000 0 0.000000 0.000000 0 0.000000 0.000000 0 0.000000 0.000000 0 0.000000 0.000000 0 0.000000 0.000000 0 0.000000 0.000000 0 0.000000 0.000000 0 0.000000 0.000000 0 0.000000 0.000000 0 0.000000 0.000000 0 0.000000 0.000000 0 0.000000 0.000000 0 0.000000 0.000000 0 0.000000 0.000000 0
0 0.048361 0.681633 0.040221 0.060953 0.000000 0.000000 0 0.000000 0.000000 0 0.000000 0.000000 0 0.000000 0.000000 0 0.000000 0.000000 0 0.000000 0.000000 0 0.000000 0.000000 0 0.000000 0.000000 0 0.000000 0.000000 0 0.000000 0.000000 0 0.000000 0.000000 0 0.000000 0.000000 0 0.000000 0.000000 0 0.000000 0.000000 0 0.000000 0.000000 0 0.000000 0.000000 0 0.000000 0.000000 0
0 0.691851 0.673445 0.011105 0.017672 0.000000 0.000000 0 0.000000 0.000000 0 0.000000 0.000000 0 0.000000 0.000000 0 0.000000 0.000000 0 0.000000 0.000000 0 0.000000 0.000000 0 0.000000 0.000000 0 0.000000 0.000000 0 0.000000 0.000000 0 0.000000 0.000000 0 0.000000 0.000000 0 0.000000 0.000000 0 0.000000 0.000000 0 0.000000 0.000000 0 0.000000 0.000000 0 0.000000 0.000000 0
0 0.439125 0.675531 0.051621 0.123531 0.430939 0.623437 1 0.434622 0.621875 1 0.429098 0.621875 1 0.440147 0.623437 1 0.000000 0.000000 0 0.451197 0.640625 1 0.421731 0.642188 1 0.456722 0.664062 1 0.421731 0.659375 1 0.454880 0.675000 1 0.418048 0.675000 1 0.443831 0.681250 1 0.427256 0.681250 1 0.447514 0.707812 1 0.434622 0.709375 1 0.451197 0.725000 1 0.438306 0.726562 1
0 0.459448 0.663289 0.025451 0.019234 0.000000 0.000000 0 0.000000 0.000000 0 0.000000 0.000000 0 0.000000 0.000000 0 0.000000 0.000000 0 0.000000 0.000000 0 0.000000 0.000000 0 0.000000 0.000000 0 0.000000 0.000000 0 0.000000 0.000000 0 0.000000 0.000000 0 0.000000 0.000000 0 0.000000 0.000000 0 0.000000 0.000000 0 0.000000 0.000000 0 0.000000 0.000000 0 0.000000 0.000000 0
0 0.343959 0.676617 0.018748 0.038203 0.000000 0.000000 0 0.000000 0.000000 0 0.000000 0.000000 0 0.000000 0.000000 0 0.000000 0.000000 0 0.000000 0.000000 0 0.000000 0.000000 0 0.000000 0.000000 0 0.000000 0.000000 0 0.000000 0.000000 0 0.000000 0.000000 0 0.000000 0.000000 0 0.000000 0.000000 0 0.000000 0.000000 0 0.000000 0.000000 0 0.000000 0.000000 0 0.000000 0.000000 0
0 0.027790 0.683961 0.043683 0.111203 0.000000 0.000000 0 0.000000 0.000000 0 0.000000 0.000000 0 0.000000 0.000000 0 0.000000 0.000000 0 0.000000 0.000000 0 0.000000 0.000000 0 0.000000 0.000000 0 0.000000 0.000000 0 0.000000 0.000000 0 0.000000 0.000000 0 0.000000 0.000000 0 0.000000 0.000000 0 0.000000 0.000000 0 0.000000 0.000000 0 0.000000 0.000000 0 0.000000 0.000000 0