0 0.264188 0.347713 0.356281 0.502511 0.317188 0.179372 1 0.318750 0.168161 1 0.310937 0.165919 1 0.000000 0.000000 0 0.284375 0.172646 1 0.301563 0.215247 1 0.276562 0.217489 1 0.357812 0.230942 1 0.317188 0.304933 1 0.392188 0.186099 1 0.365625 0.347534 1 0.309375 0.334081 1 0.282813 0.338565 1 0.339062 0.479821 1 0.276562 0.495516 1 0.360938 0.605381 1 0.265625 0.616592 1
0 0.474117 0.274966 0.151766 0.320022 0.457813 0.179372 1 0.000000 0.000000 0 0.451562 0.170404 1 0.000000 0.000000 0 0.434375 0.177130 1 0.442188 0.213004 1 0.432812 0.230942 1 0.465625 0.190583 1 0.446875 0.298206 1 0.490625 0.163677 1 0.492188 0.304933 1 0.000000 0.000000 0 0.440625 0.347534 1 0.000000 0.000000 0 0.473438 0.401345 1 0.000000 0.000000 0 0.000000 0.000000 0
0 0.664172 0.376076 0.279188 0.513318 0.678125 0.174888 1 0.000000 0.000000 0 0.670312 0.170404 1 0.000000 0.000000 0 0.654687 0.179372 1 0.653125 0.230942 1 0.639062 0.221973 1 0.671875 0.322870 1 0.631250 0.275785 1 0.710938 0.302691 1 0.653125 0.213004 1 0.670312 0.376682 1 0.657813 0.385650 1 0.000000 0.000000 0 0.746875 0.352018 1 0.000000 0.000000 0 0.707812 0.410314 1
0 0.949188 0.333161 0.040750 0.099417 0.000000 0.000000 0 0.000000 0.000000 0 0.000000 0.000000 0 0.000000 0.000000 0 0.000000 0.000000 0 0.000000 0.000000 0 0.000000 0.000000 0 0.000000 0.000000 0 0.000000 0.000000 0 0.000000 0.000000 0 0.000000 0.000000 0 0.000000 0.000000 0 0.000000 0.000000 0 0.000000 0.000000 0 0.000000 0.000000 0 0.000000 0.000000 0 0.000000 0.000000 0
0 0.912391 0.587848 0.088156 0.205112 0.904687 0.506726 1 0.910937 0.502242 1 0.904687 0.502242 1 0.920312 0.504484 1 0.000000 0.000000 0 0.929688 0.531390 1 0.895312 0.531390 1 0.953125 0.571749 1 0.873437 0.565022 1 0.926562 0.589686 1 0.895312 0.587444 1 0.925000 0.600897 1 0.900000 0.600897 1 0.918750 0.596413 1 0.884375 0.596413 1 0.914062 0.672646 1 0.898438 0.672646 1
0 0.121148 0.323834 0.062703 0.157489 0.121875 0.278027 1 0.126562 0.273543 1 0.000000 0.000000 0 0.134375 0.273543 1 0.000000 0.000000 0 0.140625 0.298206 1 0.125000 0.298206 1 0.126562 0.318386 1 0.112500 0.318386 1 0.125000 0.289238 1 0.098437 0.307175 1 0.134375 0.360987 1 0.120313 0.358744 1 0.000000 0.000000 0 0.000000 0.000000 0 0.000000 0.000000 0 0.000000 0.000000 0
0 0.134313 0.411480 0.044312 0.065516 0.000000 0.000000 0 0.000000 0.000000 0 0.000000 0.000000 0 0.000000 0.000000 0 0.000000 0.000000 0 0.000000 0.000000 0 0.000000 0.000000 0 0.000000 0.000000 0 0.000000 0.000000 0 0.000000 0.000000 0 0.000000 0.000000 0 0.000000 0.000000 0 0.000000 0.000000 0 0.000000 0.000000 0 0.000000 0.000000 0 0.000000 0.000000 0 0.000000 0.000000 0
0 0.029203 0.488980 0.057094 0.111637 0.000000 0.000000 0 0.000000 0.000000 0 0.000000 0.000000 0 0.000000 0.000000 0 0.000000 0.000000 0 0.000000 0.000000 0 0.000000 0.000000 0 0.000000 0.000000 0 0.000000 0.000000 0 0.000000 0.000000 0 0.000000 0.000000 0 0.000000 0.000000 0 0.000000 0.000000 0 0.000000 0.000000 0 0.000000 0.000000 0 0.000000 0.000000 0 0.000000 0.000000 0
0 0.985313 0.364372 0.029375 0.083274 0.000000 0.000000 0 0.000000 0.000000 0 0.000000 0.000000 0 0.000000 0.000000 0 0.000000 0.000000 0 0.000000 0.000000 0 0.000000 0.000000 0 0.000000 0.000000 0 0.000000 0.000000 0 0.000000 0.000000 0 0.000000 0.000000 0 0.000000 0.000000 0 0.000000 0.000000 0 0.000000 0.000000 0 0.000000 0.000000 0 0.000000 0.000000 0 0.000000 0.000000 0
0 0.800680 0.354339 0.030203 0.068901 0.000000 0.000000 0 0.000000 0.000000 0 0.000000 0.000000 0 0.000000 0.000000 0 0.000000 0.000000 0 0.000000 0.000000 0 0.000000 0.000000 0 0.000000 0.000000 0 0.000000 0.000000 0 0.000000 0.000000 0 0.000000 0.000000 0 0.000000 0.000000 0 0.000000 0.000000 0 0.000000 0.000000 0 0.000000 0.000000 0 0.000000 0.000000 0 0.000000 0.000000 0
0 0.097844 0.446211 0.035438 0.070942 0.000000 0.000000 0 0.000000 0.000000 0 0.000000 0.000000 0 0.000000 0.000000 0 0.000000 0.000000 0 0.000000 0.000000 0 0.000000 0.000000 0 0.000000 0.000000 0 0.000000 0.000000 0 0.000000 0.000000 0 0.000000 0.000000 0 0.000000 0.000000 0 0.000000 0.000000 0 0.000000 0.000000 0 0.000000 0.000000 0 0.000000 0.000000 0 0.000000 0.000000 0
0 0.049516 0.349843 0.035313 0.059552 0.000000 0.000000 0 0.000000 0.000000 0 0.000000 0.000000 0 0.000000 0.000000 0 0.000000 0.000000 0 0.000000 0.000000 0 0.000000 0.000000 0 0.000000 0.000000 0 0.000000 0.000000 0 0.000000 0.000000 0 0.000000 0.000000 0 0.000000 0.000000 0 0.000000 0.000000 0 0.000000 0.000000 0 0.000000 0.000000 0 0.000000 0.000000 0 0.000000 0.000000 0
0 0.971617 0.466143 0.056766 0.198610 0.957812 0.405830 1 0.962500 0.401345 1 0.000000 0.000000 0 0.973437 0.405830 1 0.000000 0.000000 0 0.987500 0.439462 1 0.951562 0.434978 1 0.989062 0.482063 1 0.000000 0.000000 0 0.962500 0.461883 1 0.000000 0.000000 0 0.973437 0.547085 1 0.948438 0.542601 1 0.000000 0.000000 0 0.000000 0.000000 0 0.000000 0.000000 0 0.000000 0.000000 0