0 0.675898 0.679042 0.071172 0.275833 0.000000 0.000000 0 0.671875 0.560417 1 0.000000 0.000000 0 0.681250 0.560417 1 0.000000 0.000000 0 0.676562 0.585417 1 0.700000 0.587500 1 0.650000 0.612500 1 0.000000 0.000000 0 0.646875 0.587500 1 0.656250 0.595833 1 0.664062 0.672917 1 0.687500 0.672917 1 0.659375 0.731250 1 0.682813 0.731250 1 0.653125 0.795833 1 0.682813 0.791667 1
0 0.550547 0.721010 0.096594 0.173646 0.000000 0.000000 0 0.000000 0.000000 0 0.000000 0.000000 0 0.531250 0.658333 1 0.553125 0.656250 1 0.509375 0.697917 1 0.556250 0.706250 1 0.000000 0.000000 0 0.562500 0.770833 1 0.000000 0.000000 0 0.000000 0.000000 0 0.510938 0.791667 1 0.545312 0.789583 1 0.000000 0.000000 0 0.589063 0.783333 1 0.000000 0.000000 0 0.590625 0.837500 1
0 0.445086 0.764823 0.140703 0.261979 0.000000 0.000000 0 0.000000 0.000000 0 0.000000 0.000000 0 0.460938 0.668750 1 0.484375 0.664583 1 0.453125 0.695833 1 0.500000 0.687500 1 0.443750 0.752083 1 0.500000 0.672917 1 0.000000 0.000000 0 0.496875 0.666667 1 0.473438 0.802083 1 0.503125 0.802083 1 0.420312 0.787500 1 0.464062 0.787500 1 0.393750 0.870833 1 0.445312 0.870833 1
0 0.296547 0.875937 0.148031 0.248125 0.000000 0.000000 0 0.000000 0.000000 0 0.000000 0.000000 0 0.000000 0.000000 0 0.285938 0.800000 1 0.239063 0.845833 1 0.285938 0.852083 1 0.000000 0.000000 0 0.350000 0.841667 1 0.000000 0.000000 0 0.309375 0.812500 1 0.240625 0.983333 1 0.284375 0.991667 1 0.303125 0.922917 1 0.360938 0.943750 1 0.000000 0.000000 0 0.000000 0.000000 0
0 0.971906 0.607177 0.056188 0.150562 0.951562 0.572917 1 0.954688 0.566667 1 0.948438 0.568750 1 0.967187 0.558333 1 0.000000 0.000000 0 0.985938 0.585417 1 0.948438 0.591667 1 0.000000 0.000000 0 0.000000 0.000000 0 0.995313 0.652083 1 0.000000 0.000000 0 0.995313 0.666667 1 0.960938 0.666667 1 0.000000 0.000000 0 0.000000 0.000000 0 0.000000 0.000000 0 0.000000 0.000000 0
0 0.236219 0.696323 0.122562 0.170729 0.000000 0.000000 0 0.000000 0.000000 0 0.256250 0.641667 1 0.000000 0.000000 0 0.245312 0.645833 1 0.210938 0.660417 1 0.228125 0.672917 1 0.242188 0.689583 1 0.246875 0.716667 1 0.265625 0.718750 1 0.251563 0.672917 1 0.190625 0.752083 1 0.215625 0.754167 1 0.000000 0.000000 0 0.267188 0.745833 1 0.000000 0.000000 0 0.270313 0.822917 1
0 0.917789 0.686729 0.044484 0.127500 0.000000 0.000000 0 0.000000 0.000000 0 0.000000 0.000000 0 0.000000 0.000000 0 0.000000 0.000000 0 0.000000 0.000000 0 0.000000 0.000000 0 0.000000 0.000000 0 0.000000 0.000000 0 0.000000 0.000000 0 0.000000 0.000000 0 0.000000 0.000000 0 0.000000 0.000000 0 0.000000 0.000000 0 0.000000 0.000000 0 0.000000 0.000000 0 0.000000 0.000000 0
0 0.800508 0.698844 0.050922 0.230896 0.000000 0.000000 0 0.000000 0.000000 0 0.000000 0.000000 0 0.000000 0.000000 0 0.000000 0.000000 0 0.821875 0.618750 1 0.000000 0.000000 0 0.801562 0.647917 1 0.000000 0.000000 0 0.806250 0.635417 1 0.000000 0.000000 0 0.817187 0.685417 1 0.801562 0.685417 1 0.814063 0.758333 1 0.792188 0.750000 1 0.790625 0.800000 1 0.817187 0.804167 1
0 0.396633 0.790167 0.086266 0.144458 0.000000 0.000000 0 0.000000 0.000000 0 0.000000 0.000000 0 0.000000 0.000000 0 0.407813 0.743750 1 0.370312 0.764583 1 0.398438 0.772917 1 0.000000 0.000000 0 0.412500 0.810417 1 0.000000 0.000000 0 0.412500 0.781250 1 0.356250 0.837500 1 0.382812 0.841667 1 0.365625 0.814583 1 0.432812 0.818750 1 0.407813 0.839583 1 0.382812 0.829167 1
0 0.281953 0.546396 0.018656 0.029208 0.000000 0.000000 0 0.000000 0.000000 0 0.000000 0.000000 0 0.000000 0.000000 0 0.000000 0.000000 0 0.000000 0.000000 0 0.000000 0.000000 0 0.000000 0.000000 0 0.000000 0.000000 0 0.000000 0.000000 0 0.000000 0.000000 0 0.000000 0.000000 0 0.000000 0.000000 0 0.000000 0.000000 0 0.000000 0.000000 0 0.000000 0.000000 0 0.000000 0.000000 0
0 0.978336 0.721531 0.043328 0.099271 0.000000 0.000000 0 0.000000 0.000000 0 0.000000 0.000000 0 0.000000 0.000000 0 0.000000 0.000000 0 0.995313 0.708333 1 0.973437 0.687500 1 0.000000 0.000000 0 0.000000 0.000000 0 0.000000 0.000000 0 0.000000 0.000000 0 0.000000 0.000000 0 0.000000 0.000000 0 0.000000 0.000000 0 0.000000 0.000000 0 0.000000 0.000000 0 0.000000 0.000000 0
0 0.845172 0.658469 0.069688 0.185854 0.000000 0.000000 0 0.000000 0.000000 0 0.000000 0.000000 0 0.000000 0.000000 0 0.850000 0.593750 1 0.851562 0.612500 1 0.832812 0.614583 1 0.000000 0.000000 0 0.839063 0.650000 1 0.000000 0.000000 0 0.851562 0.606250 1 0.862500 0.697917 1 0.850000 0.702083 1 0.000000 0.000000 0 0.000000 0.000000 0 0.000000 0.000000 0 0.000000 0.000000 0
0 0.214578 0.626281 0.040406 0.047562 0.000000 0.000000 0 0.000000 0.000000 0 0.000000 0.000000 0 0.000000 0.000000 0 0.000000 0.000000 0 0.000000 0.000000 0 0.000000 0.000000 0 0.000000 0.000000 0 0.000000 0.000000 0 0.000000 0.000000 0 0.000000 0.000000 0 0.000000 0.000000 0 0.000000 0.000000 0 0.000000 0.000000 0 0.000000 0.000000 0 0.000000 0.000000 0 0.000000 0.000000 0