0 0.709190 0.523592 0.275980 0.629202 0.680000 0.281513 1 0.678000 0.264706 1 0.674000 0.268908 1 0.000000 0.000000 0 0.650000 0.285714 1 0.694000 0.319328 1 0.618000 0.310924 1 0.644000 0.382353 1 0.600000 0.310924 1 0.592000 0.331933 1 0.584000 0.294118 1 0.702000 0.521008 1 0.652000 0.525210 1 0.752000 0.626050 1 0.652000 0.663866 1 0.810000 0.777311 1 0.600000 0.789916 1
0 0.369090 0.633761 0.235300 0.498866 0.388000 0.470588 1 0.000000 0.000000 0 0.382000 0.453782 1 0.000000 0.000000 0 0.360000 0.466387 1 0.338000 0.521008 1 0.336000 0.537815 1 0.392000 0.617647 1 0.292000 0.634454 1 0.438000 0.630252 1 0.302000 0.756303 1 0.276000 0.697479 1 0.272000 0.722689 1 0.368000 0.638655 1 0.354000 0.668067 1 0.322000 0.815126 1 0.316000 0.823529 1
0 0.186200 0.565105 0.258720 0.655504 0.234000 0.327731 1 0.240000 0.319328 1 0.228000 0.310924 1 0.000000 0.000000 0 0.206000 0.319328 1 0.196000 0.394958 1 0.176000 0.373950 1 0.142000 0.470588 1 0.224000 0.512605 1 0.166000 0.558824 1 0.286000 0.537815 1 0.126000 0.525210 1 0.102000 0.521008 1 0.176000 0.647059 1 0.154000 0.647059 1 0.158000 0.798319 1 0.104000 0.823529 1
0 0.271650 0.074727 0.049980 0.095756 0.000000 0.000000 0 0.000000 0.000000 0 0.000000 0.000000 0 0.000000 0.000000 0 0.000000 0.000000 0 0.000000 0.000000 0 0.000000 0.000000 0 0.000000 0.000000 0 0.000000 0.000000 0 0.000000 0.000000 0 0.000000 0.000000 0 0.000000 0.000000 0 0.000000 0.000000 0 0.000000 0.000000 0 0.000000 0.000000 0 0.000000 0.000000 0 0.000000 0.000000 0
0 0.930080 0.355063 0.086640 0.332563 0.938000 0.226891 1 0.942000 0.214286 1 0.932000 0.218487 1 0.000000 0.000000 0 0.924000 0.222689 1 0.948000 0.256303 1 0.918000 0.256303 1 0.974000 0.273109 1 0.916000 0.285714 1 0.970000 0.281513 1 0.948000 0.268908 1 0.928000 0.369748 1 0.904000 0.373950 1 0.950000 0.415966 1 0.900000 0.483193 1 0.930000 0.500000 1 0.000000 0.000000 0
0 0.198420 0.083151 0.041720 0.085378 0.000000 0.000000 0 0.000000 0.000000 0 0.000000 0.000000 0 0.000000 0.000000 0 0.000000 0.000000 0 0.000000 0.000000 0 0.000000 0.000000 0 0.000000 0.000000 0 0.000000 0.000000 0 0.000000 0.000000 0 0.000000 0.000000 0 0.000000 0.000000 0 0.000000 0.000000 0 0.000000 0.000000 0 0.000000 0.000000 0 0.000000 0.000000 0 0.000000 0.000000 0
0 0.434950 0.405441 0.080820 0.298361 0.420000 0.294118 1 0.422000 0.285714 1 0.414000 0.285714 1 0.000000 0.000000 0 0.406000 0.294118 1 0.430000 0.331933 1 0.400000 0.340336 1 0.442000 0.394958 1 0.398000 0.399160 1 0.436000 0.373950 1 0.414000 0.378151 1 0.432000 0.428571 1 0.414000 0.432773 1 0.000000 0.000000 0 0.000000 0.000000 0 0.000000 0.000000 0 0.000000 0.000000 0
0 0.314560 0.079727 0.039640 0.090546 0.000000 0.000000 0 0.000000 0.000000 0 0.000000 0.000000 0 0.000000 0.000000 0 0.000000 0.000000 0 0.000000 0.000000 0 0.000000 0.000000 0 0.000000 0.000000 0 0.000000 0.000000 0 0.000000 0.000000 0 0.000000 0.000000 0 0.000000 0.000000 0 0.000000 0.000000 0 0.000000 0.000000 0 0.000000 0.000000 0 0.000000 0.000000 0 0.000000 0.000000 0
0 0.344670 0.091975 0.045580 0.057143 0.000000 0.000000 0 0.000000 0.000000 0 0.000000 0.000000 0 0.000000 0.000000 0 0.000000 0.000000 0 0.000000 0.000000 0 0.000000 0.000000 0 0.000000 0.000000 0 0.000000 0.000000 0 0.000000 0.000000 0 0.000000 0.000000 0 0.000000 0.000000 0 0.000000 0.000000 0 0.000000 0.000000 0 0.000000 0.000000 0 0.000000 0.000000 0 0.000000 0.000000 0
0 0.426910 0.076744 0.030380 0.078697 0.000000 0.000000 0 0.000000 0.000000 0 0.000000 0.000000 0 0.000000 0.000000 0 0.000000 0.000000 0 0.000000 0.000000 0 0.000000 0.000000 0 0.000000 0.000000 0 0.000000 0.000000 0 0.000000 0.000000 0 0.000000 0.000000 0 0.000000 0.000000 0 0.000000 0.000000 0 0.000000 0.000000 0 0.000000 0.000000 0 0.000000 0.000000 0 0.000000 0.000000 0
0 0.378580 0.296933 0.069040 0.132101 0.000000 0.000000 0 0.000000 0.000000 0 0.000000 0.000000 0 0.000000 0.000000 0 0.000000 0.000000 0 0.000000 0.000000 0 0.000000 0.000000 0 0.000000 0.000000 0 0.000000 0.000000 0 0.000000 0.000000 0 0.000000 0.000000 0 0.000000 0.000000 0 0.000000 0.000000 0 0.000000 0.000000 0 0.000000 0.000000 0 0.000000 0.000000 0 0.000000 0.000000 0
0 0.099310 0.082626 0.049660 0.099622 0.000000 0.000000 0 0.000000 0.000000 0 0.000000 0.000000 0 0.000000 0.000000 0 0.000000 0.000000 0 0.000000 0.000000 0 0.000000 0.000000 0 0.000000 0.000000 0 0.000000 0.000000 0 0.000000 0.000000 0 0.000000 0.000000 0 0.000000 0.000000 0 0.000000 0.000000 0 0.000000 0.000000 0 0.000000 0.000000 0 0.000000 0.000000 0 0.000000 0.000000 0
0 0.381940 0.078025 0.056520 0.085126 0.000000 0.000000 0 0.000000 0.000000 0 0.000000 0.000000 0 0.000000 0.000000 0 0.000000 0.000000 0 0.000000 0.000000 0 0.000000 0.000000 0 0.000000 0.000000 0 0.000000 0.000000 0 0.000000 0.000000 0 0.000000 0.000000 0 0.000000 0.000000 0 0.000000 0.000000 0 0.000000 0.000000 0 0.000000 0.000000 0 0.000000 0.000000 0 0.000000 0.000000 0