0 0.345445 0.565168 0.144609 0.658413 0.356250 0.310096 1 0.360938 0.298077 1 0.346875 0.298077 1 0.000000 0.000000 0 0.328125 0.302885 1 0.384375 0.375000 1 0.304688 0.375000 1 0.392188 0.487981 1 0.289062 0.487981 1 0.396875 0.579327 1 0.307812 0.403846 1 0.379688 0.555288 1 0.325000 0.557692 1 0.376563 0.716346 1 0.323437 0.716346 1 0.379688 0.829327 1 0.329688 0.834135 1
0 0.458062 0.550252 0.112906 0.610409 0.459375 0.295673 1 0.465625 0.286058 1 0.450000 0.286058 1 0.479687 0.288462 1 0.435937 0.290865 1 0.485938 0.360577 1 0.428125 0.358173 1 0.492188 0.444712 1 0.407813 0.454327 1 0.429688 0.439904 1 0.000000 0.000000 0 0.471875 0.548077 1 0.432812 0.548077 1 0.476562 0.699519 1 0.437500 0.704327 1 0.485938 0.810096 1 0.431250 0.819712 1
0 0.617062 0.331322 0.023156 0.064135 0.000000 0.000000 0 0.000000 0.000000 0 0.000000 0.000000 0 0.000000 0.000000 0 0.000000 0.000000 0 0.000000 0.000000 0 0.000000 0.000000 0 0.000000 0.000000 0 0.000000 0.000000 0 0.000000 0.000000 0 0.000000 0.000000 0 0.000000 0.000000 0 0.000000 0.000000 0 0.000000 0.000000 0 0.000000 0.000000 0 0.000000 0.000000 0 0.000000 0.000000 0
0 0.708531 0.597572 0.214125 0.755288 0.665625 0.300481 1 0.670312 0.278846 1 0.659375 0.290865 1 0.692187 0.269231 1 0.000000 0.000000 0 0.742188 0.360577 1 0.676562 0.365385 1 0.789062 0.456731 1 0.000000 0.000000 0 0.751563 0.540865 1 0.000000 0.000000 0 0.723437 0.588942 1 0.676562 0.579327 1 0.720313 0.764423 1 0.634375 0.740385 1 0.712500 0.920673 1 0.654687 0.896635 1
0 0.963156 0.404784 0.037625 0.215433 0.000000 0.000000 0 0.000000 0.000000 0 0.000000 0.000000 0 0.959375 0.317308 1 0.000000 0.000000 0 0.960938 0.348558 1 0.973437 0.336538 1 0.956250 0.384615 1 0.000000 0.000000 0 0.953125 0.408654 1 0.000000 0.000000 0 0.962500 0.408654 1 0.973437 0.406250 1 0.962500 0.451923 1 0.968750 0.447115 1 0.964063 0.500000 1 0.975000 0.500000 1
0 0.287891 0.335817 0.019188 0.082644 0.000000 0.000000 0 0.000000 0.000000 0 0.000000 0.000000 0 0.000000 0.000000 0 0.000000 0.000000 0 0.000000 0.000000 0 0.000000 0.000000 0 0.000000 0.000000 0 0.000000 0.000000 0 0.000000 0.000000 0 0.000000 0.000000 0 0.000000 0.000000 0 0.000000 0.000000 0 0.000000 0.000000 0 0.000000 0.000000 0 0.000000 0.000000 0 0.000000 0.000000 0
0 0.786953 0.351587 0.038813 0.127740 0.000000 0.000000 0 0.000000 0.000000 0 0.000000 0.000000 0 0.000000 0.000000 0 0.000000 0.000000 0 0.000000 0.000000 0 0.000000 0.000000 0 0.000000 0.000000 0 0.000000 0.000000 0 0.000000 0.000000 0 0.000000 0.000000 0 0.000000 0.000000 0 0.000000 0.000000 0 0.000000 0.000000 0 0.000000 0.000000 0 0.000000 0.000000 0 0.000000 0.000000 0
0 0.162398 0.334459 0.016484 0.082909 0.000000 0.000000 0 0.000000 0.000000 0 0.000000 0.000000 0 0.000000 0.000000 0 0.000000 0.000000 0 0.000000 0.000000 0 0.000000 0.000000 0 0.000000 0.000000 0 0.000000 0.000000 0 0.000000 0.000000 0 0.000000 0.000000 0 0.000000 0.000000 0 0.000000 0.000000 0 0.000000 0.000000 0 0.000000 0.000000 0 0.000000 0.000000 0 0.000000 0.000000 0
0 0.215617 0.370829 0.058078 0.129111 0.000000 0.000000 0 0.000000 0.000000 0 0.000000 0.000000 0 0.000000 0.000000 0 0.000000 0.000000 0 0.000000 0.000000 0 0.000000 0.000000 0 0.000000 0.000000 0 0.000000 0.000000 0 0.000000 0.000000 0 0.000000 0.000000 0 0.000000 0.000000 0 0.000000 0.000000 0 0.000000 0.000000 0 0.000000 0.000000 0 0.000000 0.000000 0 0.000000 0.000000 0
0 0.557250 0.586358 0.141219 0.690264 0.587500 0.295673 1 0.576562 0.288462 1 0.560937 0.288462 1 0.000000 0.000000 0 0.551562 0.290865 1 0.612500 0.375000 1 0.528125 0.372596 1 0.596875 0.471154 1 0.525000 0.461538 1 0.539062 0.466346 1 0.545312 0.560096 1 0.587500 0.564904 1 0.537500 0.560096 1 0.581250 0.699519 1 0.521875 0.709135 1 0.562500 0.838942 1 0.509375 0.848558 1
0 0.657500 0.376947 0.030406 0.147885 0.000000 0.000000 0 0.000000 0.000000 0 0.000000 0.000000 0 0.000000 0.000000 0 0.000000 0.000000 0 0.000000 0.000000 0 0.000000 0.000000 0 0.000000 0.000000 0 0.000000 0.000000 0 0.000000 0.000000 0 0.000000 0.000000 0 0.000000 0.000000 0 0.000000 0.000000 0 0.000000 0.000000 0 0.000000 0.000000 0 0.000000 0.000000 0 0.000000 0.000000 0
0 0.715820 0.298894 0.015734 0.042115 0.000000 0.000000 0 0.000000 0.000000 0 0.000000 0.000000 0 0.000000 0.000000 0 0.000000 0.000000 0 0.000000 0.000000 0 0.000000 0.000000 0 0.000000 0.000000 0 0.000000 0.000000 0 0.000000 0.000000 0 0.000000 0.000000 0 0.000000 0.000000 0 0.000000 0.000000 0 0.000000 0.000000 0 0.000000 0.000000 0 0.000000 0.000000 0 0.000000 0.000000 0
0 0.728734 0.314844 0.023688 0.034976 0.000000 0.000000 0 0.000000 0.000000 0 0.000000 0.000000 0 0.000000 0.000000 0 0.000000 0.000000 0 0.000000 0.000000 0 0.000000 0.000000 0 0.000000 0.000000 0 0.000000 0.000000 0 0.000000 0.000000 0 0.000000 0.000000 0 0.000000 0.000000 0 0.000000 0.000000 0 0.000000 0.000000 0 0.000000 0.000000 0 0.000000 0.000000 0 0.000000 0.000000 0