0 0.920141 0.735842 0.159719 0.524245 0.935937 0.621444 1 0.978125 0.601751 1 0.928125 0.590810 1 0.000000 0.000000 0 0.000000 0.000000 0 0.000000 0.000000 0 0.920312 0.768053 1 0.000000 0.000000 0 0.865625 0.969365 1 0.000000 0.000000 0 0.000000 0.000000 0 0.000000 0.000000 0 0.000000 0.000000 0 0.000000 0.000000 0 0.000000 0.000000 0 0.000000 0.000000 0 0.000000 0.000000 0
0 0.660336 0.340460 0.189422 0.331335 0.675000 0.249453 1 0.690625 0.234136 1 0.667188 0.234136 1 0.717187 0.242888 1 0.000000 0.000000 0 0.725000 0.336980 1 0.670312 0.319475 1 0.745313 0.492341 1 0.628125 0.378556 1 0.657813 0.452954 1 0.607812 0.363239 1 0.717187 0.555799 1 0.675000 0.512035 1 0.000000 0.000000 0 0.000000 0.000000 0 0.000000 0.000000 0 0.000000 0.000000 0
0 0.623398 0.264803 0.091453 0.184267 0.606250 0.240700 1 0.615625 0.221007 1 0.593750 0.231947 1 0.637500 0.223195 1 0.000000 0.000000 0 0.668750 0.291028 1 0.604688 0.293217 1 0.000000 0.000000 0 0.000000 0.000000 0 0.000000 0.000000 0 0.000000 0.000000 0 0.000000 0.000000 0 0.000000 0.000000 0 0.000000 0.000000 0 0.000000 0.000000 0 0.000000 0.000000 0 0.000000 0.000000 0
0 0.828789 0.620230 0.251922 0.732582 0.821875 0.393873 1 0.853125 0.356674 1 0.810937 0.363239 1 0.900000 0.371991 1 0.000000 0.000000 0 0.931250 0.577681 1 0.793750 0.490153 1 0.853125 0.783370 1 0.715625 0.645514 1 0.743750 0.654267 1 0.725000 0.669584 1 0.818750 0.903720 1 0.753125 0.816193 1 0.000000 0.000000 0 0.000000 0.000000 0 0.000000 0.000000 0 0.000000 0.000000 0
0 0.382734 0.293654 0.091469 0.218993 0.400000 0.251641 1 0.410938 0.245077 1 0.393750 0.236324 1 0.000000 0.000000 0 0.373437 0.231947 1 0.384375 0.284464 1 0.360938 0.284464 1 0.000000 0.000000 0 0.332813 0.378556 1 0.000000 0.000000 0 0.387500 0.367615 1 0.378125 0.417943 1 0.359375 0.433260 1 0.000000 0.000000 0 0.000000 0.000000 0 0.000000 0.000000 0 0.000000 0.000000 0
0 0.352313 0.345558 0.147250 0.315842 0.337500 0.284464 1 0.345313 0.275711 1 0.321875 0.271335 1 0.000000 0.000000 0 0.289062 0.275711 1 0.317188 0.380744 1 0.279687 0.415755 1 0.000000 0.000000 0 0.298438 0.542670 1 0.000000 0.000000 0 0.371875 0.494530 1 0.000000 0.000000 0 0.000000 0.000000 0 0.000000 0.000000 0 0.000000 0.000000 0 0.000000 0.000000 0 0.000000 0.000000 0
0 0.187742 0.633709 0.365859 0.710131 0.121875 0.417943 1 0.125000 0.376368 1 0.092188 0.387309 1 0.000000 0.000000 0 0.032813 0.407002 1 0.128125 0.533917 1 0.017188 0.584245 1 0.176563 0.704595 1 0.125000 0.781182 1 0.262500 0.807440 1 0.289062 0.757112 1 0.201563 0.886214 1 0.126562 0.956236 1 0.000000 0.000000 0 0.000000 0.000000 0 0.000000 0.000000 0 0.000000 0.000000 0
0 0.236258 0.493851 0.202547 0.492998 0.270313 0.352298 1 0.281250 0.334792 1 0.251563 0.334792 1 0.000000 0.000000 0 0.221875 0.352298 1 0.282813 0.442013 1 0.189062 0.470460 1 0.000000 0.000000 0 0.154688 0.630197 1 0.000000 0.000000 0 0.229687 0.529540 1 0.000000 0.000000 0 0.253125 0.726477 1 0.000000 0.000000 0 0.000000 0.000000 0 0.000000 0.000000 0 0.000000 0.000000 0
0 0.797680 0.161444 0.228203 0.257856 0.715625 0.129103 1 0.725000 0.109409 1 0.700000 0.113786 1 0.754687 0.105033 1 0.000000 0.000000 0 0.784375 0.210066 1 0.725000 0.203501 1 0.885938 0.269147 1 0.000000 0.000000 0 0.000000 0.000000 0 0.000000 0.000000 0 0.000000 0.000000 0 0.000000 0.000000 0 0.000000 0.000000 0 0.000000 0.000000 0 0.000000 0.000000 0 0.000000 0.000000 0
0 0.724305 0.418982 0.172859 0.377790 0.745313 0.330416 1 0.760938 0.310722 1 0.735938 0.315098 1 0.801562 0.310722 1 0.000000 0.000000 0 0.795312 0.435449 1 0.757812 0.415755 1 0.000000 0.000000 0 0.754687 0.533917 1 0.000000 0.000000 0 0.678125 0.501094 1 0.000000 0.000000 0 0.000000 0.000000 0 0.000000 0.000000 0 0.000000 0.000000 0 0.000000 0.000000 0 0.000000 0.000000 0
0 0.035820 0.258249 0.071641 0.146958 0.000000 0.000000 0 0.000000 0.000000 0 0.000000 0.000000 0 0.000000 0.000000 0 0.000000 0.000000 0 0.056250 0.315098 1 0.000000 0.000000 0 0.000000 0.000000 0 0.000000 0.000000 0 0.000000 0.000000 0 0.000000 0.000000 0 0.000000 0.000000 0 0.000000 0.000000 0 0.000000 0.000000 0 0.000000 0.000000 0 0.000000 0.000000 0 0.000000 0.000000 0