0 0.583336 0.728615 0.160516 0.533146 0.000000 0.000000 0 0.000000 0.000000 0 0.000000 0.000000 0 0.579688 0.518750 1 0.000000 0.000000 0 0.557813 0.568750 1 0.629687 0.566667 1 0.526563 0.677083 1 0.656250 0.670833 1 0.517188 0.772917 1 0.000000 0.000000 0 0.573438 0.720833 1 0.617188 0.718750 1 0.582812 0.870833 1 0.614062 0.868750 1 0.585938 0.983333 1 0.579688 0.952083 1
0 0.672070 0.644896 0.035172 0.176833 0.000000 0.000000 0 0.000000 0.000000 0 0.000000 0.000000 0 0.000000 0.000000 0 0.000000 0.000000 0 0.000000 0.000000 0 0.000000 0.000000 0 0.000000 0.000000 0 0.000000 0.000000 0 0.000000 0.000000 0 0.000000 0.000000 0 0.000000 0.000000 0 0.000000 0.000000 0 0.000000 0.000000 0 0.000000 0.000000 0 0.000000 0.000000 0 0.000000 0.000000 0
0 0.710406 0.683354 0.060531 0.303333 0.698438 0.562500 1 0.704688 0.554167 1 0.695312 0.552083 1 0.714063 0.558333 1 0.000000 0.000000 0 0.718750 0.591667 1 0.695312 0.591667 1 0.721875 0.639583 1 0.000000 0.000000 0 0.695312 0.635417 1 0.000000 0.000000 0 0.714063 0.668750 1 0.695312 0.666667 1 0.714063 0.735417 1 0.000000 0.000000 0 0.714063 0.808333 1 0.000000 0.000000 0
0 0.741937 0.678927 0.044531 0.298687 0.726562 0.552083 1 0.731250 0.550000 1 0.721875 0.547917 1 0.745313 0.552083 1 0.000000 0.000000 0 0.748437 0.587500 1 0.712500 0.577083 1 0.743750 0.635417 1 0.000000 0.000000 0 0.735938 0.664583 1 0.000000 0.000000 0 0.732812 0.664583 1 0.714063 0.664583 1 0.737500 0.720833 1 0.718750 0.727083 1 0.739062 0.785417 1 0.718750 0.775000 1
0 0.811148 0.650542 0.052203 0.298125 0.790625 0.527083 1 0.796875 0.520833 1 0.789062 0.522917 1 0.000000 0.000000 0 0.000000 0.000000 0 0.817187 0.564583 1 0.800000 0.562500 1 0.812500 0.602083 1 0.000000 0.000000 0 0.000000 0.000000 0 0.000000 0.000000 0 0.809375 0.677083 1 0.803125 0.677083 1 0.812500 0.725000 1 0.804688 0.725000 1 0.817187 0.781250 1 0.807813 0.783333 1
0 0.890734 0.691760 0.099437 0.413479 0.882812 0.531250 1 0.889062 0.527083 1 0.879687 0.525000 1 0.903125 0.533333 1 0.000000 0.000000 0 0.917188 0.581250 1 0.878125 0.577083 1 0.931250 0.639583 1 0.882812 0.631250 1 0.900000 0.668750 1 0.871875 0.662500 1 0.904687 0.700000 1 0.878125 0.697917 1 0.906250 0.779167 1 0.868750 0.770833 1 0.907813 0.868750 1 0.879687 0.864583 1
0 0.099805 0.634667 0.033391 0.098083 0.000000 0.000000 0 0.000000 0.000000 0 0.000000 0.000000 0 0.000000 0.000000 0 0.000000 0.000000 0 0.000000 0.000000 0 0.000000 0.000000 0 0.000000 0.000000 0 0.000000 0.000000 0 0.000000 0.000000 0 0.000000 0.000000 0 0.000000 0.000000 0 0.000000 0.000000 0 0.000000 0.000000 0 0.000000 0.000000 0 0.000000 0.000000 0 0.000000 0.000000 0
0 0.853891 0.669792 0.047125 0.328667 0.000000 0.000000 0 0.000000 0.000000 0 0.000000 0.000000 0 0.846875 0.537500 1 0.000000 0.000000 0 0.851562 0.560417 1 0.879687 0.558333 1 0.860938 0.604167 1 0.000000 0.000000 0 0.856250 0.647917 1 0.000000 0.000000 0 0.862500 0.662500 1 0.882812 0.660417 1 0.846875 0.735417 1 0.000000 0.000000 0 0.862500 0.806250 1 0.000000 0.000000 0
0 0.025758 0.811021 0.051516 0.173292 0.000000 0.000000 0 0.000000 0.000000 0 0.000000 0.000000 0 0.000000 0.000000 0 0.000000 0.000000 0 0.000000 0.000000 0 0.000000 0.000000 0 0.000000 0.000000 0 0.000000 0.000000 0 0.000000 0.000000 0 0.021875 0.841667 1 0.000000 0.000000 0 0.000000 0.000000 0 0.000000 0.000000 0 0.000000 0.000000 0 0.000000 0.000000 0 0.000000 0.000000 0
0 0.690508 0.575812 0.019016 0.059167 0.000000 0.000000 0 0.000000 0.000000 0 0.000000 0.000000 0 0.000000 0.000000 0 0.000000 0.000000 0 0.000000 0.000000 0 0.000000 0.000000 0 0.000000 0.000000 0 0.000000 0.000000 0 0.000000 0.000000 0 0.000000 0.000000 0 0.000000 0.000000 0 0.000000 0.000000 0 0.000000 0.000000 0 0.000000 0.000000 0 0.000000 0.000000 0 0.000000 0.000000 0
0 0.534414 0.586781 0.038172 0.086521 0.000000 0.000000 0 0.000000 0.000000 0 0.000000 0.000000 0 0.000000 0.000000 0 0.000000 0.000000 0 0.000000 0.000000 0 0.000000 0.000000 0 0.000000 0.000000 0 0.000000 0.000000 0 0.000000 0.000000 0 0.000000 0.000000 0 0.000000 0.000000 0 0.000000 0.000000 0 0.000000 0.000000 0 0.000000 0.000000 0 0.000000 0.000000 0 0.000000 0.000000 0
0 0.655492 0.555740 0.021234 0.055979 0.000000 0.000000 0 0.000000 0.000000 0 0.000000 0.000000 0 0.000000 0.000000 0 0.000000 0.000000 0 0.000000 0.000000 0 0.000000 0.000000 0 0.000000 0.000000 0 0.000000 0.000000 0 0.000000 0.000000 0 0.000000 0.000000 0 0.000000 0.000000 0 0.000000 0.000000 0 0.000000 0.000000 0 0.000000 0.000000 0 0.000000 0.000000 0 0.000000 0.000000 0
0 0.783164 0.672396 0.070328 0.335833 0.764062 0.539583 1 0.770312 0.529167 1 0.760938 0.529167 1 0.782813 0.531250 1 0.000000 0.000000 0 0.784375 0.566667 1 0.765625 0.575000 1 0.795312 0.614583 1 0.000000 0.000000 0 0.809375 0.660417 1 0.000000 0.000000 0 0.778125 0.683333 1 0.759375 0.685417 1 0.779687 0.743750 1 0.764062 0.747917 1 0.790625 0.816667 1 0.775000 0.812500 1