0 0.676844 0.545542 0.271562 0.427250 0.712500 0.433333 1 0.725000 0.406250 1 0.700000 0.416667 1 0.762500 0.393750 1 0.000000 0.000000 0 0.765625 0.510417 1 0.773438 0.487500 1 0.745313 0.670833 1 0.735938 0.647917 1 0.642188 0.602083 1 0.676562 0.539583 1 0.748437 0.750000 1 0.728125 0.710417 1 0.540625 0.766667 1 0.554688 0.735417 1 0.000000 0.000000 0 0.000000 0.000000 0
0 0.691852 0.693260 0.466859 0.591021 0.812500 0.472917 1 0.839063 0.454167 1 0.801562 0.458333 1 0.884375 0.481250 1 0.000000 0.000000 0 0.867188 0.560417 1 0.809375 0.604167 1 0.754687 0.737500 1 0.767188 0.714583 1 0.642188 0.770833 1 0.662500 0.770833 1 0.715625 0.843750 1 0.706250 0.762500 1 0.000000 0.000000 0 0.535937 0.762500 1 0.000000 0.000000 0 0.565625 0.956250 1
0 0.628484 0.334281 0.134500 0.214021 0.590625 0.277083 1 0.595313 0.262500 1 0.584375 0.270833 1 0.612500 0.264583 1 0.573438 0.291667 1 0.653125 0.306250 1 0.590625 0.352083 1 0.685937 0.395833 1 0.634375 0.427083 1 0.679688 0.460417 1 0.000000 0.000000 0 0.693750 0.420833 1 0.660937 0.441667 1 0.000000 0.000000 0 0.000000 0.000000 0 0.000000 0.000000 0 0.000000 0.000000 0
0 0.371578 0.344990 0.138656 0.303229 0.373437 0.264583 1 0.384375 0.247917 1 0.364063 0.247917 1 0.395313 0.252083 1 0.351562 0.254167 1 0.418750 0.325000 1 0.325000 0.333333 1 0.426563 0.427083 1 0.317188 0.443750 1 0.401562 0.475000 1 0.348438 0.497917 1 0.404687 0.485417 1 0.348438 0.493750 1 0.000000 0.000000 0 0.000000 0.000000 0 0.000000 0.000000 0 0.000000 0.000000 0
0 0.153031 0.638906 0.248875 0.717479 0.181250 0.372917 1 0.195312 0.364583 1 0.168750 0.354167 1 0.000000 0.000000 0 0.139063 0.347917 1 0.190625 0.456250 1 0.079687 0.408333 1 0.178125 0.577083 1 0.101562 0.525000 1 0.192188 0.691667 1 0.151562 0.443750 1 0.137500 0.631250 1 0.081250 0.652083 1 0.237500 0.706250 1 0.176563 0.700000 1 0.245312 0.866667 1 0.181250 0.891667 1
0 0.456445 0.254521 0.107453 0.279208 0.000000 0.000000 0 0.000000 0.000000 0 0.000000 0.000000 0 0.000000 0.000000 0 0.454688 0.145833 1 0.412500 0.172917 1 0.459375 0.177083 1 0.000000 0.000000 0 0.487500 0.212500 1 0.000000 0.000000 0 0.496875 0.210417 1 0.412500 0.275000 1 0.446875 0.279167 1 0.000000 0.000000 0 0.462500 0.281250 1 0.000000 0.000000 0 0.453125 0.354167 1
0 0.356563 0.173760 0.067906 0.115771 0.000000 0.000000 0 0.346875 0.137500 1 0.000000 0.000000 0 0.353125 0.141667 1 0.000000 0.000000 0 0.331250 0.179167 1 0.382812 0.181250 1 0.000000 0.000000 0 0.000000 0.000000 0 0.000000 0.000000 0 0.000000 0.000000 0 0.000000 0.000000 0 0.000000 0.000000 0 0.000000 0.000000 0 0.000000 0.000000 0 0.000000 0.000000 0 0.000000 0.000000 0
0 0.184141 0.246990 0.070906 0.103313 0.184375 0.241667 1 0.190625 0.231250 1 0.178125 0.231250 1 0.000000 0.000000 0 0.000000 0.000000 0 0.206250 0.262500 1 0.156250 0.260417 1 0.000000 0.000000 0 0.000000 0.000000 0 0.000000 0.000000 0 0.187500 0.268750 1 0.000000 0.000000 0 0.000000 0.000000 0 0.000000 0.000000 0 0.000000 0.000000 0 0.000000 0.000000 0 0.000000 0.000000 0
0 0.245266 0.400729 0.121125 0.299500 0.243750 0.341667 1 0.254688 0.320833 1 0.231250 0.320833 1 0.000000 0.000000 0 0.000000 0.000000 0 0.273438 0.393750 1 0.189062 0.395833 1 0.279687 0.518750 1 0.000000 0.000000 0 0.000000 0.000000 0 0.000000 0.000000 0 0.262500 0.585417 1 0.190625 0.591667 1 0.000000 0.000000 0 0.000000 0.000000 0 0.000000 0.000000 0 0.000000 0.000000 0
0 0.138484 0.168896 0.075563 0.168667 0.000000 0.000000 0 0.000000 0.000000 0 0.000000 0.000000 0 0.120313 0.116667 1 0.000000 0.000000 0 0.128125 0.143750 1 0.156250 0.145833 1 0.000000 0.000000 0 0.171875 0.191667 1 0.000000 0.000000 0 0.000000 0.000000 0 0.142187 0.241667 1 0.162500 0.237500 1 0.000000 0.000000 0 0.000000 0.000000 0 0.000000 0.000000 0 0.000000 0.000000 0
0 0.108289 0.265448 0.104672 0.161021 0.134375 0.225000 1 0.137500 0.216667 1 0.125000 0.216667 1 0.000000 0.000000 0 0.107813 0.229167 1 0.000000 0.000000 0 0.000000 0.000000 0 0.000000 0.000000 0 0.064062 0.335417 1 0.156250 0.275000 1 0.000000 0.000000 0 0.000000 0.000000 0 0.000000 0.000000 0 0.000000 0.000000 0 0.000000 0.000000 0 0.000000 0.000000 0 0.000000 0.000000 0
0 0.313883 0.275313 0.061109 0.160500 0.293750 0.254167 1 0.298438 0.241667 1 0.000000 0.000000 0 0.000000 0.000000 0 0.000000 0.000000 0 0.318750 0.277083 1 0.343750 0.270833 1 0.289062 0.343750 1 0.000000 0.000000 0 0.318750 0.335417 1 0.000000 0.000000 0 0.000000 0.000000 0 0.000000 0.000000 0 0.000000 0.000000 0 0.000000 0.000000 0 0.000000 0.000000 0 0.000000 0.000000 0
0 0.759742 0.394167 0.159109 0.279000 0.782813 0.329167 1 0.798438 0.312500 1 0.773438 0.310417 1 0.820312 0.327083 1 0.756250 0.325000 1 0.843750 0.425000 1 0.740625 0.420833 1 0.000000 0.000000 0 0.698438 0.502083 1 0.000000 0.000000 0 0.703125 0.414583 1 0.000000 0.000000 0 0.000000 0.000000 0 0.000000 0.000000 0 0.000000 0.000000 0 0.000000 0.000000 0 0.000000 0.000000 0