0 0.458477 0.806385 0.122203 0.387229 0.000000 0.000000 0 0.000000 0.000000 0 0.000000 0.000000 0 0.435937 0.652083 1 0.000000 0.000000 0 0.425000 0.702083 1 0.476562 0.702083 1 0.410938 0.754167 1 0.496875 0.760417 1 0.417187 0.795833 1 0.503125 0.812500 1 0.435937 0.831250 1 0.473438 0.835417 1 0.440625 0.918750 1 0.479687 0.908333 1 0.000000 0.000000 0 0.471875 0.989583 1
0 0.275938 0.714729 0.048562 0.179208 0.270313 0.643750 1 0.271875 0.637500 1 0.268750 0.637500 1 0.278125 0.641667 1 0.000000 0.000000 0 0.287500 0.664583 1 0.262500 0.664583 1 0.295312 0.687500 1 0.256250 0.689583 1 0.000000 0.000000 0 0.254688 0.716667 1 0.284375 0.712500 1 0.267188 0.712500 1 0.287500 0.745833 1 0.268750 0.756250 1 0.289062 0.777083 1 0.270313 0.791667 1
0 0.192883 0.648896 0.019234 0.032875 0.000000 0.000000 0 0.000000 0.000000 0 0.000000 0.000000 0 0.000000 0.000000 0 0.000000 0.000000 0 0.000000 0.000000 0 0.000000 0.000000 0 0.000000 0.000000 0 0.000000 0.000000 0 0.000000 0.000000 0 0.000000 0.000000 0 0.000000 0.000000 0 0.000000 0.000000 0 0.000000 0.000000 0 0.000000 0.000000 0 0.000000 0.000000 0 0.000000 0.000000 0
0 0.547742 0.648594 0.010359 0.042604 0.000000 0.000000 0 0.000000 0.000000 0 0.000000 0.000000 0 0.000000 0.000000 0 0.000000 0.000000 0 0.000000 0.000000 0 0.000000 0.000000 0 0.000000 0.000000 0 0.000000 0.000000 0 0.000000 0.000000 0 0.000000 0.000000 0 0.000000 0.000000 0 0.000000 0.000000 0 0.000000 0.000000 0 0.000000 0.000000 0 0.000000 0.000000 0 0.000000 0.000000 0
0 0.763750 0.683010 0.044937 0.164771 0.000000 0.000000 0 0.000000 0.000000 0 0.000000 0.000000 0 0.751563 0.614583 1 0.000000 0.000000 0 0.745313 0.635417 1 0.770312 0.633333 1 0.000000 0.000000 0 0.000000 0.000000 0 0.000000 0.000000 0 0.000000 0.000000 0 0.751563 0.683333 1 0.768750 0.683333 1 0.751563 0.716667 1 0.767188 0.718750 1 0.756250 0.741667 1 0.764062 0.754167 1
0 0.794281 0.669396 0.038313 0.102500 0.000000 0.000000 0 0.000000 0.000000 0 0.000000 0.000000 0 0.000000 0.000000 0 0.000000 0.000000 0 0.000000 0.000000 0 0.000000 0.000000 0 0.000000 0.000000 0 0.000000 0.000000 0 0.000000 0.000000 0 0.000000 0.000000 0 0.000000 0.000000 0 0.000000 0.000000 0 0.000000 0.000000 0 0.000000 0.000000 0 0.000000 0.000000 0 0.000000 0.000000 0
0 0.138555 0.825135 0.108797 0.349729 0.132812 0.687500 1 0.140625 0.681250 1 0.129688 0.679167 1 0.151562 0.685417 1 0.000000 0.000000 0 0.160938 0.733333 1 0.106250 0.729167 1 0.175000 0.779167 1 0.087500 0.772917 1 0.181250 0.825000 1 0.110937 0.743750 1 0.153125 0.833333 1 0.120313 0.833333 1 0.143750 0.904167 1 0.128125 0.900000 1 0.140625 0.979167 1 0.134375 0.958333 1
0 0.032133 0.819865 0.064266 0.360271 0.021875 0.675000 1 0.029687 0.668750 1 0.017188 0.668750 1 0.000000 0.000000 0 0.000000 0.000000 0 0.053125 0.706250 1 0.000000 0.000000 0 0.045312 0.750000 1 0.000000 0.000000 0 0.029687 0.702083 1 0.000000 0.000000 0 0.034375 0.835417 1 0.004687 0.835417 1 0.039062 0.904167 1 0.000000 0.895833 1 0.042188 0.972917 1 0.001563 0.983333 1
0 0.665320 0.719396 0.055609 0.216042 0.000000 0.000000 0 0.000000 0.000000 0 0.000000 0.000000 0 0.656250 0.635417 1 0.671875 0.633333 1 0.651563 0.654167 1 0.678125 0.656250 1 0.643750 0.689583 1 0.000000 0.000000 0 0.656250 0.706250 1 0.000000 0.000000 0 0.656250 0.718750 1 0.675000 0.720833 1 0.654687 0.758333 1 0.671875 0.762500 1 0.664062 0.793750 1 0.671875 0.804167 1
0 0.214812 0.725927 0.040750 0.162979 0.221875 0.652083 1 0.221875 0.647917 1 0.217188 0.647917 1 0.000000 0.000000 0 0.212500 0.652083 1 0.229687 0.670833 1 0.206250 0.672917 1 0.232813 0.689583 1 0.200000 0.695833 1 0.210938 0.693750 1 0.207813 0.706250 1 0.223438 0.712500 1 0.209375 0.712500 1 0.226562 0.754167 1 0.210938 0.758333 1 0.225000 0.785417 1 0.214062 0.787500 1
0 0.909805 0.723219 0.053391 0.194312 0.000000 0.000000 0 0.000000 0.000000 0 0.000000 0.000000 0 0.000000 0.000000 0 0.000000 0.000000 0 0.892188 0.666667 1 0.925000 0.666667 1 0.892188 0.691667 1 0.925000 0.691667 1 0.890625 0.716667 1 0.926562 0.708333 1 0.898438 0.731250 1 0.918750 0.731250 1 0.903125 0.766667 1 0.925000 0.764583 1 0.904687 0.800000 1 0.928125 0.785417 1
0 0.604016 0.680208 0.031156 0.124625 0.000000 0.000000 0 0.000000 0.000000 0 0.000000 0.000000 0 0.000000 0.000000 0 0.000000 0.000000 0 0.000000 0.000000 0 0.000000 0.000000 0 0.000000 0.000000 0 0.000000 0.000000 0 0.000000 0.000000 0 0.000000 0.000000 0 0.000000 0.000000 0 0.000000 0.000000 0 0.000000 0.000000 0 0.000000 0.000000 0 0.000000 0.000000 0 0.000000 0.000000 0
0 0.821016 0.687177 0.045781 0.145229 0.000000 0.000000 0 0.000000 0.000000 0 0.000000 0.000000 0 0.000000 0.000000 0 0.000000 0.000000 0 0.000000 0.000000 0 0.000000 0.000000 0 0.000000 0.000000 0 0.000000 0.000000 0 0.000000 0.000000 0 0.000000 0.000000 0 0.000000 0.000000 0 0.000000 0.000000 0 0.000000 0.000000 0 0.000000 0.000000 0 0.000000 0.000000 0 0.000000 0.000000 0