0 0.929344 0.274952 0.141313 0.328082 0.935937 0.167866 1 0.939063 0.158273 1 0.926562 0.160671 1 0.000000 0.000000 0 0.898438 0.175060 1 0.959375 0.225420 1 0.876563 0.256595 1 0.989062 0.318945 1 0.873437 0.364508 1 0.951562 0.364508 1 0.906250 0.364508 1 0.967187 0.383693 1 0.904687 0.402878 1 0.000000 0.000000 0 0.000000 0.000000 0 0.000000 0.000000 0 0.000000 0.000000 0
0 0.820898 0.333165 0.151266 0.237842 0.821875 0.275779 1 0.000000 0.000000 0 0.812500 0.268585 1 0.000000 0.000000 0 0.784375 0.287770 1 0.854688 0.345324 1 0.754687 0.366906 1 0.868750 0.443645 1 0.762500 0.460432 1 0.000000 0.000000 0 0.000000 0.000000 0 0.845313 0.484412 1 0.787500 0.491607 1 0.000000 0.000000 0 0.000000 0.000000 0 0.000000 0.000000 0 0.000000 0.000000 0
0 0.349992 0.373873 0.115922 0.204964 0.357812 0.333333 1 0.362500 0.323741 1 0.348438 0.323741 1 0.000000 0.000000 0 0.321875 0.333333 1 0.382812 0.390887 1 0.301563 0.405276 1 0.398438 0.470024 1 0.296875 0.472422 1 0.000000 0.000000 0 0.000000 0.000000 0 0.000000 0.000000 0 0.000000 0.000000 0 0.000000 0.000000 0 0.000000 0.000000 0 0.000000 0.000000 0 0.000000 0.000000 0
0 0.603656 0.266043 0.117344 0.189640 0.626563 0.232614 1 0.631250 0.223022 1 0.618750 0.223022 1 0.000000 0.000000 0 0.598437 0.225420 1 0.645312 0.302158 1 0.578125 0.278177 1 0.662500 0.378897 1 0.559375 0.357314 1 0.000000 0.000000 0 0.000000 0.000000 0 0.625000 0.431655 1 0.576562 0.424460 1 0.000000 0.000000 0 0.000000 0.000000 0 0.000000 0.000000 0 0.000000 0.000000 0
0 0.223289 0.346067 0.159609 0.269640 0.256250 0.318945 1 0.254688 0.304556 1 0.246875 0.304556 1 0.000000 0.000000 0 0.215625 0.306954 1 0.276562 0.366906 1 0.178125 0.381295 1 0.279687 0.458034 1 0.171875 0.465228 1 0.198437 0.484412 1 0.260937 0.472422 1 0.275000 0.529976 1 0.204687 0.539568 1 0.000000 0.000000 0 0.000000 0.000000 0 0.000000 0.000000 0 0.000000 0.000000 0
0 0.103227 0.353933 0.127391 0.240432 0.073438 0.304556 1 0.082812 0.292566 1 0.068750 0.294964 1 0.107813 0.297362 1 0.000000 0.000000 0 0.139063 0.371703 1 0.062500 0.376499 1 0.154688 0.465228 1 0.057813 0.467626 1 0.000000 0.000000 0 0.000000 0.000000 0 0.134375 0.525180 1 0.079687 0.527578 1 0.000000 0.000000 0 0.000000 0.000000 0 0.000000 0.000000 0 0.000000 0.000000 0
0 0.471469 0.394376 0.120062 0.164053 0.484375 0.388489 1 0.487500 0.371703 1 0.473438 0.376499 1 0.000000 0.000000 0 0.451562 0.376499 1 0.504687 0.431655 1 0.428125 0.436451 1 0.000000 0.000000 0 0.000000 0.000000 0 0.000000 0.000000 0 0.000000 0.000000 0 0.000000 0.000000 0 0.000000 0.000000 0 0.000000 0.000000 0 0.000000 0.000000 0 0.000000 0.000000 0 0.000000 0.000000 0
0 0.688820 0.357878 0.130016 0.235420 0.695312 0.297362 1 0.703125 0.290168 1 0.682813 0.290168 1 0.000000 0.000000 0 0.659375 0.302158 1 0.728125 0.374101 1 0.626563 0.390887 1 0.742188 0.467626 1 0.629687 0.484412 1 0.000000 0.000000 0 0.000000 0.000000 0 0.000000 0.000000 0 0.000000 0.000000 0 0.000000 0.000000 0 0.000000 0.000000 0 0.000000 0.000000 0 0.000000 0.000000 0
0 0.828242 0.172926 0.116703 0.301535 0.853125 0.103118 1 0.857812 0.091127 1 0.840625 0.093525 1 0.000000 0.000000 0 0.817187 0.083933 1 0.862500 0.148681 1 0.785937 0.153477 1 0.868750 0.242206 1 0.775000 0.235012 1 0.000000 0.000000 0 0.000000 0.000000 0 0.851562 0.309353 1 0.792188 0.304556 1 0.000000 0.000000 0 0.000000 0.000000 0 0.000000 0.000000 0 0.000000 0.000000 0
0 0.485992 0.283357 0.130203 0.285324 0.476562 0.225420 1 0.481250 0.211031 1 0.465625 0.215827 1 0.000000 0.000000 0 0.443750 0.225420 1 0.493750 0.266187 1 0.434375 0.280576 1 0.535937 0.330935 1 0.450000 0.318945 1 0.509375 0.256595 1 0.475000 0.227818 1 0.512500 0.390887 1 0.465625 0.405276 1 0.000000 0.000000 0 0.000000 0.000000 0 0.000000 0.000000 0 0.000000 0.000000 0
0 0.487734 0.656211 0.366938 0.687578 0.629687 0.429257 1 0.628125 0.417266 1 0.614062 0.412470 1 0.000000 0.000000 0 0.575000 0.417266 1 0.607812 0.484412 1 0.539062 0.486811 1 0.593750 0.616307 1 0.501563 0.623501 1 0.593750 0.741007 1 0.535937 0.741007 1 0.507812 0.570743 1 0.443750 0.573141 1 0.625000 0.743405 1 0.437500 0.779376 1 0.603125 0.925659 1 0.335938 0.973621 1
0 0.153742 0.270935 0.087859 0.208969 0.160938 0.232614 1 0.167187 0.223022 1 0.151562 0.223022 1 0.000000 0.000000 0 0.131250 0.235012 1 0.181250 0.304556 1 0.114062 0.304556 1 0.000000 0.000000 0 0.000000 0.000000 0 0.000000 0.000000 0 0.000000 0.000000 0 0.000000 0.000000 0 0.000000 0.000000 0 0.000000 0.000000 0 0.000000 0.000000 0 0.000000 0.000000 0 0.000000 0.000000 0
0 0.384195 0.296703 0.088266 0.220168 0.373437 0.266187 1 0.381250 0.258993 1 0.365625 0.256595 1 0.000000 0.000000 0 0.350000 0.247002 1 0.398438 0.299760 1 0.335938 0.299760 1 0.415625 0.395683 1 0.000000 0.000000 0 0.376563 0.357314 1 0.000000 0.000000 0 0.000000 0.000000 0 0.000000 0.000000 0 0.000000 0.000000 0 0.000000 0.000000 0 0.000000 0.000000 0 0.000000 0.000000 0