0 0.672437 0.361792 0.142437 0.638197 0.642188 0.096019 1 0.653125 0.088993 1 0.000000 0.000000 0 0.675000 0.100703 1 0.000000 0.000000 0 0.703125 0.152225 1 0.637500 0.182670 1 0.718750 0.238876 1 0.618750 0.245902 1 0.646875 0.266979 1 0.609375 0.271663 1 0.682813 0.316159 1 0.628125 0.323185 1 0.707812 0.456674 1 0.000000 0.000000 0 0.714063 0.632319 1 0.000000 0.000000 0
0 0.175883 0.468747 0.037891 0.219415 0.168750 0.381733 1 0.171875 0.377049 1 0.167187 0.377049 1 0.181250 0.379391 1 0.000000 0.000000 0 0.184375 0.405152 1 0.000000 0.000000 0 0.181250 0.426230 1 0.000000 0.000000 0 0.173437 0.454333 1 0.000000 0.000000 0 0.178125 0.459016 1 0.000000 0.000000 0 0.181250 0.508197 1 0.000000 0.000000 0 0.192188 0.557377 1 0.000000 0.000000 0
0 0.949648 0.459379 0.044922 0.195667 0.000000 0.000000 0 0.000000 0.000000 0 0.000000 0.000000 0 0.940625 0.374707 1 0.953125 0.374707 1 0.934375 0.398126 1 0.957812 0.393443 1 0.928125 0.428571 1 0.962500 0.423888 1 0.000000 0.000000 0 0.965625 0.451991 1 0.939063 0.454333 1 0.953125 0.454333 1 0.942187 0.491803 1 0.962500 0.487119 1 0.943750 0.540984 1 0.953125 0.531616 1
0 0.299234 0.455539 0.056781 0.214215 0.295312 0.367681 1 0.296875 0.365340 1 0.293750 0.365340 1 0.303125 0.367681 1 0.000000 0.000000 0 0.306250 0.398126 1 0.292187 0.398126 1 0.309375 0.426230 1 0.285938 0.419204 1 0.315625 0.459016 1 0.278125 0.449649 1 0.301563 0.454333 1 0.290625 0.456674 1 0.293750 0.503513 1 0.301563 0.505855 1 0.290625 0.550351 1 0.321875 0.531616 1
0 0.239219 0.462494 0.048313 0.214731 0.221875 0.377049 1 0.223438 0.372365 1 0.220312 0.372365 1 0.234375 0.379391 1 0.000000 0.000000 0 0.240625 0.398126 1 0.000000 0.000000 0 0.245312 0.423888 1 0.000000 0.000000 0 0.246875 0.456674 1 0.000000 0.000000 0 0.229687 0.463700 1 0.000000 0.000000 0 0.229687 0.505855 1 0.000000 0.000000 0 0.250000 0.538642 1 0.000000 0.000000 0
0 0.444633 0.489918 0.044453 0.192857 0.000000 0.000000 0 0.000000 0.000000 0 0.000000 0.000000 0 0.000000 0.000000 0 0.000000 0.000000 0 0.000000 0.000000 0 0.445312 0.400468 1 0.000000 0.000000 0 0.426563 0.421546 1 0.000000 0.000000 0 0.443750 0.444965 1 0.465625 0.470726 1 0.450000 0.468384 1 0.460938 0.517564 1 0.448437 0.515222 1 0.457813 0.562061 1 0.443750 0.564403 1
0 0.493359 0.587986 0.057219 0.097283 0.000000 0.000000 0 0.000000 0.000000 0 0.000000 0.000000 0 0.000000 0.000000 0 0.000000 0.000000 0 0.000000 0.000000 0 0.000000 0.000000 0 0.000000 0.000000 0 0.000000 0.000000 0 0.000000 0.000000 0 0.000000 0.000000 0 0.000000 0.000000 0 0.000000 0.000000 0 0.000000 0.000000 0 0.000000 0.000000 0 0.000000 0.000000 0 0.000000 0.000000 0
0 0.404648 0.423841 0.009734 0.068009 0.000000 0.000000 0 0.000000 0.000000 0 0.000000 0.000000 0 0.000000 0.000000 0 0.000000 0.000000 0 0.000000 0.000000 0 0.000000 0.000000 0 0.000000 0.000000 0 0.000000 0.000000 0 0.000000 0.000000 0 0.000000 0.000000 0 0.000000 0.000000 0 0.000000 0.000000 0 0.000000 0.000000 0 0.000000 0.000000 0 0.000000 0.000000 0 0.000000 0.000000 0
0 0.204055 0.484321 0.044547 0.248782 0.201563 0.377049 1 0.206250 0.374707 1 0.000000 0.000000 0 0.212500 0.379391 1 0.000000 0.000000 0 0.217188 0.412178 1 0.192188 0.409836 1 0.223438 0.442623 1 0.182812 0.442623 1 0.220312 0.447307 1 0.196875 0.433255 1 0.215625 0.473068 1 0.201563 0.468384 1 0.210938 0.533958 1 0.204687 0.533958 1 0.203125 0.578454 1 0.207813 0.580796 1
0 0.876555 0.444672 0.025547 0.168033 0.000000 0.000000 0 0.000000 0.000000 0 0.000000 0.000000 0 0.000000 0.000000 0 0.000000 0.000000 0 0.000000 0.000000 0 0.000000 0.000000 0 0.000000 0.000000 0 0.000000 0.000000 0 0.000000 0.000000 0 0.000000 0.000000 0 0.000000 0.000000 0 0.000000 0.000000 0 0.000000 0.000000 0 0.000000 0.000000 0 0.000000 0.000000 0 0.000000 0.000000 0
0 0.337688 0.456370 0.037438 0.214660 0.331250 0.362998 1 0.334375 0.362998 1 0.000000 0.000000 0 0.340625 0.365340 1 0.000000 0.000000 0 0.346875 0.386417 1 0.334375 0.388759 1 0.351562 0.423888 1 0.000000 0.000000 0 0.346875 0.451991 1 0.000000 0.000000 0 0.343750 0.449649 1 0.331250 0.449649 1 0.345313 0.503513 1 0.325000 0.496487 1 0.346875 0.548009 1 0.335938 0.533958 1
0 0.919797 0.453361 0.032406 0.170468 0.000000 0.000000 0 0.000000 0.000000 0 0.000000 0.000000 0 0.000000 0.000000 0 0.000000 0.000000 0 0.000000 0.000000 0 0.000000 0.000000 0 0.000000 0.000000 0 0.000000 0.000000 0 0.000000 0.000000 0 0.000000 0.000000 0 0.000000 0.000000 0 0.000000 0.000000 0 0.000000 0.000000 0 0.000000 0.000000 0 0.000000 0.000000 0 0.000000 0.000000 0
0 0.151812 0.472518 0.043531 0.259883 0.162500 0.362998 1 0.000000 0.000000 0 0.000000 0.000000 0 0.000000 0.000000 0 0.146875 0.360656 1 0.156250 0.386417 1 0.140625 0.384075 1 0.000000 0.000000 0 0.148438 0.426230 1 0.000000 0.000000 0 0.168750 0.440281 1 0.156250 0.463700 1 0.142187 0.463700 1 0.000000 0.000000 0 0.146875 0.519906 1 0.000000 0.000000 0 0.145313 0.583138 1