0 0.778063 0.587354 0.045469 0.209977 0.785937 0.503513 1 0.000000 0.000000 0 0.784375 0.498829 1 0.000000 0.000000 0 0.775000 0.501171 1 0.789062 0.519906 1 0.768750 0.519906 1 0.000000 0.000000 0 0.757812 0.555035 1 0.000000 0.000000 0 0.762500 0.583138 1 0.789062 0.585480 1 0.770312 0.585480 1 0.793750 0.634660 1 0.771875 0.637002 1 0.796875 0.674473 1 0.773438 0.676815 1
0 0.294148 0.583009 0.054703 0.265878 0.301563 0.470726 1 0.303125 0.466042 1 0.296875 0.468384 1 0.000000 0.000000 0 0.289062 0.473068 1 0.312500 0.508197 1 0.278125 0.503513 1 0.315625 0.538642 1 0.271875 0.533958 1 0.310937 0.562061 1 0.278125 0.562061 1 0.303125 0.576112 1 0.285938 0.571429 1 0.304688 0.632319 1 0.278125 0.634660 1 0.306250 0.683841 1 0.278125 0.681499 1
0 0.371852 0.586593 0.067141 0.274590 0.000000 0.000000 0 0.000000 0.000000 0 0.000000 0.000000 0 0.000000 0.000000 0 0.000000 0.000000 0 0.368750 0.494145 1 0.348438 0.496487 1 0.379688 0.529274 1 0.000000 0.000000 0 0.000000 0.000000 0 0.392188 0.529274 1 0.357812 0.573770 1 0.343750 0.573770 1 0.359375 0.644028 1 0.000000 0.000000 0 0.351562 0.700234 1 0.000000 0.000000 0
0 0.170984 0.582330 0.058781 0.287471 0.187500 0.461358 1 0.000000 0.000000 0 0.182812 0.459016 1 0.000000 0.000000 0 0.000000 0.000000 0 0.184375 0.498829 1 0.164062 0.494145 1 0.000000 0.000000 0 0.162500 0.533958 1 0.000000 0.000000 0 0.165625 0.573770 1 0.176563 0.585480 1 0.162500 0.583138 1 0.171875 0.637002 1 0.159375 0.634660 1 0.167187 0.693208 1 0.157812 0.702576 1
0 0.065219 0.585023 0.070469 0.370796 0.000000 0.000000 0 0.000000 0.000000 0 0.000000 0.000000 0 0.000000 0.000000 0 0.000000 0.000000 0 0.068750 0.480094 1 0.087500 0.480094 1 0.054688 0.536300 1 0.000000 0.000000 0 0.042188 0.576112 1 0.000000 0.000000 0 0.064062 0.580796 1 0.087500 0.580796 1 0.062500 0.651054 1 0.081250 0.653396 1 0.062500 0.730679 1 0.079687 0.723653 1
0 0.124156 0.589754 0.047781 0.234496 0.145313 0.494145 1 0.000000 0.000000 0 0.142187 0.489461 1 0.000000 0.000000 0 0.132812 0.491803 1 0.139063 0.519906 1 0.123438 0.517564 1 0.000000 0.000000 0 0.114062 0.550351 1 0.000000 0.000000 0 0.135937 0.552693 1 0.142187 0.585480 1 0.126562 0.585480 1 0.134375 0.651054 1 0.123438 0.648712 1 0.129688 0.690867 1 0.118750 0.693208 1
0 0.817867 0.585398 0.046484 0.240445 0.000000 0.000000 0 0.000000 0.000000 0 0.000000 0.000000 0 0.000000 0.000000 0 0.817187 0.494145 1 0.793750 0.515222 1 0.825000 0.517564 1 0.000000 0.000000 0 0.832812 0.538642 1 0.000000 0.000000 0 0.831250 0.555035 1 0.803125 0.564403 1 0.820312 0.562061 1 0.803125 0.625293 1 0.820312 0.629977 1 0.800000 0.679157 1 0.820312 0.683841 1
0 0.986523 0.579778 0.026953 0.269672 0.000000 0.000000 0 0.000000 0.000000 0 0.000000 0.000000 0 0.000000 0.000000 0 0.000000 0.000000 0 0.000000 0.000000 0 0.000000 0.000000 0 0.000000 0.000000 0 0.000000 0.000000 0 0.000000 0.000000 0 0.000000 0.000000 0 0.000000 0.000000 0 0.000000 0.000000 0 0.000000 0.000000 0 0.000000 0.000000 0 0.000000 0.000000 0 0.000000 0.000000 0
0 0.583719 0.509684 0.049531 0.080773 0.000000 0.000000 0 0.000000 0.000000 0 0.000000 0.000000 0 0.000000 0.000000 0 0.000000 0.000000 0 0.000000 0.000000 0 0.000000 0.000000 0 0.000000 0.000000 0 0.000000 0.000000 0 0.000000 0.000000 0 0.000000 0.000000 0 0.000000 0.000000 0 0.000000 0.000000 0 0.000000 0.000000 0 0.000000 0.000000 0 0.000000 0.000000 0 0.000000 0.000000 0
0 0.209883 0.591335 0.040047 0.250304 0.221875 0.496487 1 0.000000 0.000000 0 0.220312 0.489461 1 0.000000 0.000000 0 0.000000 0.000000 0 0.210938 0.512881 1 0.198437 0.510539 1 0.000000 0.000000 0 0.000000 0.000000 0 0.000000 0.000000 0 0.000000 0.000000 0 0.214062 0.585480 1 0.201563 0.585480 1 0.207813 0.644028 1 0.198437 0.641686 1 0.204687 0.690867 1 0.196875 0.690867 1
0 0.244992 0.588841 0.034234 0.181710 0.253125 0.512881 1 0.254688 0.508197 1 0.250000 0.510539 1 0.000000 0.000000 0 0.243750 0.510539 1 0.253125 0.533958 1 0.237500 0.533958 1 0.000000 0.000000 0 0.232813 0.557377 1 0.000000 0.000000 0 0.242188 0.573770 1 0.253125 0.590164 1 0.243750 0.590164 1 0.253125 0.620609 1 0.242188 0.625293 1 0.248438 0.660422 1 0.237500 0.658080 1
0 0.899063 0.577073 0.088844 0.225293 0.859375 0.494145 1 0.860938 0.487119 1 0.000000 0.000000 0 0.873437 0.491803 1 0.000000 0.000000 0 0.893750 0.505855 1 0.859375 0.510539 1 0.912500 0.531616 1 0.862500 0.543326 1 0.928125 0.552693 1 0.865625 0.564403 1 0.890625 0.566745 1 0.870313 0.566745 1 0.895312 0.613583 1 0.860938 0.618267 1 0.900000 0.672131 1 0.862500 0.672131 1
0 0.664711 0.586007 0.025078 0.114122 0.000000 0.000000 0 0.000000 0.000000 0 0.000000 0.000000 0 0.000000 0.000000 0 0.000000 0.000000 0 0.000000 0.000000 0 0.000000 0.000000 0 0.000000 0.000000 0 0.000000 0.000000 0 0.000000 0.000000 0 0.000000 0.000000 0 0.000000 0.000000 0 0.000000 0.000000 0 0.000000 0.000000 0 0.000000 0.000000 0 0.000000 0.000000 0 0.000000 0.000000 0