0 0.649320 0.637072 0.191766 0.721351 0.615625 0.360360 1 0.625000 0.349099 1 0.606250 0.346847 1 0.650000 0.346847 1 0.000000 0.000000 0 0.664062 0.421171 1 0.587500 0.416667 1 0.696875 0.536036 1 0.564063 0.506757 1 0.726562 0.628378 1 0.568750 0.524775 1 0.651563 0.641892 1 0.590625 0.641892 1 0.642188 0.790541 1 0.603125 0.790541 1 0.637500 0.959459 1 0.645312 0.855856 1
0 0.238250 0.453592 0.145125 0.505923 0.218750 0.245495 1 0.226562 0.234234 1 0.215625 0.234234 1 0.243750 0.243243 1 0.000000 0.000000 0 0.253125 0.297297 1 0.210938 0.297297 1 0.264062 0.373874 1 0.215625 0.360360 1 0.237500 0.425676 1 0.206250 0.362613 1 0.256250 0.430180 1 0.217188 0.427928 1 0.273438 0.547297 1 0.210938 0.551802 1 0.292187 0.653153 1 0.192188 0.666667 1
0 0.447430 0.559550 0.149672 0.768559 0.439063 0.261261 1 0.446875 0.247748 1 0.429688 0.245495 1 0.460938 0.245495 1 0.415625 0.240991 1 0.479687 0.322072 1 0.401562 0.310811 1 0.507812 0.443694 1 0.382812 0.391892 1 0.504687 0.549550 1 0.389062 0.432432 1 0.460938 0.545045 1 0.407813 0.538288 1 0.450000 0.718468 1 0.409375 0.713964 1 0.460938 0.864865 1 0.460938 0.781532 1
0 0.551883 0.364797 0.087297 0.424730 0.526563 0.222973 1 0.531250 0.213964 1 0.523438 0.213964 1 0.542188 0.195946 1 0.000000 0.000000 0 0.560937 0.225225 1 0.521875 0.234234 1 0.582812 0.290541 1 0.518750 0.292793 1 0.557813 0.322072 1 0.518750 0.333333 1 0.560937 0.351351 1 0.529687 0.351351 1 0.568750 0.457207 1 0.529687 0.468468 1 0.578125 0.527027 1 0.529687 0.542793 1
0 0.136219 0.423525 0.115250 0.535608 0.125000 0.204955 1 0.131250 0.193694 1 0.118750 0.193694 1 0.143750 0.204955 1 0.110937 0.204955 1 0.162500 0.265766 1 0.100000 0.272523 1 0.176563 0.358108 1 0.098437 0.362613 1 0.160938 0.425676 1 0.090625 0.432432 1 0.153125 0.416667 1 0.112500 0.409910 1 0.165625 0.524775 1 0.104688 0.529279 1 0.193750 0.610360 1 0.106250 0.655405 1
0 0.744625 0.424178 0.067938 0.387905 0.728125 0.263514 1 0.734375 0.256757 1 0.723437 0.256757 1 0.748437 0.265766 1 0.000000 0.000000 0 0.754687 0.308559 1 0.715625 0.308559 1 0.778125 0.355856 1 0.000000 0.000000 0 0.759375 0.371622 1 0.000000 0.000000 0 0.750000 0.412162 1 0.720313 0.412162 1 0.751563 0.515766 1 0.721875 0.520270 1 0.751563 0.599099 1 0.734375 0.574324 1
0 0.835867 0.526047 0.134453 0.594167 0.820312 0.279279 1 0.828125 0.270270 1 0.812500 0.270270 1 0.842187 0.272523 1 0.000000 0.000000 0 0.871875 0.333333 1 0.789062 0.337838 1 0.889062 0.425676 1 0.782813 0.427928 1 0.893750 0.500000 1 0.773438 0.506757 1 0.854688 0.500000 1 0.806250 0.500000 1 0.848437 0.650901 1 0.810937 0.657658 1 0.846875 0.777027 1 0.839063 0.713964 1
0 0.877422 0.342218 0.077750 0.305473 0.857812 0.240991 1 0.865625 0.234234 1 0.853125 0.234234 1 0.878125 0.243243 1 0.000000 0.000000 0 0.890625 0.301802 1 0.829688 0.297297 1 0.906250 0.391892 1 0.000000 0.000000 0 0.906250 0.461712 1 0.000000 0.000000 0 0.878125 0.448198 1 0.837500 0.450450 1 0.875000 0.540541 1 0.000000 0.000000 0 0.867188 0.644144 1 0.000000 0.000000 0
0 0.826805 0.197624 0.027797 0.053806 0.000000 0.000000 0 0.000000 0.000000 0 0.000000 0.000000 0 0.000000 0.000000 0 0.000000 0.000000 0 0.000000 0.000000 0 0.000000 0.000000 0 0.000000 0.000000 0 0.000000 0.000000 0 0.000000 0.000000 0 0.000000 0.000000 0 0.000000 0.000000 0 0.000000 0.000000 0 0.000000 0.000000 0 0.000000 0.000000 0 0.000000 0.000000 0 0.000000 0.000000 0
0 0.667102 0.284291 0.130766 0.261014 0.657813 0.207207 1 0.667188 0.198198 1 0.646875 0.195946 1 0.673438 0.202703 1 0.634375 0.204955 1 0.682813 0.261261 1 0.623437 0.268018 1 0.717187 0.360360 1 0.000000 0.000000 0 0.687500 0.389640 1 0.000000 0.000000 0 0.670312 0.418919 1 0.640625 0.423423 1 0.000000 0.000000 0 0.000000 0.000000 0 0.000000 0.000000 0 0.000000 0.000000 0
0 0.318883 0.263277 0.058266 0.181734 0.304688 0.195946 1 0.307812 0.191441 1 0.303125 0.191441 1 0.314063 0.195946 1 0.000000 0.000000 0 0.320312 0.218468 1 0.296875 0.220721 1 0.328125 0.240991 1 0.000000 0.000000 0 0.320312 0.250000 1 0.290625 0.243243 1 0.318750 0.270270 1 0.300000 0.270270 1 0.318750 0.301802 1 0.296875 0.301802 1 0.323437 0.333333 1 0.000000 0.000000 0
0 0.984016 0.389662 0.031969 0.299505 0.000000 0.000000 0 0.000000 0.000000 0 0.000000 0.000000 0 0.000000 0.000000 0 0.000000 0.000000 0 0.000000 0.000000 0 0.990625 0.301802 1 0.000000 0.000000 0 0.970313 0.362613 1 0.000000 0.000000 0 0.975000 0.362613 1 0.000000 0.000000 0 0.993750 0.403153 1 0.000000 0.000000 0 0.990625 0.506757 1 0.000000 0.000000 0 0.000000 0.000000 0
0 0.185125 0.340698 0.060281 0.342838 0.167187 0.204955 1 0.170313 0.202703 1 0.167187 0.200450 1 0.185938 0.204955 1 0.000000 0.000000 0 0.200000 0.240991 1 0.164062 0.240991 1 0.212500 0.283784 1 0.000000 0.000000 0 0.000000 0.000000 0 0.000000 0.000000 0 0.187500 0.317568 1 0.164062 0.317568 1 0.187500 0.398649 1 0.178125 0.403153 1 0.190625 0.475225 1 0.185938 0.472973 1