0 0.165961 0.614456 0.224516 0.770669 0.215625 0.328452 1 0.231250 0.305439 1 0.196875 0.305439 1 0.253125 0.309623 1 0.162500 0.309623 1 0.250000 0.412134 1 0.125000 0.420502 1 0.245312 0.552301 1 0.078125 0.610879 1 0.254688 0.663180 1 0.110937 0.792887 1 0.225000 0.746862 1 0.150000 0.761506 1 0.218750 0.970711 1 0.157812 0.987448 1 0.000000 0.000000 0 0.000000 0.000000 0
0 0.759898 0.472584 0.153578 0.266841 0.742188 0.405858 1 0.746875 0.395397 1 0.734375 0.397490 1 0.759375 0.384937 1 0.723437 0.391213 1 0.779687 0.437238 1 0.706250 0.445607 1 0.826562 0.479079 1 0.690625 0.506276 1 0.803125 0.504184 1 0.704688 0.502092 1 0.775000 0.600418 1 0.717187 0.600418 1 0.000000 0.000000 0 0.726562 0.707113 1 0.000000 0.000000 0 0.000000 0.000000 0
0 0.603883 0.633504 0.139922 0.644331 0.640625 0.384937 1 0.000000 0.000000 0 0.640625 0.368201 1 0.000000 0.000000 0 0.628125 0.378661 1 0.570312 0.416318 1 0.637500 0.445607 1 0.000000 0.000000 0 0.660937 0.514644 1 0.000000 0.000000 0 0.000000 0.000000 0 0.568750 0.610879 1 0.614062 0.627615 1 0.559375 0.740586 1 0.617188 0.771967 1 0.548438 0.868201 1 0.614062 0.912134 1
0 0.295445 0.500230 0.060953 0.360293 0.312500 0.351464 1 0.312500 0.343096 1 0.304688 0.345188 1 0.000000 0.000000 0 0.289062 0.349372 1 0.000000 0.000000 0 0.289062 0.395397 1 0.000000 0.000000 0 0.292187 0.449791 1 0.310937 0.493724 1 0.303125 0.497908 1 0.281250 0.491632 1 0.285938 0.481172 1 0.287500 0.583682 1 0.300000 0.575314 1 0.284375 0.644351 1 0.290625 0.652720 1
0 0.563930 0.559686 0.107422 0.571046 0.000000 0.000000 0 0.000000 0.000000 0 0.000000 0.000000 0 0.000000 0.000000 0 0.584375 0.332636 1 0.553125 0.384937 1 0.548438 0.387029 1 0.000000 0.000000 0 0.521875 0.483264 1 0.000000 0.000000 0 0.000000 0.000000 0 0.548438 0.552301 1 0.550000 0.558577 1 0.545312 0.656904 1 0.546875 0.669456 1 0.539062 0.801255 1 0.528125 0.822176 1
0 0.896047 0.447594 0.132750 0.209205 0.895312 0.380753 1 0.903125 0.376569 1 0.887500 0.374477 1 0.914062 0.389121 1 0.878125 0.389121 1 0.931250 0.445607 1 0.862500 0.433054 1 0.948438 0.489540 1 0.837500 0.485356 1 0.921875 0.433054 1 0.862500 0.443515 1 0.909375 0.596234 1 0.865625 0.592050 1 0.000000 0.000000 0 0.000000 0.000000 0 0.000000 0.000000 0 0.000000 0.000000 0
0 0.384344 0.494383 0.070500 0.260690 0.000000 0.000000 0 0.000000 0.000000 0 0.000000 0.000000 0 0.371875 0.391213 1 0.385937 0.391213 1 0.359375 0.418410 1 0.393750 0.418410 1 0.354687 0.458159 1 0.398438 0.460251 1 0.000000 0.000000 0 0.000000 0.000000 0 0.365625 0.495816 1 0.387500 0.495816 1 0.370312 0.552301 1 0.389062 0.552301 1 0.371875 0.610879 1 0.395313 0.604603 1
0 0.490117 0.417824 0.047047 0.108577 0.000000 0.000000 0 0.000000 0.000000 0 0.000000 0.000000 0 0.000000 0.000000 0 0.000000 0.000000 0 0.000000 0.000000 0 0.000000 0.000000 0 0.000000 0.000000 0 0.000000 0.000000 0 0.000000 0.000000 0 0.000000 0.000000 0 0.000000 0.000000 0 0.000000 0.000000 0 0.000000 0.000000 0 0.000000 0.000000 0 0.000000 0.000000 0 0.000000 0.000000 0
0 0.670961 0.443222 0.025359 0.105188 0.000000 0.000000 0 0.000000 0.000000 0 0.000000 0.000000 0 0.000000 0.000000 0 0.000000 0.000000 0 0.000000 0.000000 0 0.000000 0.000000 0 0.000000 0.000000 0 0.000000 0.000000 0 0.000000 0.000000 0 0.000000 0.000000 0 0.000000 0.000000 0 0.000000 0.000000 0 0.000000 0.000000 0 0.000000 0.000000 0 0.000000 0.000000 0 0.000000 0.000000 0
0 0.402172 0.465565 0.028719 0.253347 0.000000 0.000000 0 0.000000 0.000000 0 0.000000 0.000000 0 0.000000 0.000000 0 0.000000 0.000000 0 0.000000 0.000000 0 0.000000 0.000000 0 0.000000 0.000000 0 0.000000 0.000000 0 0.000000 0.000000 0 0.000000 0.000000 0 0.000000 0.000000 0 0.000000 0.000000 0 0.000000 0.000000 0 0.000000 0.000000 0 0.000000 0.000000 0 0.000000 0.000000 0
0 0.375664 0.471904 0.066234 0.279958 0.000000 0.000000 0 0.000000 0.000000 0 0.000000 0.000000 0 0.000000 0.000000 0 0.385937 0.389121 1 0.357812 0.412134 1 0.392188 0.414226 1 0.351562 0.453975 1 0.396875 0.453975 1 0.368750 0.456067 1 0.000000 0.000000 0 0.364063 0.476987 1 0.387500 0.481172 1 0.368750 0.543933 1 0.390625 0.543933 1 0.368750 0.602510 1 0.392188 0.598326 1