0 0.919844 0.369052 0.114344 0.551562 0.885938 0.150000 1 0.890625 0.141667 1 0.000000 0.000000 0 0.910937 0.145833 1 0.000000 0.000000 0 0.923438 0.208333 1 0.935937 0.191667 1 0.875000 0.262500 1 0.962500 0.268750 1 0.868750 0.191667 1 0.000000 0.000000 0 0.917188 0.370833 1 0.910937 0.370833 1 0.921875 0.493750 1 0.909375 0.493750 1 0.932813 0.622917 1 0.923438 0.618750 1
0 0.806461 0.354521 0.139891 0.524792 0.801562 0.145833 1 0.807813 0.135417 1 0.793750 0.135417 1 0.820312 0.137500 1 0.784375 0.137500 1 0.842187 0.202083 1 0.764062 0.206250 1 0.857812 0.275000 1 0.750000 0.279167 1 0.865625 0.350000 1 0.746875 0.350000 1 0.832812 0.341667 1 0.773438 0.343750 1 0.837500 0.466667 1 0.771875 0.466667 1 0.843750 0.600000 1 0.773438 0.589583 1
0 0.678531 0.168427 0.166469 0.174896 0.665625 0.122917 1 0.671875 0.114583 1 0.659375 0.112500 1 0.689063 0.120833 1 0.000000 0.000000 0 0.717187 0.177083 1 0.628125 0.175000 1 0.745313 0.247917 1 0.601562 0.233333 1 0.732812 0.331250 1 0.621875 0.304167 1 0.692187 0.335417 1 0.642188 0.337500 1 0.000000 0.000000 0 0.000000 0.000000 0 0.000000 0.000000 0 0.000000 0.000000 0
0 0.540641 0.180760 0.119406 0.266813 0.503125 0.100000 1 0.510938 0.091667 1 0.503125 0.091667 1 0.534375 0.089583 1 0.000000 0.000000 0 0.570312 0.152083 1 0.493750 0.152083 1 0.584375 0.227083 1 0.000000 0.000000 0 0.584375 0.293750 1 0.000000 0.000000 0 0.556250 0.316667 1 0.496875 0.318750 1 0.000000 0.000000 0 0.000000 0.000000 0 0.000000 0.000000 0 0.000000 0.000000 0
0 0.435625 0.224698 0.131312 0.307146 0.428125 0.133333 1 0.439063 0.120833 1 0.423438 0.120833 1 0.459375 0.116667 1 0.000000 0.000000 0 0.489063 0.177083 1 0.407813 0.187500 1 0.473438 0.185417 1 0.385937 0.245833 1 0.446875 0.122917 1 0.389062 0.293750 1 0.467187 0.360417 1 0.417187 0.368750 1 0.464062 0.481250 1 0.420312 0.485417 1 0.000000 0.000000 0 0.000000 0.000000 0
0 0.308094 0.244458 0.123813 0.425667 0.289062 0.087500 1 0.293750 0.075000 1 0.000000 0.000000 0 0.317188 0.075000 1 0.000000 0.000000 0 0.335938 0.147917 1 0.337500 0.125000 1 0.292187 0.233333 1 0.000000 0.000000 0 0.212500 0.229167 1 0.282813 0.216667 1 0.332813 0.306250 1 0.000000 0.000000 0 0.328125 0.450000 1 0.000000 0.000000 0 0.000000 0.000000 0 0.000000 0.000000 0
0 0.218750 0.137385 0.103031 0.137396 0.204687 0.122917 1 0.210938 0.112500 1 0.201563 0.114583 1 0.231250 0.110417 1 0.000000 0.000000 0 0.251563 0.168750 1 0.179688 0.164583 1 0.271875 0.225000 1 0.000000 0.000000 0 0.240625 0.227083 1 0.000000 0.000000 0 0.232813 0.272917 1 0.185938 0.268750 1 0.000000 0.000000 0 0.000000 0.000000 0 0.000000 0.000000 0 0.000000 0.000000 0
0 0.103422 0.168427 0.163125 0.206271 0.000000 0.000000 0 0.000000 0.000000 0 0.000000 0.000000 0 0.096875 0.116667 1 0.129688 0.120833 1 0.059375 0.175000 1 0.143750 0.172917 1 0.032813 0.254167 1 0.000000 0.000000 0 0.000000 0.000000 0 0.000000 0.000000 0 0.067187 0.322917 1 0.126562 0.320833 1 0.000000 0.000000 0 0.000000 0.000000 0 0.000000 0.000000 0 0.000000 0.000000 0
0 0.842859 0.124635 0.019625 0.079438 0.000000 0.000000 0 0.000000 0.000000 0 0.000000 0.000000 0 0.000000 0.000000 0 0.000000 0.000000 0 0.000000 0.000000 0 0.000000 0.000000 0 0.000000 0.000000 0 0.000000 0.000000 0 0.000000 0.000000 0 0.000000 0.000000 0 0.000000 0.000000 0 0.000000 0.000000 0 0.000000 0.000000 0 0.000000 0.000000 0 0.000000 0.000000 0 0.000000 0.000000 0
0 0.722016 0.122781 0.023531 0.083271 0.000000 0.000000 0 0.000000 0.000000 0 0.000000 0.000000 0 0.000000 0.000000 0 0.000000 0.000000 0 0.000000 0.000000 0 0.000000 0.000000 0 0.000000 0.000000 0 0.000000 0.000000 0 0.000000 0.000000 0 0.000000 0.000000 0 0.000000 0.000000 0 0.000000 0.000000 0 0.000000 0.000000 0 0.000000 0.000000 0 0.000000 0.000000 0 0.000000 0.000000 0
0 0.609133 0.125760 0.015391 0.085104 0.000000 0.000000 0 0.000000 0.000000 0 0.000000 0.000000 0 0.000000 0.000000 0 0.000000 0.000000 0 0.000000 0.000000 0 0.000000 0.000000 0 0.000000 0.000000 0 0.000000 0.000000 0 0.000000 0.000000 0 0.000000 0.000000 0 0.000000 0.000000 0 0.000000 0.000000 0 0.000000 0.000000 0 0.000000 0.000000 0 0.000000 0.000000 0 0.000000 0.000000 0
0 0.742492 0.121938 0.020453 0.087167 0.000000 0.000000 0 0.000000 0.000000 0 0.000000 0.000000 0 0.000000 0.000000 0 0.000000 0.000000 0 0.000000 0.000000 0 0.000000 0.000000 0 0.000000 0.000000 0 0.000000 0.000000 0 0.000000 0.000000 0 0.000000 0.000000 0 0.000000 0.000000 0 0.000000 0.000000 0 0.000000 0.000000 0 0.000000 0.000000 0 0.000000 0.000000 0 0.000000 0.000000 0
0 0.017031 0.228302 0.034063 0.247646 0.000000 0.000000 0 0.000000 0.000000 0 0.000000 0.000000 0 0.000000 0.000000 0 0.000000 0.000000 0 0.010937 0.125000 1 0.000000 0.000000 0 0.025000 0.193750 1 0.000000 0.000000 0 0.032813 0.247917 1 0.000000 0.000000 0 0.000000 0.000000 0 0.000000 0.000000 0 0.000000 0.000000 0 0.000000 0.000000 0 0.000000 0.000000 0 0.000000 0.000000 0