0 0.482492 0.448762 0.222922 0.807617 0.573438 0.161215 1 0.000000 0.000000 0 0.575000 0.135514 1 0.000000 0.000000 0 0.550000 0.116822 1 0.459375 0.170561 1 0.542188 0.177570 1 0.423438 0.280374 1 0.559375 0.315421 1 0.453125 0.371495 1 0.556250 0.385514 1 0.425000 0.401869 1 0.468750 0.404206 1 0.421875 0.619159 1 0.467187 0.621495 1 0.417187 0.794393 1 0.468750 0.808411 1
0 0.229352 0.579498 0.146891 0.508154 0.229687 0.390187 1 0.240625 0.378505 1 0.220312 0.376168 1 0.246875 0.394860 1 0.203125 0.385514 1 0.237500 0.434579 1 0.198437 0.432243 1 0.271875 0.509346 1 0.207813 0.511682 1 0.228125 0.535047 1 0.242188 0.500000 1 0.243750 0.563084 1 0.206250 0.565421 1 0.289062 0.647196 1 0.257812 0.637850 1 0.267188 0.785047 1 0.235937 0.775701 1
0 0.709109 0.482734 0.094844 0.450000 0.704688 0.294393 1 0.710938 0.287383 1 0.700000 0.287383 1 0.723437 0.294393 1 0.000000 0.000000 0 0.737500 0.352804 1 0.692187 0.345794 1 0.745313 0.427570 1 0.675000 0.418224 1 0.696875 0.413551 1 0.665625 0.411215 1 0.710938 0.481308 1 0.681250 0.474299 1 0.714063 0.579439 1 0.681250 0.577103 1 0.712500 0.719626 1 0.690625 0.717290 1
0 0.902961 0.493096 0.191297 0.981986 0.000000 0.000000 0 0.000000 0.000000 0 0.000000 0.000000 0 0.000000 0.000000 0 0.000000 0.000000 0 0.000000 0.000000 0 0.000000 0.000000 0 0.000000 0.000000 0 0.000000 0.000000 0 0.890625 0.285047 1 0.000000 0.000000 0 0.000000 0.000000 0 0.000000 0.000000 0 0.000000 0.000000 0 0.000000 0.000000 0 0.000000 0.000000 0 0.000000 0.000000 0
0 0.295047 0.430841 0.079813 0.286589 0.285938 0.331776 1 0.290625 0.322430 1 0.284375 0.324766 1 0.298438 0.322430 1 0.000000 0.000000 0 0.318750 0.350467 1 0.278125 0.343458 1 0.323437 0.406542 1 0.262500 0.376168 1 0.298438 0.401869 1 0.265625 0.392523 1 0.303125 0.446262 1 0.278125 0.441589 1 0.296875 0.539720 1 0.273438 0.532710 1 0.304688 0.593458 1 0.273438 0.595794 1
0 0.647398 0.374685 0.043984 0.159416 0.000000 0.000000 0 0.000000 0.000000 0 0.000000 0.000000 0 0.000000 0.000000 0 0.000000 0.000000 0 0.640625 0.357477 1 0.604688 0.355140 1 0.646875 0.429907 1 0.000000 0.000000 0 0.000000 0.000000 0 0.000000 0.000000 0 0.000000 0.000000 0 0.000000 0.000000 0 0.000000 0.000000 0 0.000000 0.000000 0 0.000000 0.000000 0 0.000000 0.000000 0
0 0.034563 0.352114 0.069125 0.233715 0.018750 0.266355 1 0.025000 0.259346 1 0.012500 0.261682 1 0.034375 0.266355 1 0.000000 0.000000 0 0.053125 0.317757 1 0.000000 0.000000 0 0.059375 0.387850 1 0.000000 0.000000 0 0.054688 0.441589 1 0.000000 0.000000 0 0.037500 0.441589 1 0.000000 0.000000 0 0.000000 0.000000 0 0.000000 0.000000 0 0.000000 0.000000 0 0.000000 0.000000 0
0 0.824945 0.530864 0.027234 0.081963 0.000000 0.000000 0 0.000000 0.000000 0 0.000000 0.000000 0 0.000000 0.000000 0 0.000000 0.000000 0 0.000000 0.000000 0 0.000000 0.000000 0 0.000000 0.000000 0 0.000000 0.000000 0 0.000000 0.000000 0 0.000000 0.000000 0 0.000000 0.000000 0 0.000000 0.000000 0 0.000000 0.000000 0 0.000000 0.000000 0 0.000000 0.000000 0 0.000000 0.000000 0
0 0.798523 0.520783 0.030266 0.049276 0.000000 0.000000 0 0.000000 0.000000 0 0.000000 0.000000 0 0.000000 0.000000 0 0.000000 0.000000 0 0.000000 0.000000 0 0.000000 0.000000 0 0.000000 0.000000 0 0.000000 0.000000 0 0.000000 0.000000 0 0.000000 0.000000 0 0.000000 0.000000 0 0.000000 0.000000 0 0.000000 0.000000 0 0.000000 0.000000 0 0.000000 0.000000 0 0.000000 0.000000 0
0 0.756391 0.491717 0.062406 0.421051 0.731250 0.317757 1 0.734375 0.308411 1 0.726562 0.308411 1 0.750000 0.315421 1 0.000000 0.000000 0 0.759375 0.366822 1 0.725000 0.369159 1 0.776563 0.427570 1 0.000000 0.000000 0 0.743750 0.460280 1 0.000000 0.000000 0 0.743750 0.488318 1 0.000000 0.000000 0 0.739062 0.581776 1 0.000000 0.000000 0 0.739062 0.696262 1 0.000000 0.000000 0
0 0.371586 0.489603 0.061172 0.319159 0.000000 0.000000 0 0.000000 0.000000 0 0.000000 0.000000 0 0.000000 0.000000 0 0.360938 0.350467 1 0.375000 0.383178 1 0.351562 0.383178 1 0.000000 0.000000 0 0.382812 0.418224 1 0.000000 0.000000 0 0.414062 0.420561 1 0.371875 0.471963 1 0.359375 0.464953 1 0.382812 0.563084 1 0.362500 0.549065 1 0.389062 0.623832 1 0.351562 0.609813 1
0 0.570117 0.452325 0.118109 0.675210 0.568750 0.182243 1 0.578125 0.172897 1 0.000000 0.000000 0 0.603125 0.172897 1 0.000000 0.000000 0 0.587500 0.242991 1 0.601562 0.233645 1 0.000000 0.000000 0 0.000000 0.000000 0 0.000000 0.000000 0 0.000000 0.000000 0 0.570312 0.441589 1 0.593750 0.443925 1 0.559375 0.602804 1 0.578125 0.600467 1 0.567187 0.771028 1 0.582812 0.768692 1
0 0.674828 0.358435 0.046906 0.088318 0.000000 0.000000 0 0.000000 0.000000 0 0.000000 0.000000 0 0.000000 0.000000 0 0.000000 0.000000 0 0.000000 0.000000 0 0.000000 0.000000 0 0.000000 0.000000 0 0.000000 0.000000 0 0.000000 0.000000 0 0.000000 0.000000 0 0.000000 0.000000 0 0.000000 0.000000 0 0.000000 0.000000 0 0.000000 0.000000 0 0.000000 0.000000 0 0.000000 0.000000 0