0 0.361555 0.437073 0.124078 0.460468 0.350000 0.259953 1 0.000000 0.000000 0 0.345313 0.250585 1 0.000000 0.000000 0 0.321875 0.259953 1 0.320312 0.309133 1 0.315625 0.304450 1 0.000000 0.000000 0 0.331250 0.398126 1 0.000000 0.000000 0 0.384375 0.409836 1 0.326562 0.468384 1 0.325000 0.482436 1 0.000000 0.000000 0 0.407813 0.512881 1 0.000000 0.000000 0 0.354687 0.622951 1
0 0.482203 0.362084 0.142312 0.340468 0.495312 0.257611 1 0.000000 0.000000 0 0.492188 0.250585 1 0.000000 0.000000 0 0.479687 0.252927 1 0.000000 0.000000 0 0.462500 0.297424 1 0.000000 0.000000 0 0.484375 0.348946 1 0.000000 0.000000 0 0.535937 0.391101 1 0.000000 0.000000 0 0.442188 0.435597 1 0.000000 0.000000 0 0.498437 0.489461 1 0.000000 0.000000 0 0.000000 0.000000 0
0 0.649781 0.343162 0.054812 0.224965 0.656250 0.259953 1 0.657813 0.255269 1 0.654687 0.255269 1 0.000000 0.000000 0 0.000000 0.000000 0 0.000000 0.000000 0 0.646875 0.281030 1 0.000000 0.000000 0 0.639062 0.306792 1 0.668750 0.318501 1 0.650000 0.311475 1 0.000000 0.000000 0 0.643750 0.346604 1 0.000000 0.000000 0 0.640625 0.393443 1 0.000000 0.000000 0 0.631250 0.435597 1
0 0.129484 0.298489 0.054688 0.158759 0.128125 0.243560 1 0.131250 0.241218 1 0.128125 0.238876 1 0.140625 0.245902 1 0.000000 0.000000 0 0.148438 0.269321 1 0.117188 0.269321 1 0.153125 0.295082 1 0.107813 0.292740 1 0.156250 0.311475 1 0.118750 0.306792 1 0.140625 0.311475 1 0.125000 0.311475 1 0.151562 0.344262 1 0.114062 0.346604 1 0.148438 0.370023 1 0.114062 0.374707 1
0 0.198703 0.262670 0.043906 0.066464 0.000000 0.000000 0 0.000000 0.000000 0 0.000000 0.000000 0 0.000000 0.000000 0 0.000000 0.000000 0 0.000000 0.000000 0 0.000000 0.000000 0 0.000000 0.000000 0 0.000000 0.000000 0 0.000000 0.000000 0 0.000000 0.000000 0 0.000000 0.000000 0 0.000000 0.000000 0 0.000000 0.000000 0 0.000000 0.000000 0 0.000000 0.000000 0 0.000000 0.000000 0
0 0.227469 0.337131 0.042937 0.199930 0.000000 0.000000 0 0.000000 0.000000 0 0.000000 0.000000 0 0.000000 0.000000 0 0.000000 0.000000 0 0.000000 0.000000 0 0.000000 0.000000 0 0.000000 0.000000 0 0.000000 0.000000 0 0.000000 0.000000 0 0.000000 0.000000 0 0.000000 0.000000 0 0.000000 0.000000 0 0.000000 0.000000 0 0.000000 0.000000 0 0.000000 0.000000 0 0.000000 0.000000 0
0 0.284961 0.428431 0.126109 0.435269 0.312500 0.269321 1 0.000000 0.000000 0 0.303125 0.259953 1 0.000000 0.000000 0 0.281250 0.269321 1 0.281250 0.313817 1 0.265625 0.320843 1 0.268750 0.386417 1 0.234375 0.381733 1 0.289062 0.419204 1 0.242188 0.428571 1 0.260937 0.442623 1 0.246875 0.449649 1 0.326562 0.496487 1 0.310937 0.510539 1 0.309375 0.585480 1 0.278125 0.597190 1
0 0.625117 0.327272 0.032547 0.180632 0.632812 0.252927 1 0.632812 0.248244 1 0.628125 0.250585 1 0.000000 0.000000 0 0.623437 0.252927 1 0.639062 0.269321 1 0.609375 0.274005 1 0.000000 0.000000 0 0.614062 0.304450 1 0.000000 0.000000 0 0.635938 0.299766 1 0.639062 0.323185 1 0.625000 0.325527 1 0.000000 0.000000 0 0.621875 0.365340 1 0.000000 0.000000 0 0.617188 0.405152 1
0 0.157891 0.300480 0.077938 0.155059 0.157812 0.252927 1 0.157812 0.245902 1 0.154688 0.245902 1 0.000000 0.000000 0 0.148438 0.250585 1 0.167187 0.269321 1 0.146875 0.269321 1 0.189062 0.302108 1 0.129688 0.290398 1 0.176563 0.311475 1 0.140625 0.313817 1 0.167187 0.311475 1 0.153125 0.313817 1 0.185938 0.337237 1 0.143750 0.344262 1 0.185938 0.374707 1 0.145313 0.372365 1
0 0.178781 0.244602 0.027125 0.054215 0.000000 0.000000 0 0.000000 0.000000 0 0.000000 0.000000 0 0.000000 0.000000 0 0.000000 0.000000 0 0.000000 0.000000 0 0.000000 0.000000 0 0.000000 0.000000 0 0.000000 0.000000 0 0.000000 0.000000 0 0.000000 0.000000 0 0.000000 0.000000 0 0.000000 0.000000 0 0.000000 0.000000 0 0.000000 0.000000 0 0.000000 0.000000 0 0.000000 0.000000 0
0 0.017070 0.275433 0.034141 0.195738 0.000000 0.000000 0 0.000000 0.000000 0 0.000000 0.000000 0 0.003125 0.206089 1 0.000000 0.000000 0 0.012500 0.238876 1 0.026562 0.224824 1 0.010937 0.283372 1 0.000000 0.000000 0 0.004687 0.311475 1 0.000000 0.000000 0 0.015625 0.320843 1 0.029687 0.309133 1 0.006250 0.377049 1 0.000000 0.000000 0 0.018750 0.433255 1 0.000000 0.000000 0
0 0.097602 0.253829 0.025953 0.066674 0.000000 0.000000 0 0.000000 0.000000 0 0.000000 0.000000 0 0.000000 0.000000 0 0.000000 0.000000 0 0.000000 0.000000 0 0.000000 0.000000 0 0.000000 0.000000 0 0.000000 0.000000 0 0.000000 0.000000 0 0.000000 0.000000 0 0.000000 0.000000 0 0.000000 0.000000 0 0.000000 0.000000 0 0.000000 0.000000 0 0.000000 0.000000 0 0.000000 0.000000 0
0 0.075898 0.298232 0.037828 0.168876 0.000000 0.000000 0 0.000000 0.000000 0 0.000000 0.000000 0 0.000000 0.000000 0 0.000000 0.000000 0 0.000000 0.000000 0 0.000000 0.000000 0 0.000000 0.000000 0 0.000000 0.000000 0 0.000000 0.000000 0 0.000000 0.000000 0 0.000000 0.000000 0 0.000000 0.000000 0 0.000000 0.000000 0 0.000000 0.000000 0 0.000000 0.000000 0 0.000000 0.000000 0