0 0.896578 0.421347 0.137937 0.564052 0.914062 0.189696 1 0.915625 0.177986 1 0.906250 0.180328 1 0.000000 0.000000 0 0.885938 0.189696 1 0.915625 0.231850 1 0.867188 0.227166 1 0.940625 0.313817 1 0.848437 0.313817 1 0.923438 0.330211 1 0.890625 0.337237 1 0.910937 0.398126 1 0.881250 0.398126 1 0.928125 0.529274 1 0.873437 0.533958 1 0.925000 0.651054 1 0.881250 0.660422 1
0 0.778086 0.141148 0.035047 0.145902 0.000000 0.000000 0 0.000000 0.000000 0 0.000000 0.000000 0 0.000000 0.000000 0 0.000000 0.000000 0 0.000000 0.000000 0 0.000000 0.000000 0 0.000000 0.000000 0 0.000000 0.000000 0 0.000000 0.000000 0 0.000000 0.000000 0 0.000000 0.000000 0 0.000000 0.000000 0 0.000000 0.000000 0 0.000000 0.000000 0 0.000000 0.000000 0 0.000000 0.000000 0
0 0.676203 0.156522 0.063125 0.117119 0.650000 0.147541 1 0.650000 0.140515 1 0.000000 0.000000 0 0.660937 0.138173 1 0.000000 0.000000 0 0.689063 0.152225 1 0.665625 0.156909 1 0.675000 0.213115 1 0.656250 0.215457 1 0.646875 0.222482 1 0.650000 0.234192 1 0.000000 0.000000 0 0.000000 0.000000 0 0.000000 0.000000 0 0.000000 0.000000 0 0.000000 0.000000 0 0.000000 0.000000 0
0 0.709937 0.135199 0.040906 0.146604 0.000000 0.000000 0 0.000000 0.000000 0 0.000000 0.000000 0 0.000000 0.000000 0 0.000000 0.000000 0 0.000000 0.000000 0 0.000000 0.000000 0 0.000000 0.000000 0 0.000000 0.000000 0 0.000000 0.000000 0 0.000000 0.000000 0 0.000000 0.000000 0 0.000000 0.000000 0 0.000000 0.000000 0 0.000000 0.000000 0 0.000000 0.000000 0 0.000000 0.000000 0
0 0.168719 0.286546 0.098375 0.303958 0.171875 0.156909 1 0.000000 0.000000 0 0.165625 0.156909 1 0.000000 0.000000 0 0.154688 0.168618 1 0.175000 0.189696 1 0.146875 0.203747 1 0.185938 0.220141 1 0.125000 0.250585 1 0.173437 0.236534 1 0.143750 0.234192 1 0.000000 0.000000 0 0.000000 0.000000 0 0.000000 0.000000 0 0.000000 0.000000 0 0.000000 0.000000 0 0.000000 0.000000 0
0 0.380820 0.393817 0.218891 0.620234 0.373437 0.189696 1 0.382812 0.180328 1 0.365625 0.173302 1 0.401562 0.180328 1 0.337500 0.161593 1 0.418750 0.227166 1 0.314063 0.234192 1 0.435937 0.306792 1 0.292187 0.339578 1 0.470313 0.344262 1 0.000000 0.000000 0 0.387500 0.388759 1 0.329688 0.381733 1 0.000000 0.000000 0 0.296875 0.468384 1 0.000000 0.000000 0 0.298438 0.620609 1
0 0.625695 0.276803 0.061766 0.355574 0.600000 0.133489 1 0.000000 0.000000 0 0.000000 0.000000 0 0.609375 0.133489 1 0.000000 0.000000 0 0.626563 0.159251 1 0.609375 0.163934 1 0.629687 0.210773 1 0.603125 0.206089 1 0.614062 0.248244 1 0.609375 0.210773 1 0.643750 0.257611 1 0.625000 0.257611 1 0.650000 0.325527 1 0.625000 0.323185 1 0.650000 0.412178 1 0.626563 0.412178 1
0 0.583859 0.078724 0.049375 0.083536 0.000000 0.000000 0 0.000000 0.000000 0 0.000000 0.000000 0 0.000000 0.000000 0 0.000000 0.000000 0 0.000000 0.000000 0 0.000000 0.000000 0 0.000000 0.000000 0 0.000000 0.000000 0 0.000000 0.000000 0 0.000000 0.000000 0 0.000000 0.000000 0 0.000000 0.000000 0 0.000000 0.000000 0 0.000000 0.000000 0 0.000000 0.000000 0 0.000000 0.000000 0
0 0.538391 0.146148 0.062656 0.144520 0.521875 0.117096 1 0.526563 0.107728 1 0.523438 0.110070 1 0.540625 0.110070 1 0.000000 0.000000 0 0.557813 0.154567 1 0.528125 0.159251 1 0.540625 0.208431 1 0.525000 0.203747 1 0.510938 0.224824 1 0.504687 0.213115 1 0.000000 0.000000 0 0.000000 0.000000 0 0.000000 0.000000 0 0.000000 0.000000 0 0.000000 0.000000 0 0.000000 0.000000 0
0 0.518508 0.126745 0.030609 0.069040 0.000000 0.000000 0 0.000000 0.000000 0 0.000000 0.000000 0 0.000000 0.000000 0 0.000000 0.000000 0 0.000000 0.000000 0 0.000000 0.000000 0 0.000000 0.000000 0 0.000000 0.000000 0 0.000000 0.000000 0 0.000000 0.000000 0 0.000000 0.000000 0 0.000000 0.000000 0 0.000000 0.000000 0 0.000000 0.000000 0 0.000000 0.000000 0 0.000000 0.000000 0
0 0.241586 0.284274 0.073609 0.283958 0.246875 0.173302 1 0.254688 0.170960 1 0.000000 0.000000 0 0.267188 0.170960 1 0.000000 0.000000 0 0.270313 0.203747 1 0.246875 0.208431 1 0.251563 0.236534 1 0.228125 0.245902 1 0.226562 0.269321 1 0.218750 0.229508 1 0.282813 0.297424 1 0.260937 0.302108 1 0.246875 0.325527 1 0.217188 0.339578 1 0.264062 0.402810 1 0.246875 0.398126 1
0 0.472969 0.152424 0.088063 0.132014 0.000000 0.000000 0 0.000000 0.000000 0 0.000000 0.000000 0 0.000000 0.000000 0 0.000000 0.000000 0 0.506250 0.149883 1 0.467187 0.142857 1 0.000000 0.000000 0 0.448437 0.168618 1 0.000000 0.000000 0 0.437500 0.142857 1 0.490625 0.229508 1 0.475000 0.229508 1 0.000000 0.000000 0 0.000000 0.000000 0 0.000000 0.000000 0 0.000000 0.000000 0
0 0.747508 0.151452 0.065766 0.159672 0.721875 0.133489 1 0.726562 0.119438 1 0.000000 0.000000 0 0.745313 0.121780 1 0.000000 0.000000 0 0.750000 0.147541 1 0.740625 0.152225 1 0.751563 0.206089 1 0.740625 0.189696 1 0.720313 0.217799 1 0.707812 0.206089 1 0.000000 0.000000 0 0.000000 0.000000 0 0.000000 0.000000 0 0.000000 0.000000 0 0.000000 0.000000 0 0.000000 0.000000 0