0 0.333828 0.555597 0.153313 0.495176 0.400000 0.381733 1 0.000000 0.000000 0 0.396875 0.367681 1 0.000000 0.000000 0 0.368750 0.358314 1 0.334375 0.377049 1 0.325000 0.374707 1 0.000000 0.000000 0 0.307812 0.456674 1 0.382812 0.482436 1 0.298438 0.536300 1 0.276562 0.512881 1 0.268750 0.512881 1 0.367188 0.618267 1 0.342187 0.627635 1 0.292187 0.697892 1 0.301563 0.749415 1
0 0.522508 0.483150 0.235391 0.449438 0.520312 0.311475 1 0.523438 0.304450 1 0.514062 0.309133 1 0.531250 0.309133 1 0.503125 0.323185 1 0.551562 0.339578 1 0.493750 0.355972 1 0.587500 0.313817 1 0.464062 0.374707 1 0.618750 0.290398 1 0.421875 0.381733 1 0.542188 0.463700 1 0.515625 0.470726 1 0.529687 0.566745 1 0.506250 0.557377 1 0.539062 0.665105 1 0.551562 0.620609 1
0 0.276438 0.396124 0.054531 0.186909 0.257812 0.332553 1 0.260937 0.325527 1 0.000000 0.000000 0 0.268750 0.325527 1 0.000000 0.000000 0 0.275000 0.353630 1 0.000000 0.000000 0 0.275000 0.405152 1 0.000000 0.000000 0 0.257812 0.435597 1 0.000000 0.000000 0 0.271875 0.454333 1 0.000000 0.000000 0 0.000000 0.000000 0 0.000000 0.000000 0 0.000000 0.000000 0 0.000000 0.000000 0
0 0.225922 0.472693 0.064656 0.258407 0.220312 0.367681 1 0.223438 0.362998 1 0.215625 0.362998 1 0.000000 0.000000 0 0.210938 0.367681 1 0.234375 0.395785 1 0.203125 0.398126 1 0.250000 0.421546 1 0.206250 0.419204 1 0.240625 0.430913 1 0.223438 0.400468 1 0.232813 0.466042 1 0.209375 0.466042 1 0.235937 0.522248 1 0.215625 0.524590 1 0.243750 0.580796 1 0.220312 0.578454 1
0 0.110945 0.465164 0.050984 0.368548 0.131250 0.318501 1 0.000000 0.000000 0 0.128125 0.311475 1 0.000000 0.000000 0 0.000000 0.000000 0 0.115625 0.337237 1 0.106250 0.346604 1 0.000000 0.000000 0 0.107813 0.395785 1 0.000000 0.000000 0 0.134375 0.405152 1 0.118750 0.459016 1 0.107813 0.463700 1 0.118750 0.552693 1 0.107813 0.550351 1 0.118750 0.606557 1 0.107813 0.622951 1
0 0.150891 0.465222 0.055219 0.284824 0.000000 0.000000 0 0.000000 0.000000 0 0.000000 0.000000 0 0.000000 0.000000 0 0.000000 0.000000 0 0.165625 0.370023 1 0.135937 0.365340 1 0.171875 0.416862 1 0.000000 0.000000 0 0.171875 0.391101 1 0.000000 0.000000 0 0.150000 0.451991 1 0.131250 0.444965 1 0.151562 0.517564 1 0.129688 0.519906 1 0.150000 0.583138 1 0.129688 0.578454 1
0 0.684430 0.477225 0.022266 0.135574 0.000000 0.000000 0 0.000000 0.000000 0 0.000000 0.000000 0 0.000000 0.000000 0 0.000000 0.000000 0 0.000000 0.000000 0 0.000000 0.000000 0 0.000000 0.000000 0 0.000000 0.000000 0 0.000000 0.000000 0 0.000000 0.000000 0 0.000000 0.000000 0 0.000000 0.000000 0 0.000000 0.000000 0 0.000000 0.000000 0 0.000000 0.000000 0 0.000000 0.000000 0
0 0.708305 0.473677 0.020047 0.118923 0.000000 0.000000 0 0.000000 0.000000 0 0.000000 0.000000 0 0.000000 0.000000 0 0.000000 0.000000 0 0.000000 0.000000 0 0.000000 0.000000 0 0.000000 0.000000 0 0.000000 0.000000 0 0.000000 0.000000 0 0.000000 0.000000 0 0.000000 0.000000 0 0.000000 0.000000 0 0.000000 0.000000 0 0.000000 0.000000 0 0.000000 0.000000 0 0.000000 0.000000 0
0 0.620680 0.480176 0.017516 0.076557 0.000000 0.000000 0 0.000000 0.000000 0 0.000000 0.000000 0 0.000000 0.000000 0 0.000000 0.000000 0 0.000000 0.000000 0 0.000000 0.000000 0 0.000000 0.000000 0 0.000000 0.000000 0 0.000000 0.000000 0 0.000000 0.000000 0 0.000000 0.000000 0 0.000000 0.000000 0 0.000000 0.000000 0 0.000000 0.000000 0 0.000000 0.000000 0 0.000000 0.000000 0
0 0.608133 0.481534 0.010609 0.077541 0.000000 0.000000 0 0.000000 0.000000 0 0.000000 0.000000 0 0.000000 0.000000 0 0.000000 0.000000 0 0.000000 0.000000 0 0.000000 0.000000 0 0.000000 0.000000 0 0.000000 0.000000 0 0.000000 0.000000 0 0.000000 0.000000 0 0.000000 0.000000 0 0.000000 0.000000 0 0.000000 0.000000 0 0.000000 0.000000 0 0.000000 0.000000 0 0.000000 0.000000 0
0 0.471344 0.475141 0.021406 0.124660 0.000000 0.000000 0 0.000000 0.000000 0 0.000000 0.000000 0 0.000000 0.000000 0 0.000000 0.000000 0 0.000000 0.000000 0 0.000000 0.000000 0 0.000000 0.000000 0 0.000000 0.000000 0 0.000000 0.000000 0 0.000000 0.000000 0 0.000000 0.000000 0 0.000000 0.000000 0 0.000000 0.000000 0 0.000000 0.000000 0 0.000000 0.000000 0 0.000000 0.000000 0
0 0.673086 0.477611 0.017859 0.103888 0.000000 0.000000 0 0.000000 0.000000 0 0.000000 0.000000 0 0.000000 0.000000 0 0.000000 0.000000 0 0.000000 0.000000 0 0.000000 0.000000 0 0.000000 0.000000 0 0.000000 0.000000 0 0.000000 0.000000 0 0.000000 0.000000 0 0.000000 0.000000 0 0.000000 0.000000 0 0.000000 0.000000 0 0.000000 0.000000 0 0.000000 0.000000 0 0.000000 0.000000 0
0 0.397352 0.505632 0.052266 0.232717 0.000000 0.000000 0 0.000000 0.000000 0 0.000000 0.000000 0 0.000000 0.000000 0 0.000000 0.000000 0 0.398438 0.398126 1 0.381250 0.395785 1 0.400000 0.426230 1 0.000000 0.000000 0 0.382812 0.428571 1 0.000000 0.000000 0 0.392188 0.461358 1 0.381250 0.463700 1 0.389062 0.529274 1 0.384375 0.526932 1 0.387500 0.587822 1 0.393750 0.578454 1