0 0.126307 0.804975 0.147418 0.128382 0.000000 0.000000 0 0.000000 0.000000 0 0.000000 0.000000 0 0.000000 0.000000 0 0.000000 0.000000 0 0.140523 0.785948 1 0.168301 0.776144 1 0.133987 0.821895 1 0.000000 0.000000 0 0.114379 0.812092 1 0.000000 0.000000 0 0.147059 0.848039 1 0.169935 0.838235 1 0.106209 0.818627 1 0.124183 0.805556 1 0.081699 0.846405 1 0.000000 0.000000 0
0 0.334820 0.698007 0.062941 0.075359 0.000000 0.000000 0 0.000000 0.000000 0 0.000000 0.000000 0 0.000000 0.000000 0 0.000000 0.000000 0 0.000000 0.000000 0 0.000000 0.000000 0 0.000000 0.000000 0 0.000000 0.000000 0 0.000000 0.000000 0 0.000000 0.000000 0 0.000000 0.000000 0 0.000000 0.000000 0 0.000000 0.000000 0 0.000000 0.000000 0 0.000000 0.000000 0 0.000000 0.000000 0
0 0.811765 0.709649 0.095556 0.191127 0.802288 0.638889 1 0.805556 0.633987 1 0.797386 0.632353 1 0.821895 0.637255 1 0.000000 0.000000 0 0.839869 0.661765 1 0.785948 0.661765 1 0.848039 0.700980 1 0.769608 0.694444 1 0.816993 0.718954 1 0.799020 0.709150 1 0.828431 0.727124 1 0.795752 0.725490 1 0.848039 0.720588 1 0.776144 0.717320 1 0.830065 0.789216 1 0.782680 0.792484 1
0 0.604632 0.785008 0.146422 0.180539 0.586601 0.745098 1 0.596405 0.738562 1 0.580065 0.735294 1 0.616013 0.740196 1 0.575163 0.733660 1 0.643791 0.772876 1 0.552288 0.761438 1 0.663399 0.833333 1 0.537582 0.802288 1 0.604575 0.851307 1 0.000000 0.000000 0 0.624183 0.864379 1 0.553922 0.859477 1 0.000000 0.000000 0 0.000000 0.000000 0 0.000000 0.000000 0 0.000000 0.000000 0
0 0.280776 0.888464 0.169232 0.176928 0.000000 0.000000 0 0.000000 0.000000 0 0.000000 0.000000 0 0.287582 0.859477 1 0.341503 0.861111 1 0.261438 0.897059 1 0.330065 0.942810 1 0.000000 0.000000 0 0.000000 0.000000 0 0.000000 0.000000 0 0.000000 0.000000 0 0.000000 0.000000 0 0.000000 0.000000 0 0.000000 0.000000 0 0.000000 0.000000 0 0.000000 0.000000 0 0.000000 0.000000 0
0 0.503562 0.890286 0.128268 0.141324 0.000000 0.000000 0 0.000000 0.000000 0 0.000000 0.000000 0 0.000000 0.000000 0 0.558824 0.883987 1 0.483660 0.901961 1 0.521242 0.941176 1 0.000000 0.000000 0 0.000000 0.000000 0 0.000000 0.000000 0 0.000000 0.000000 0 0.000000 0.000000 0 0.000000 0.000000 0 0.000000 0.000000 0 0.000000 0.000000 0 0.000000 0.000000 0 0.000000 0.000000 0
0 0.361985 0.822925 0.190605 0.277255 0.408497 0.759804 1 0.000000 0.000000 0 0.398693 0.745098 1 0.000000 0.000000 0 0.361111 0.743464 1 0.393791 0.754902 1 0.323529 0.766340 1 0.357843 0.813725 1 0.310458 0.838235 1 0.408497 0.795752 1 0.374183 0.807190 1 0.352941 0.843137 1 0.297386 0.856209 1 0.442810 0.831699 1 0.361111 0.859477 1 0.418301 0.934641 1 0.361111 0.954248 1
0 0.746013 0.625727 0.053333 0.159984 0.000000 0.000000 0 0.000000 0.000000 0 0.000000 0.000000 0 0.000000 0.000000 0 0.748366 0.557190 1 0.730392 0.575163 1 0.753268 0.576797 1 0.727124 0.598039 1 0.763072 0.599673 1 0.730392 0.609477 1 0.766340 0.584967 1 0.732026 0.619281 1 0.751634 0.619281 1 0.738562 0.661765 1 0.746732 0.660131 1 0.740196 0.687908 1 0.745098 0.696078 1
0 0.698064 0.742484 0.126618 0.233987 0.000000 0.000000 0 0.000000 0.000000 0 0.000000 0.000000 0 0.656863 0.648693 1 0.697712 0.650327 1 0.648693 0.687908 1 0.684641 0.694444 1 0.000000 0.000000 0 0.707516 0.748366 1 0.000000 0.000000 0 0.725490 0.720588 1 0.637255 0.790850 1 0.669935 0.784314 1 0.000000 0.000000 0 0.728758 0.771242 1 0.000000 0.000000 0 0.728758 0.836601 1
0 0.686062 0.618023 0.033399 0.032386 0.000000 0.000000 0 0.000000 0.000000 0 0.000000 0.000000 0 0.000000 0.000000 0 0.000000 0.000000 0 0.000000 0.000000 0 0.000000 0.000000 0 0.000000 0.000000 0 0.000000 0.000000 0 0.000000 0.000000 0 0.000000 0.000000 0 0.000000 0.000000 0 0.000000 0.000000 0 0.000000 0.000000 0 0.000000 0.000000 0 0.000000 0.000000 0 0.000000 0.000000 0
0 0.940923 0.608064 0.044330 0.141977 0.944444 0.553922 1 0.949346 0.547386 1 0.941176 0.547386 1 0.955882 0.549020 1 0.936275 0.549020 1 0.957516 0.570261 1 0.931373 0.571895 1 0.000000 0.000000 0 0.921569 0.593137 1 0.000000 0.000000 0 0.924837 0.607843 1 0.955882 0.612745 1 0.934641 0.616013 1 0.950980 0.638889 1 0.934641 0.640523 1 0.950980 0.658497 1 0.936275 0.663399 1
0 0.764657 0.568521 0.022190 0.056389 0.000000 0.000000 0 0.000000 0.000000 0 0.000000 0.000000 0 0.000000 0.000000 0 0.000000 0.000000 0 0.000000 0.000000 0 0.000000 0.000000 0 0.000000 0.000000 0 0.000000 0.000000 0 0.000000 0.000000 0 0.000000 0.000000 0 0.000000 0.000000 0 0.000000 0.000000 0 0.000000 0.000000 0 0.000000 0.000000 0 0.000000 0.000000 0 0.000000 0.000000 0
0 0.782075 0.600989 0.036209 0.116095 0.000000 0.000000 0 0.000000 0.000000 0 0.000000 0.000000 0 0.000000 0.000000 0 0.000000 0.000000 0 0.000000 0.000000 0 0.000000 0.000000 0 0.000000 0.000000 0 0.000000 0.000000 0 0.000000 0.000000 0 0.000000 0.000000 0 0.000000 0.000000 0 0.000000 0.000000 0 0.000000 0.000000 0 0.000000 0.000000 0 0.000000 0.000000 0 0.000000 0.000000 0