0 0.945445 0.668529 0.109109 0.649435 0.921875 0.416471 1 0.932813 0.407059 1 0.920312 0.404706 1 0.970313 0.416471 1 0.000000 0.000000 0 0.968750 0.501176 1 0.996875 0.489412 1 0.968750 0.647059 1 0.000000 0.000000 0 0.943750 0.748235 1 0.000000 0.000000 0 0.953125 0.750588 1 0.968750 0.752941 1 0.926562 0.910588 1 0.000000 0.000000 0 0.000000 0.000000 0 0.000000 0.000000 0
0 0.819258 0.602247 0.122359 0.665153 0.864062 0.334118 1 0.000000 0.000000 0 0.853125 0.329412 1 0.000000 0.000000 0 0.829688 0.331765 1 0.857812 0.409412 1 0.804688 0.404706 1 0.856250 0.527059 1 0.775000 0.517647 1 0.857812 0.588235 1 0.785937 0.618824 1 0.846875 0.635294 1 0.793750 0.630588 1 0.840625 0.750588 1 0.781250 0.762353 1 0.846875 0.875294 1 0.771875 0.865882 1
0 0.557359 0.596776 0.174594 0.770776 0.578125 0.303529 1 0.582812 0.296471 1 0.570312 0.291765 1 0.000000 0.000000 0 0.540625 0.298824 1 0.606250 0.374118 1 0.493750 0.381176 1 0.618750 0.508235 1 0.485938 0.510588 1 0.617188 0.614118 1 0.515625 0.621176 1 0.587500 0.597647 1 0.540625 0.602353 1 0.584375 0.769412 1 0.539062 0.767059 1 0.581250 0.903529 1 0.529687 0.912941 1
0 0.707844 0.398129 0.061813 0.153153 0.723437 0.357647 1 0.726562 0.350588 1 0.715625 0.352941 1 0.000000 0.000000 0 0.698438 0.357647 1 0.735938 0.400000 1 0.687500 0.400000 1 0.000000 0.000000 0 0.695312 0.465882 1 0.000000 0.000000 0 0.000000 0.000000 0 0.000000 0.000000 0 0.000000 0.000000 0 0.000000 0.000000 0 0.000000 0.000000 0 0.000000 0.000000 0 0.000000 0.000000 0
0 0.726484 0.618329 0.112219 0.530824 0.754687 0.400000 1 0.762500 0.397647 1 0.748437 0.390588 1 0.767188 0.409412 1 0.737500 0.392941 1 0.773438 0.475294 1 0.710938 0.461176 1 0.000000 0.000000 0 0.689063 0.527059 1 0.770312 0.560000 1 0.714063 0.583529 1 0.754687 0.614118 1 0.717187 0.611765 1 0.748437 0.715294 1 0.714063 0.710588 1 0.740625 0.825882 1 0.709375 0.821176 1
0 0.904984 0.482706 0.067187 0.428612 0.917188 0.317647 1 0.920312 0.308235 1 0.912500 0.308235 1 0.000000 0.000000 0 0.896875 0.305882 1 0.928125 0.360000 1 0.870313 0.355294 1 0.000000 0.000000 0 0.000000 0.000000 0 0.000000 0.000000 0 0.000000 0.000000 0 0.918750 0.482353 1 0.882812 0.480000 1 0.920312 0.571765 1 0.875000 0.567059 1 0.918750 0.665882 1 0.868750 0.675294 1
0 0.411227 0.621000 0.156484 0.754141 0.453125 0.322353 1 0.456250 0.305882 1 0.443750 0.308235 1 0.000000 0.000000 0 0.403125 0.310588 1 0.450000 0.416471 1 0.382812 0.416471 1 0.465625 0.552941 1 0.360938 0.578824 1 0.484375 0.663529 1 0.410938 0.708235 1 0.464062 0.698824 1 0.406250 0.712941 1 0.471875 0.889412 1 0.401562 0.901176 1 0.000000 0.000000 0 0.000000 0.000000 0
0 0.323078 0.598882 0.120875 0.694376 0.325000 0.324706 1 0.328125 0.310588 1 0.312500 0.315294 1 0.000000 0.000000 0 0.000000 0.000000 0 0.346875 0.383529 1 0.276562 0.390588 1 0.000000 0.000000 0 0.270313 0.508235 1 0.000000 0.000000 0 0.325000 0.529412 1 0.354687 0.600000 1 0.306250 0.604706 1 0.364063 0.741176 1 0.307812 0.731765 1 0.346875 0.865882 1 0.317188 0.880000 1
0 0.945359 0.304494 0.037312 0.078635 0.000000 0.000000 0 0.000000 0.000000 0 0.000000 0.000000 0 0.000000 0.000000 0 0.000000 0.000000 0 0.000000 0.000000 0 0.000000 0.000000 0 0.000000 0.000000 0 0.000000 0.000000 0 0.000000 0.000000 0 0.000000 0.000000 0 0.000000 0.000000 0 0.000000 0.000000 0 0.000000 0.000000 0 0.000000 0.000000 0 0.000000 0.000000 0 0.000000 0.000000 0
0 0.654539 0.400012 0.065797 0.169388 0.667188 0.367059 1 0.670312 0.360000 1 0.660937 0.357647 1 0.000000 0.000000 0 0.639062 0.360000 1 0.668750 0.400000 1 0.620313 0.407059 1 0.671875 0.468235 1 0.623437 0.465882 1 0.640625 0.484706 1 0.662500 0.458824 1 0.000000 0.000000 0 0.000000 0.000000 0 0.000000 0.000000 0 0.000000 0.000000 0 0.000000 0.000000 0 0.000000 0.000000 0
0 0.188094 0.601624 0.288344 0.770306 0.209375 0.312941 1 0.214062 0.301176 1 0.190625 0.294118 1 0.000000 0.000000 0 0.150000 0.310588 1 0.214062 0.411765 1 0.103125 0.458824 1 0.309375 0.414118 1 0.078125 0.661176 1 0.257812 0.305882 1 0.107813 0.854118 1 0.232813 0.854118 1 0.153125 0.877647 1 0.000000 0.000000 0 0.000000 0.000000 0 0.000000 0.000000 0 0.000000 0.000000 0
0 0.093078 0.390224 0.074844 0.155694 0.123438 0.395294 1 0.123438 0.383529 1 0.112500 0.383529 1 0.000000 0.000000 0 0.073438 0.385882 1 0.000000 0.000000 0 0.000000 0.000000 0 0.000000 0.000000 0 0.000000 0.000000 0 0.000000 0.000000 0 0.000000 0.000000 0 0.000000 0.000000 0 0.000000 0.000000 0 0.000000 0.000000 0 0.000000 0.000000 0 0.000000 0.000000 0 0.000000 0.000000 0