0 0.714664 0.342618 0.256391 0.419614 0.695312 0.261803 1 0.000000 0.000000 0 0.000000 0.000000 0 0.000000 0.000000 0 0.000000 0.000000 0 0.798438 0.309013 1 0.706250 0.304721 1 0.807813 0.444206 1 0.717187 0.412017 1 0.718750 0.388412 1 0.639062 0.356223 1 0.753125 0.506438 1 0.684375 0.463519 1 0.000000 0.000000 0 0.000000 0.000000 0 0.000000 0.000000 0 0.000000 0.000000 0
0 0.880297 0.149442 0.117812 0.294378 0.000000 0.000000 0 0.000000 0.000000 0 0.000000 0.000000 0 0.000000 0.000000 0 0.000000 0.000000 0 0.906250 0.049356 1 0.000000 0.000000 0 0.896875 0.171674 1 0.000000 0.000000 0 0.871875 0.092275 1 0.000000 0.000000 0 0.881250 0.255365 1 0.000000 0.000000 0 0.000000 0.000000 0 0.000000 0.000000 0 0.000000 0.000000 0 0.000000 0.000000 0
0 0.729023 0.077704 0.089172 0.151459 0.750000 0.027897 1 0.000000 0.000000 0 0.742188 0.023605 1 0.000000 0.000000 0 0.721875 0.030043 1 0.743750 0.070815 1 0.696875 0.081545 1 0.000000 0.000000 0 0.692187 0.148069 1 0.000000 0.000000 0 0.000000 0.000000 0 0.754687 0.182403 1 0.717187 0.190987 1 0.000000 0.000000 0 0.000000 0.000000 0 0.000000 0.000000 0 0.000000 0.000000 0
0 0.136016 0.249249 0.125281 0.498498 0.000000 0.000000 0 0.000000 0.000000 0 0.000000 0.000000 0 0.000000 0.000000 0 0.000000 0.000000 0 0.175000 0.010730 1 0.000000 0.000000 0 0.103125 0.060086 1 0.096875 0.077253 1 0.095312 0.002146 1 0.000000 0.000000 0 0.162500 0.178112 1 0.125000 0.178112 1 0.164062 0.330472 1 0.128125 0.324034 1 0.168750 0.450644 1 0.153125 0.435622 1
0 0.295578 0.218948 0.080625 0.391845 0.290625 0.075107 1 0.293750 0.066524 1 0.282813 0.070815 1 0.000000 0.000000 0 0.273438 0.077253 1 0.315625 0.083691 1 0.273438 0.098712 1 0.331250 0.148069 1 0.264062 0.156652 1 0.000000 0.000000 0 0.264062 0.206009 1 0.321875 0.216738 1 0.296875 0.221030 1 0.000000 0.000000 0 0.000000 0.000000 0 0.000000 0.000000 0 0.000000 0.000000 0
0 0.366773 0.206803 0.084359 0.413605 0.360938 0.025751 1 0.365625 0.019313 1 0.353125 0.021459 1 0.000000 0.000000 0 0.343750 0.032189 1 0.384375 0.072961 1 0.335938 0.077253 1 0.396875 0.128755 1 0.346875 0.133047 1 0.392188 0.188841 1 0.370312 0.190987 1 0.384375 0.190987 1 0.351562 0.190987 1 0.382812 0.283262 1 0.354687 0.287554 1 0.390625 0.381974 1 0.356250 0.386266 1
0 0.476437 0.229152 0.096375 0.458305 0.490625 0.012876 1 0.000000 0.000000 0 0.479687 0.006438 1 0.000000 0.000000 0 0.462500 0.010730 1 0.473438 0.055794 1 0.456250 0.070815 1 0.000000 0.000000 0 0.456250 0.165236 1 0.000000 0.000000 0 0.475000 0.223176 1 0.000000 0.000000 0 0.470313 0.233906 1 0.000000 0.000000 0 0.473438 0.345494 1 0.000000 0.000000 0 0.470313 0.444206 1
0 0.529328 0.216856 0.063813 0.379764 0.539062 0.049356 1 0.540625 0.042918 1 0.532813 0.042918 1 0.000000 0.000000 0 0.520312 0.049356 1 0.545312 0.090129 1 0.509375 0.087983 1 0.573438 0.133047 1 0.515625 0.154506 1 0.564063 0.141631 1 0.528125 0.098712 1 0.548438 0.216738 1 0.515625 0.216738 1 0.548438 0.296137 1 0.520312 0.298283 1 0.550000 0.366953 1 0.525000 0.373391 1
0 0.601437 0.193015 0.080125 0.374013 0.603125 0.049356 1 0.607812 0.040773 1 0.598437 0.042918 1 0.000000 0.000000 0 0.587500 0.042918 1 0.610938 0.070815 1 0.575000 0.072961 1 0.629687 0.141631 1 0.570312 0.128755 1 0.614062 0.139485 1 0.587500 0.111588 1 0.615625 0.175966 1 0.581250 0.186695 1 0.000000 0.000000 0 0.000000 0.000000 0 0.000000 0.000000 0 0.000000 0.000000 0
0 0.657281 0.096770 0.060875 0.180494 0.657813 0.053648 1 0.664062 0.042918 1 0.653125 0.045064 1 0.673438 0.040773 1 0.000000 0.000000 0 0.689063 0.077253 1 0.642188 0.079399 1 0.000000 0.000000 0 0.000000 0.000000 0 0.000000 0.000000 0 0.000000 0.000000 0 0.678125 0.188841 1 0.646875 0.188841 1 0.000000 0.000000 0 0.000000 0.000000 0 0.000000 0.000000 0 0.000000 0.000000 0
0 0.968820 0.243240 0.062359 0.486481 0.000000 0.000000 0 0.000000 0.000000 0 0.000000 0.000000 0 0.000000 0.000000 0 0.000000 0.000000 0 0.976562 0.030043 1 0.928125 0.023605 1 0.979688 0.122318 1 0.000000 0.000000 0 0.925000 0.137339 1 0.000000 0.000000 0 0.962500 0.169528 1 0.932813 0.167382 1 0.962500 0.311159 1 0.000000 0.000000 0 0.973437 0.446352 1 0.000000 0.000000 0
0 0.254172 0.242328 0.071531 0.354700 0.242188 0.094421 1 0.242188 0.083691 1 0.234375 0.092275 1 0.000000 0.000000 0 0.000000 0.000000 0 0.268750 0.115880 1 0.220312 0.137339 1 0.000000 0.000000 0 0.226562 0.193133 1 0.000000 0.000000 0 0.253125 0.214592 1 0.000000 0.000000 0 0.243750 0.227468 1 0.000000 0.000000 0 0.264062 0.313305 1 0.000000 0.000000 0 0.256250 0.388412 1
0 0.773383 0.077661 0.059047 0.155322 0.000000 0.000000 0 0.000000 0.000000 0 0.000000 0.000000 0 0.000000 0.000000 0 0.762500 0.015021 1 0.793750 0.038627 1 0.750000 0.053648 1 0.000000 0.000000 0 0.000000 0.000000 0 0.000000 0.000000 0 0.000000 0.000000 0 0.000000 0.000000 0 0.000000 0.000000 0 0.000000 0.000000 0 0.000000 0.000000 0 0.000000 0.000000 0 0.000000 0.000000 0