0 0.729989 0.282734 0.097738 0.214438 0.708245 0.220312 1 0.714588 0.214062 1 0.704017 0.215625 1 0.733615 0.215625 1 0.000000 0.000000 0 0.744186 0.240625 1 0.718816 0.243750 1 0.756871 0.276562 1 0.000000 0.000000 0 0.712474 0.307812 1 0.000000 0.000000 0 0.739958 0.340625 1 0.718816 0.342187 1 0.000000 0.000000 0 0.000000 0.000000 0 0.000000 0.000000 0 0.000000 0.000000 0
0 0.522474 0.373766 0.416617 0.427562 0.606765 0.318750 1 0.000000 0.000000 0 0.615222 0.306250 1 0.000000 0.000000 0 0.604651 0.281250 1 0.556025 0.320312 1 0.583510 0.271875 1 0.600423 0.351562 1 0.530655 0.237500 1 0.687104 0.382812 1 0.490486 0.196875 1 0.433404 0.329688 1 0.522199 0.337500 1 0.395349 0.448437 1 0.528541 0.437500 1 0.378436 0.551562 1 0.528541 0.542188 1
0 0.673922 0.274461 0.045603 0.150203 0.659619 0.221875 1 0.665962 0.218750 1 0.653277 0.217188 1 0.000000 0.000000 0 0.000000 0.000000 0 0.682875 0.254688 1 0.000000 0.000000 0 0.682875 0.298438 1 0.000000 0.000000 0 0.674419 0.332813 1 0.000000 0.000000 0 0.000000 0.000000 0 0.000000 0.000000 0 0.000000 0.000000 0 0.000000 0.000000 0 0.000000 0.000000 0 0.000000 0.000000 0
0 0.025285 0.324805 0.048034 0.174234 0.004228 0.228125 1 0.008457 0.223438 1 0.000000 0.000000 0 0.000000 0.000000 0 0.000000 0.000000 0 0.021142 0.264062 1 0.000000 0.000000 0 0.033827 0.304688 1 0.000000 0.000000 0 0.031712 0.337500 1 0.000000 0.000000 0 0.008457 0.340625 1 0.000000 0.000000 0 0.027484 0.401562 1 0.000000 0.000000 0 0.000000 0.000000 0 0.000000 0.000000 0
0 0.065455 0.367906 0.070402 0.085406 0.000000 0.000000 0 0.000000 0.000000 0 0.000000 0.000000 0 0.000000 0.000000 0 0.000000 0.000000 0 0.000000 0.000000 0 0.082452 0.359375 1 0.000000 0.000000 0 0.086681 0.379688 1 0.000000 0.000000 0 0.082452 0.398438 1 0.000000 0.000000 0 0.000000 0.000000 0 0.000000 0.000000 0 0.046512 0.375000 1 0.000000 0.000000 0 0.057082 0.406250 1
0 0.964820 0.338516 0.070359 0.194219 0.951374 0.271875 1 0.957717 0.265625 1 0.947146 0.267188 1 0.972516 0.264062 1 0.000000 0.000000 0 0.980973 0.284375 1 0.970402 0.285938 1 0.989429 0.317188 1 0.970402 0.332813 1 0.957717 0.340625 1 0.945032 0.353125 1 0.978858 0.368750 1 0.968288 0.368750 1 0.961945 0.426563 1 0.995772 0.426563 1 0.000000 0.000000 0 0.000000 0.000000 0
0 0.818710 0.309852 0.117970 0.244734 0.807611 0.212500 1 0.811839 0.207813 1 0.801268 0.207813 1 0.828753 0.207813 1 0.000000 0.000000 0 0.849894 0.245312 1 0.788584 0.251563 1 0.858351 0.287500 1 0.778013 0.289062 1 0.862579 0.326562 1 0.767442 0.323437 1 0.843552 0.321875 1 0.786469 0.321875 1 0.849894 0.385937 1 0.775899 0.381250 1 0.864693 0.445312 1 0.763214 0.440625 1
0 0.597262 0.224250 0.074313 0.084719 0.000000 0.000000 0 0.000000 0.000000 0 0.000000 0.000000 0 0.000000 0.000000 0 0.000000 0.000000 0 0.000000 0.000000 0 0.000000 0.000000 0 0.000000 0.000000 0 0.000000 0.000000 0 0.000000 0.000000 0 0.000000 0.000000 0 0.000000 0.000000 0 0.000000 0.000000 0 0.000000 0.000000 0 0.000000 0.000000 0 0.000000 0.000000 0 0.000000 0.000000 0
0 0.615317 0.274562 0.112452 0.180500 0.630021 0.210938 1 0.636364 0.206250 1 0.623679 0.204687 1 0.000000 0.000000 0 0.608879 0.204687 1 0.640592 0.228125 1 0.585624 0.229687 1 0.000000 0.000000 0 0.000000 0.000000 0 0.000000 0.000000 0 0.000000 0.000000 0 0.642706 0.310937 1 0.606765 0.310937 1 0.649049 0.368750 1 0.608879 0.365625 1 0.651163 0.421875 1 0.604651 0.420312 1
0 0.250740 0.297023 0.183002 0.244953 0.236786 0.207813 1 0.243129 0.203125 1 0.230444 0.203125 1 0.255814 0.206250 1 0.224101 0.207813 1 0.289641 0.235937 1 0.202960 0.250000 1 0.321353 0.268750 1 0.196617 0.289062 1 0.293869 0.300000 1 0.192389 0.326562 1 0.260042 0.320312 1 0.219873 0.317188 1 0.279070 0.371875 1 0.198732 0.373437 1 0.291755 0.429688 1 0.179704 0.431250 1
0 0.694017 0.257180 0.041395 0.124578 0.000000 0.000000 0 0.000000 0.000000 0 0.000000 0.000000 0 0.000000 0.000000 0 0.000000 0.000000 0 0.000000 0.000000 0 0.000000 0.000000 0 0.000000 0.000000 0 0.000000 0.000000 0 0.000000 0.000000 0 0.000000 0.000000 0 0.000000 0.000000 0 0.000000 0.000000 0 0.000000 0.000000 0 0.000000 0.000000 0 0.000000 0.000000 0 0.000000 0.000000 0