0 0.204047 0.600000 0.152813 0.238203 0.000000 0.000000 0 0.000000 0.000000 0 0.000000 0.000000 0 0.000000 0.000000 0 0.207813 0.517578 1 0.235937 0.558594 1 0.187500 0.556641 1 0.267188 0.554688 1 0.134375 0.601562 1 0.221875 0.552734 1 0.156250 0.640625 1 0.206250 0.646484 1 0.167187 0.648438 1 0.273438 0.628906 1 0.243750 0.628906 1 0.231250 0.689453 1 0.171875 0.685547 1
0 0.090031 0.557754 0.168750 0.335586 0.128125 0.437500 1 0.000000 0.000000 0 0.118750 0.429688 1 0.000000 0.000000 0 0.095312 0.435547 1 0.112500 0.462891 1 0.082812 0.447266 1 0.123438 0.529297 1 0.034375 0.517578 1 0.156250 0.550781 1 0.046875 0.574219 1 0.082812 0.583984 1 0.060937 0.572266 1 0.134375 0.597656 1 0.064062 0.607422 1 0.107813 0.685547 1 0.029687 0.697266 1
0 0.133250 0.247500 0.089094 0.075586 0.000000 0.000000 0 0.000000 0.000000 0 0.000000 0.000000 0 0.000000 0.000000 0 0.000000 0.000000 0 0.000000 0.000000 0 0.000000 0.000000 0 0.000000 0.000000 0 0.000000 0.000000 0 0.000000 0.000000 0 0.000000 0.000000 0 0.000000 0.000000 0 0.000000 0.000000 0 0.000000 0.000000 0 0.000000 0.000000 0 0.000000 0.000000 0 0.000000 0.000000 0
0 0.248813 0.215166 0.075750 0.117129 0.250000 0.197266 1 0.251563 0.191406 1 0.243750 0.191406 1 0.259375 0.197266 1 0.234375 0.199219 1 0.276562 0.234375 1 0.223438 0.238281 1 0.282813 0.279297 1 0.220312 0.285156 1 0.000000 0.000000 0 0.000000 0.000000 0 0.000000 0.000000 0 0.000000 0.000000 0 0.000000 0.000000 0 0.000000 0.000000 0 0.000000 0.000000 0 0.000000 0.000000 0
0 0.426500 0.195840 0.089219 0.135078 0.443750 0.156250 1 0.448437 0.152344 1 0.439063 0.152344 1 0.000000 0.000000 0 0.425000 0.156250 1 0.464062 0.205078 1 0.406250 0.195312 1 0.453125 0.242188 1 0.385937 0.246094 1 0.423438 0.234375 1 0.392188 0.248047 1 0.000000 0.000000 0 0.000000 0.000000 0 0.000000 0.000000 0 0.000000 0.000000 0 0.000000 0.000000 0 0.000000 0.000000 0
0 0.679531 0.181123 0.116500 0.121777 0.000000 0.000000 0 0.000000 0.000000 0 0.000000 0.000000 0 0.000000 0.000000 0 0.000000 0.000000 0 0.721875 0.169922 1 0.673438 0.169922 1 0.726562 0.218750 1 0.634375 0.199219 1 0.678125 0.218750 1 0.637500 0.212891 1 0.000000 0.000000 0 0.000000 0.000000 0 0.000000 0.000000 0 0.000000 0.000000 0 0.000000 0.000000 0 0.000000 0.000000 0
0 0.940328 0.143955 0.119344 0.134746 0.975000 0.111328 1 0.981250 0.107422 1 0.970313 0.107422 1 0.000000 0.000000 0 0.962500 0.109375 1 0.993750 0.154297 1 0.940625 0.142578 1 0.993750 0.205078 1 0.000000 0.000000 0 0.000000 0.000000 0 0.893750 0.201172 1 0.000000 0.000000 0 0.000000 0.000000 0 0.000000 0.000000 0 0.000000 0.000000 0 0.000000 0.000000 0 0.000000 0.000000 0
0 0.600063 0.057744 0.067750 0.115488 0.000000 0.000000 0 0.000000 0.000000 0 0.000000 0.000000 0 0.000000 0.000000 0 0.000000 0.000000 0 0.000000 0.000000 0 0.000000 0.000000 0 0.000000 0.000000 0 0.000000 0.000000 0 0.000000 0.000000 0 0.000000 0.000000 0 0.000000 0.000000 0 0.000000 0.000000 0 0.000000 0.000000 0 0.000000 0.000000 0 0.000000 0.000000 0 0.000000 0.000000 0
0 0.524008 0.198633 0.089109 0.117227 0.000000 0.000000 0 0.528125 0.169922 1 0.518750 0.169922 1 0.539062 0.167969 1 0.509375 0.169922 1 0.556250 0.205078 1 0.503125 0.203125 1 0.559375 0.257812 1 0.484375 0.248047 1 0.529687 0.230469 1 0.496875 0.207031 1 0.000000 0.000000 0 0.000000 0.000000 0 0.000000 0.000000 0 0.000000 0.000000 0 0.000000 0.000000 0 0.000000 0.000000 0
0 0.797758 0.016396 0.072234 0.032754 0.000000 0.000000 0 0.000000 0.000000 0 0.000000 0.000000 0 0.000000 0.000000 0 0.000000 0.000000 0 0.000000 0.000000 0 0.000000 0.000000 0 0.000000 0.000000 0 0.000000 0.000000 0 0.000000 0.000000 0 0.000000 0.000000 0 0.000000 0.000000 0 0.000000 0.000000 0 0.000000 0.000000 0 0.000000 0.000000 0 0.000000 0.000000 0 0.000000 0.000000 0
0 0.523484 0.073965 0.101938 0.146367 0.521875 0.031250 1 0.526563 0.025391 1 0.517188 0.025391 1 0.534375 0.025391 1 0.507812 0.029297 1 0.545312 0.052734 1 0.498437 0.056641 1 0.557813 0.089844 1 0.498437 0.109375 1 0.553125 0.107422 1 0.518750 0.109375 1 0.553125 0.125000 1 0.518750 0.126953 1 0.581250 0.148438 1 0.565625 0.148438 1 0.557813 0.203125 1 0.546875 0.199219 1
0 0.453109 0.072607 0.064406 0.132480 0.000000 0.000000 0 0.459375 0.025391 1 0.450000 0.027344 1 0.465625 0.031250 1 0.442188 0.031250 1 0.465625 0.052734 1 0.434375 0.056641 1 0.476562 0.089844 1 0.443750 0.097656 1 0.489063 0.117188 1 0.470313 0.115234 1 0.456250 0.111328 1 0.439063 0.113281 1 0.487500 0.126953 1 0.464062 0.132812 1 0.489063 0.179688 1 0.460938 0.183594 1
0 0.380258 0.511250 0.216109 0.431172 0.398438 0.357422 1 0.000000 0.000000 0 0.392188 0.347656 1 0.000000 0.000000 0 0.373437 0.343750 1 0.335938 0.375000 1 0.385937 0.382812 1 0.298438 0.441406 1 0.410938 0.462891 1 0.000000 0.000000 0 0.000000 0.000000 0 0.307812 0.482422 1 0.354687 0.486328 1 0.346875 0.603516 1 0.406250 0.593750 1 0.292187 0.697266 1 0.439063 0.695312 1