0 0.317633 0.703525 0.089766 0.294403 0.293750 0.590164 1 0.295312 0.585480 1 0.000000 0.000000 0 0.303125 0.580796 1 0.000000 0.000000 0 0.314063 0.604215 1 0.318750 0.594848 1 0.312500 0.658080 1 0.315625 0.651054 1 0.290625 0.655738 1 0.293750 0.655738 1 0.315625 0.697892 1 0.307812 0.693208 1 0.318750 0.763466 1 0.325000 0.763466 1 0.320312 0.833724 1 0.346875 0.812646 1
0 0.282695 0.698770 0.044703 0.289953 0.282813 0.594848 1 0.285938 0.587822 1 0.278125 0.590164 1 0.292187 0.580796 1 0.000000 0.000000 0 0.301563 0.611241 1 0.278125 0.611241 1 0.000000 0.000000 0 0.276562 0.651054 1 0.000000 0.000000 0 0.270313 0.683841 1 0.300000 0.683841 1 0.279687 0.683841 1 0.301563 0.754098 1 0.285938 0.742389 1 0.325000 0.803279 1 0.287500 0.819672 1
0 0.232055 0.678443 0.074047 0.312951 0.000000 0.000000 0 0.000000 0.000000 0 0.000000 0.000000 0 0.234375 0.555035 1 0.000000 0.000000 0 0.225000 0.580796 1 0.259375 0.583138 1 0.214062 0.620609 1 0.265625 0.622951 1 0.207813 0.648712 1 0.000000 0.000000 0 0.000000 0.000000 0 0.251563 0.660422 1 0.220312 0.725995 1 0.254688 0.733021 1 0.000000 0.000000 0 0.254688 0.807963 1
0 0.371172 0.646932 0.031375 0.189368 0.000000 0.000000 0 0.000000 0.000000 0 0.000000 0.000000 0 0.000000 0.000000 0 0.000000 0.000000 0 0.000000 0.000000 0 0.000000 0.000000 0 0.000000 0.000000 0 0.000000 0.000000 0 0.000000 0.000000 0 0.000000 0.000000 0 0.000000 0.000000 0 0.000000 0.000000 0 0.000000 0.000000 0 0.000000 0.000000 0 0.000000 0.000000 0 0.000000 0.000000 0
0 0.574516 0.626956 0.038438 0.156159 0.575000 0.564403 1 0.576562 0.559719 1 0.573438 0.559719 1 0.579688 0.562061 1 0.568750 0.564403 1 0.582812 0.578454 1 0.562500 0.573770 1 0.587500 0.601874 1 0.557813 0.594848 1 0.589063 0.629977 1 0.565625 0.608899 1 0.578125 0.627635 1 0.562500 0.627635 1 0.578125 0.658080 1 0.567187 0.662763 1 0.576562 0.697892 1 0.567187 0.695550 1
0 0.940789 0.765831 0.117266 0.468337 0.000000 0.000000 0 0.000000 0.000000 0 0.967187 0.569087 1 0.000000 0.000000 0 0.956250 0.566745 1 0.901563 0.622951 1 0.973437 0.625293 1 0.892188 0.707260 1 0.971875 0.695550 1 0.000000 0.000000 0 0.989062 0.747073 1 0.918750 0.777518 1 0.965625 0.777518 1 0.928125 0.901639 1 0.962500 0.901639 1 0.932813 0.995316 1 0.957812 0.995316 1
0 0.721313 0.599930 0.019031 0.112834 0.000000 0.000000 0 0.000000 0.000000 0 0.000000 0.000000 0 0.000000 0.000000 0 0.000000 0.000000 0 0.000000 0.000000 0 0.000000 0.000000 0 0.000000 0.000000 0 0.000000 0.000000 0 0.000000 0.000000 0 0.000000 0.000000 0 0.000000 0.000000 0 0.000000 0.000000 0 0.000000 0.000000 0 0.000000 0.000000 0 0.000000 0.000000 0 0.000000 0.000000 0
0 0.804969 0.682646 0.048063 0.232740 0.000000 0.000000 0 0.000000 0.000000 0 0.000000 0.000000 0 0.000000 0.000000 0 0.000000 0.000000 0 0.795312 0.611241 1 0.820312 0.613583 1 0.784375 0.637002 1 0.000000 0.000000 0 0.000000 0.000000 0 0.000000 0.000000 0 0.798438 0.681499 1 0.818750 0.679157 1 0.804688 0.735363 1 0.818750 0.733021 1 0.804688 0.784543 1 0.818750 0.784543 1
0 0.863945 0.704602 0.072016 0.333091 0.000000 0.000000 0 0.000000 0.000000 0 0.000000 0.000000 0 0.856250 0.573770 1 0.000000 0.000000 0 0.856250 0.604215 1 0.884375 0.601874 1 0.843750 0.639344 1 0.887500 0.646370 1 0.835938 0.667447 1 0.884375 0.674473 1 0.853125 0.700234 1 0.876563 0.700234 1 0.859375 0.775176 1 0.879687 0.768150 1 0.867188 0.845433 1 0.887500 0.840749 1
0 0.637055 0.616885 0.038297 0.146698 0.000000 0.000000 0 0.000000 0.000000 0 0.000000 0.000000 0 0.000000 0.000000 0 0.000000 0.000000 0 0.000000 0.000000 0 0.000000 0.000000 0 0.000000 0.000000 0 0.000000 0.000000 0 0.000000 0.000000 0 0.000000 0.000000 0 0.000000 0.000000 0 0.000000 0.000000 0 0.000000 0.000000 0 0.000000 0.000000 0 0.000000 0.000000 0 0.000000 0.000000 0
0 0.386305 0.643548 0.025828 0.187237 0.000000 0.000000 0 0.000000 0.000000 0 0.000000 0.000000 0 0.000000 0.000000 0 0.000000 0.000000 0 0.000000 0.000000 0 0.000000 0.000000 0 0.000000 0.000000 0 0.000000 0.000000 0 0.000000 0.000000 0 0.000000 0.000000 0 0.000000 0.000000 0 0.000000 0.000000 0 0.000000 0.000000 0 0.000000 0.000000 0 0.000000 0.000000 0 0.000000 0.000000 0
0 0.686242 0.617307 0.034391 0.154660 0.000000 0.000000 0 0.000000 0.000000 0 0.000000 0.000000 0 0.000000 0.000000 0 0.000000 0.000000 0 0.000000 0.000000 0 0.000000 0.000000 0 0.000000 0.000000 0 0.000000 0.000000 0 0.000000 0.000000 0 0.000000 0.000000 0 0.000000 0.000000 0 0.000000 0.000000 0 0.000000 0.000000 0 0.000000 0.000000 0 0.000000 0.000000 0 0.000000 0.000000 0
0 0.841164 0.671885 0.047766 0.292061 0.000000 0.000000 0 0.000000 0.000000 0 0.000000 0.000000 0 0.000000 0.000000 0 0.000000 0.000000 0 0.828125 0.583138 1 0.879687 0.580796 1 0.820312 0.627635 1 0.890625 0.620609 1 0.825000 0.662763 1 0.000000 0.000000 0 0.840625 0.667447 1 0.876563 0.667447 1 0.843750 0.737705 1 0.000000 0.000000 0 0.843750 0.786885 1 0.000000 0.000000 0