0 0.912758 0.609487 0.115078 0.245437 0.000000 0.000000 0 0.000000 0.000000 0 0.000000 0.000000 0 0.884375 0.515284 1 0.000000 0.000000 0 0.900000 0.530568 1 0.904687 0.524017 1 0.900000 0.589520 1 0.000000 0.000000 0 0.870313 0.613537 1 0.000000 0.000000 0 0.946875 0.598253 1 0.948438 0.593886 1 0.903125 0.639738 1 0.915625 0.615721 1 0.921875 0.705240 1 0.931250 0.683406 1
0 0.489250 0.160742 0.079188 0.162751 0.000000 0.000000 0 0.000000 0.000000 0 0.000000 0.000000 0 0.000000 0.000000 0 0.000000 0.000000 0 0.000000 0.000000 0 0.000000 0.000000 0 0.000000 0.000000 0 0.000000 0.000000 0 0.000000 0.000000 0 0.000000 0.000000 0 0.000000 0.000000 0 0.000000 0.000000 0 0.000000 0.000000 0 0.000000 0.000000 0 0.000000 0.000000 0 0.000000 0.000000 0
0 0.544891 0.175622 0.052813 0.144913 0.553125 0.128821 1 0.556250 0.120087 1 0.548438 0.122271 1 0.000000 0.000000 0 0.000000 0.000000 0 0.554688 0.141921 1 0.532813 0.137555 1 0.000000 0.000000 0 0.000000 0.000000 0 0.000000 0.000000 0 0.000000 0.000000 0 0.550000 0.189956 1 0.537500 0.189956 1 0.551562 0.218341 1 0.523438 0.209607 1 0.000000 0.000000 0 0.000000 0.000000 0
0 0.603703 0.188177 0.068344 0.142991 0.604688 0.135371 1 0.607812 0.131004 1 0.601562 0.131004 1 0.614062 0.133188 1 0.000000 0.000000 0 0.623437 0.157205 1 0.595313 0.155022 1 0.631250 0.185590 1 0.575000 0.176856 1 0.626563 0.216157 1 0.579688 0.187773 1 0.620313 0.220524 1 0.596875 0.220524 1 0.620313 0.237991 1 0.579688 0.194323 1 0.000000 0.000000 0 0.579688 0.246725 1
0 0.728336 0.221507 0.074047 0.133886 0.000000 0.000000 0 0.000000 0.000000 0 0.000000 0.000000 0 0.000000 0.000000 0 0.000000 0.000000 0 0.000000 0.000000 0 0.000000 0.000000 0 0.000000 0.000000 0 0.000000 0.000000 0 0.000000 0.000000 0 0.000000 0.000000 0 0.000000 0.000000 0 0.000000 0.000000 0 0.000000 0.000000 0 0.000000 0.000000 0 0.000000 0.000000 0 0.000000 0.000000 0
0 0.281016 0.126452 0.075594 0.167009 0.275000 0.067686 1 0.278125 0.061135 1 0.270313 0.061135 1 0.281250 0.058952 1 0.000000 0.000000 0 0.287500 0.067686 1 0.267188 0.069869 1 0.295312 0.085153 1 0.246875 0.098253 1 0.273438 0.093886 1 0.253125 0.100437 1 0.307812 0.124454 1 0.289062 0.133188 1 0.309375 0.141921 1 0.284375 0.179039 1 0.301563 0.187773 1 0.279687 0.216157 1
0 0.541422 0.095164 0.043125 0.057926 0.000000 0.000000 0 0.000000 0.000000 0 0.000000 0.000000 0 0.000000 0.000000 0 0.000000 0.000000 0 0.000000 0.000000 0 0.000000 0.000000 0 0.000000 0.000000 0 0.000000 0.000000 0 0.000000 0.000000 0 0.000000 0.000000 0 0.000000 0.000000 0 0.000000 0.000000 0 0.000000 0.000000 0 0.000000 0.000000 0 0.000000 0.000000 0 0.000000 0.000000 0
0 0.088820 0.088199 0.074047 0.153996 0.081250 0.030568 1 0.084375 0.026201 1 0.078125 0.026201 1 0.000000 0.000000 0 0.075000 0.028384 1 0.096875 0.039301 1 0.073438 0.037118 1 0.092188 0.050218 1 0.057813 0.043668 1 0.076563 0.050218 1 0.067187 0.050218 1 0.107813 0.096070 1 0.095312 0.093886 1 0.115625 0.148472 1 0.079687 0.137555 1 0.117188 0.189956 1 0.101562 0.174672 1
0 0.584336 0.128657 0.034484 0.075786 0.000000 0.000000 0 0.000000 0.000000 0 0.000000 0.000000 0 0.000000 0.000000 0 0.000000 0.000000 0 0.000000 0.000000 0 0.000000 0.000000 0 0.000000 0.000000 0 0.000000 0.000000 0 0.000000 0.000000 0 0.000000 0.000000 0 0.000000 0.000000 0 0.000000 0.000000 0 0.000000 0.000000 0 0.000000 0.000000 0 0.000000 0.000000 0 0.000000 0.000000 0
0 0.962133 0.148352 0.030703 0.065480 0.000000 0.000000 0 0.000000 0.000000 0 0.000000 0.000000 0 0.000000 0.000000 0 0.000000 0.000000 0 0.000000 0.000000 0 0.000000 0.000000 0 0.000000 0.000000 0 0.000000 0.000000 0 0.000000 0.000000 0 0.000000 0.000000 0 0.000000 0.000000 0 0.000000 0.000000 0 0.000000 0.000000 0 0.000000 0.000000 0 0.000000 0.000000 0 0.000000 0.000000 0
0 0.979195 0.225830 0.041609 0.197293 0.000000 0.000000 0 0.000000 0.000000 0 0.000000 0.000000 0 0.000000 0.000000 0 0.000000 0.000000 0 0.000000 0.000000 0 0.000000 0.000000 0 0.000000 0.000000 0 0.000000 0.000000 0 0.000000 0.000000 0 0.000000 0.000000 0 0.000000 0.000000 0 0.000000 0.000000 0 0.000000 0.000000 0 0.000000 0.000000 0 0.000000 0.000000 0 0.000000 0.000000 0
0 0.811367 0.632282 0.156953 0.189934 0.796875 0.578603 1 0.801562 0.567686 1 0.000000 0.000000 0 0.818750 0.563319 1 0.000000 0.000000 0 0.818750 0.591703 1 0.835938 0.580786 1 0.789062 0.620087 1 0.000000 0.000000 0 0.754687 0.637555 1 0.000000 0.000000 0 0.871875 0.663755 1 0.884375 0.655022 1 0.810937 0.641921 1 0.829688 0.624454 1 0.846875 0.703057 1 0.859375 0.687773 1
0 0.640805 0.546539 0.171734 0.278362 0.621875 0.438865 1 0.625000 0.436681 1 0.000000 0.000000 0 0.634375 0.445415 1 0.000000 0.000000 0 0.620313 0.465066 1 0.659375 0.458515 1 0.000000 0.000000 0 0.000000 0.000000 0 0.000000 0.000000 0 0.000000 0.000000 0 0.640625 0.556769 1 0.654687 0.552402 1 0.656250 0.631004 1 0.598437 0.580786 1 0.710938 0.650655 1 0.582812 0.659389 1