0 0.761831 0.507781 0.242864 0.302844 0.000000 0.000000 0 0.000000 0.000000 0 0.000000 0.000000 0 0.664319 0.393750 1 0.711268 0.385937 1 0.697183 0.426563 1 0.732394 0.403125 1 0.718310 0.473438 1 0.000000 0.000000 0 0.708920 0.528125 1 0.000000 0.000000 0 0.816901 0.490625 1 0.833333 0.487500 1 0.732394 0.548438 1 0.774648 0.551562 1 0.788732 0.640625 1 0.807512 0.629687 1
0 0.786514 0.234195 0.181291 0.220703 0.730047 0.153125 1 0.739437 0.148438 1 0.727700 0.148438 1 0.767606 0.148438 1 0.000000 0.000000 0 0.800469 0.175000 1 0.737089 0.178125 1 0.788732 0.220312 1 0.000000 0.000000 0 0.732394 0.217188 1 0.000000 0.000000 0 0.842723 0.235937 1 0.784038 0.240625 1 0.816901 0.259375 1 0.730047 0.256250 1 0.842723 0.325000 1 0.753521 0.325000 1
0 0.909683 0.059977 0.087019 0.061016 0.000000 0.000000 0 0.000000 0.000000 0 0.000000 0.000000 0 0.000000 0.000000 0 0.000000 0.000000 0 0.000000 0.000000 0 0.000000 0.000000 0 0.000000 0.000000 0 0.000000 0.000000 0 0.000000 0.000000 0 0.000000 0.000000 0 0.000000 0.000000 0 0.000000 0.000000 0 0.000000 0.000000 0 0.000000 0.000000 0 0.000000 0.000000 0 0.000000 0.000000 0
0 0.657347 0.237133 0.211362 0.215422 0.622066 0.148438 1 0.633803 0.143750 1 0.615023 0.143750 1 0.652582 0.151562 1 0.000000 0.000000 0 0.659624 0.182812 1 0.617371 0.193750 1 0.683099 0.228125 1 0.640845 0.226562 1 0.619718 0.232813 1 0.610329 0.251563 1 0.727700 0.245312 1 0.678404 0.246875 1 0.669014 0.271875 1 0.589202 0.262500 1 0.720657 0.323437 1 0.659624 0.317188 1
0 0.948357 0.070227 0.103286 0.058016 0.000000 0.000000 0 0.000000 0.000000 0 0.000000 0.000000 0 0.000000 0.000000 0 0.000000 0.000000 0 0.000000 0.000000 0 0.000000 0.000000 0 0.000000 0.000000 0 0.000000 0.000000 0 0.000000 0.000000 0 0.000000 0.000000 0 0.000000 0.000000 0 0.000000 0.000000 0 0.000000 0.000000 0 0.000000 0.000000 0 0.000000 0.000000 0 0.000000 0.000000 0
0 0.057394 0.075281 0.108028 0.051687 0.000000 0.000000 0 0.000000 0.000000 0 0.000000 0.000000 0 0.000000 0.000000 0 0.000000 0.000000 0 0.000000 0.000000 0 0.000000 0.000000 0 0.000000 0.000000 0 0.000000 0.000000 0 0.000000 0.000000 0 0.000000 0.000000 0 0.000000 0.000000 0 0.000000 0.000000 0 0.000000 0.000000 0 0.000000 0.000000 0 0.000000 0.000000 0 0.000000 0.000000 0
0 0.827488 0.060336 0.095587 0.058859 0.000000 0.000000 0 0.000000 0.000000 0 0.000000 0.000000 0 0.000000 0.000000 0 0.000000 0.000000 0 0.000000 0.000000 0 0.000000 0.000000 0 0.000000 0.000000 0 0.000000 0.000000 0 0.000000 0.000000 0 0.000000 0.000000 0 0.000000 0.000000 0 0.000000 0.000000 0 0.000000 0.000000 0 0.000000 0.000000 0 0.000000 0.000000 0 0.000000 0.000000 0
0 0.946960 0.034687 0.070352 0.064125 0.000000 0.000000 0 0.000000 0.000000 0 0.000000 0.000000 0 0.000000 0.000000 0 0.000000 0.000000 0 0.000000 0.000000 0 0.000000 0.000000 0 0.000000 0.000000 0 0.000000 0.000000 0 0.000000 0.000000 0 0.000000 0.000000 0 0.000000 0.000000 0 0.000000 0.000000 0 0.000000 0.000000 0 0.000000 0.000000 0 0.000000 0.000000 0 0.000000 0.000000 0
0 0.822852 0.033258 0.100681 0.059703 0.000000 0.000000 0 0.000000 0.000000 0 0.000000 0.000000 0 0.000000 0.000000 0 0.000000 0.000000 0 0.000000 0.000000 0 0.000000 0.000000 0 0.000000 0.000000 0 0.000000 0.000000 0 0.000000 0.000000 0 0.000000 0.000000 0 0.000000 0.000000 0 0.000000 0.000000 0 0.000000 0.000000 0 0.000000 0.000000 0 0.000000 0.000000 0 0.000000 0.000000 0
0 0.636009 0.773758 0.443239 0.326172 0.000000 0.000000 0 0.000000 0.000000 0 0.000000 0.000000 0 0.622066 0.645312 1 0.673709 0.645312 1 0.577465 0.676562 1 0.720657 0.673438 1 0.539906 0.742188 1 0.765258 0.729688 1 0.535211 0.793750 1 0.769953 0.795312 1 0.612676 0.757812 1 0.701878 0.756250 1 0.542254 0.829688 1 0.776995 0.823438 1 0.502347 0.904687 1 0.814554 0.898438 1
0 0.523674 0.220586 0.251009 0.278734 0.490610 0.096875 1 0.500000 0.093750 1 0.483568 0.095312 1 0.514085 0.101562 1 0.000000 0.000000 0 0.544601 0.135937 1 0.462441 0.128125 1 0.563380 0.182812 1 0.516432 0.145313 1 0.579812 0.159375 1 0.568075 0.137500 1 0.521127 0.215625 1 0.471831 0.218750 1 0.462441 0.260937 1 0.532864 0.296875 1 0.443662 0.339062 1 0.629108 0.323437 1
0 0.211056 0.076078 0.089531 0.035000 0.000000 0.000000 0 0.000000 0.000000 0 0.000000 0.000000 0 0.000000 0.000000 0 0.000000 0.000000 0 0.000000 0.000000 0 0.000000 0.000000 0 0.000000 0.000000 0 0.000000 0.000000 0 0.000000 0.000000 0 0.000000 0.000000 0 0.000000 0.000000 0 0.000000 0.000000 0 0.000000 0.000000 0 0.000000 0.000000 0 0.000000 0.000000 0 0.000000 0.000000 0
0 0.513369 0.071727 0.112042 0.048359 0.000000 0.000000 0 0.000000 0.000000 0 0.000000 0.000000 0 0.000000 0.000000 0 0.000000 0.000000 0 0.000000 0.000000 0 0.000000 0.000000 0 0.000000 0.000000 0 0.000000 0.000000 0 0.000000 0.000000 0 0.000000 0.000000 0 0.000000 0.000000 0 0.000000 0.000000 0 0.000000 0.000000 0 0.000000 0.000000 0 0.000000 0.000000 0 0.000000 0.000000 0