542
1580
2184
3378
4684
5260
6216
6864
7256
7524
7583
8063
8581
8589
8979
9133
9929
10705
11015
11576
11826
12333
13904
14807
15678
16629
17799
18224
18466
18687
18699
18811
21248
22652
22683
23140
24972
24991
25847
25896
26027
26118
26498
26782
27330
30109
30879
31080
31882
32932
33431
33572
33743
34616
34632
35228
35817
36101
36911
37062
37932
38122
38439
40643
41570
42855
44054
44476
45864
46537
48267
48319
48658
49120
49338
49660
50013
50056
50106
53729
53823
54130
56456
56699
56718
58157
59167
59262
60080
60387
60647
60904
60951
61877
62060
62109
62230
62464
63791
65518
67023
68287
68701
68973
69411
70478
72615
72769
72829
73199
73620
75646
76101
77100
77517
77954
78322
78412
78425
78813
80698
81143
82372
82874
83005
83332
83766
84084
84529
85381
86329
86790
88663
88682
89027
89150
89557
90258
90341
90344
90464
91666
92096
92975
93276
94920
95659
98098
99398
101575
102037
102451
103338
105052
106463
106470
106567
107800
110156
113951
113970
115006
115251
115636
115791
116061
116088
116096
116202
117916
118848
119297
119884
120052
120407
121211
122208
123360
123907
125117
125380
125464
126198
126246
126809
127306
128278
128729
129133
129568
129722
130624
133492
134206
135508
137288
138401
138405
138569
138728
140284
141251
141426
141874
142418
143348
144230
144252
145736
146757
146865
147051
148811
151521
151594
151732
152499
152588
153224
153460
155811
156312
156620
157872
157918
158207
158451
159225
159714
160669
160931
160932
161234
164842
164871
166776
167551
168090
168296
168334
168583
169382
170962
171967
172439
172543
175530
176588
176730
177954
178566
179960
179964
180539
180641
181769
185229
187277
187496
188029
188862
189148
189296
189780
191850
193213
194346
195484
196418
196723
197221
197636
198323
198596
199152
199577
201726
201736
202767
203798
209232
209768
211097
212303
212817
212920
213785
214385
215070
216114
216581
216930
217223
218855
219393
222640
224336
224358
224757
225104
225494
226472
227109
228206
228356
228876
228974
229357
230601
230863
231524
233224
233500
233642
234550
234994
236176
236222
236556
237420
237848
238260
240344
240467
240811
243176
243875
244171
244748
246636
246718
246719
246755
246843
247057
247475
248703
248745
249184
251242
251578
252576
254449
255983
257099
257231
257275
257874
258837
259761
259793
260166
260772
261742
262124
262145
262935
263011
264499
264526
265080
265938
267123
267324
268622
269986
270586
271011
272194
274039
275190
275304
275432
275502
276062
276542
277383
279895
280008
282803
284749
284964
285285
285462
285570
286137
286611
286711
288204
288403
288548
289147
289474
291370
292444
292549
292554
293802
294124
294397
295082
295399
295499
297522
297645
297811
298458
299394
299623
299786
300855
301110
301134
301257
301855
301971
302078
302213
302498
302569
303897
303991
304963
306353
307238
308470
309319
309771
310008
310338
312015
312937
313955
314390
314667
314949
315173
315352
315462
315476
315504
316782
318333
320428
320429
321794
321821
322106
322695
322892
323478
324143
324638
325080
325115
326706
327055
327088
327527
327573
329752
329831
330403
330614
330909
330932
331082
331315
331670
331959
333081
333665
334034
334075
335065
335479
335984
336812
337044
338417
338704
338833
339489
339545
342049
342260
343422
344896
345172
345833
346468
347604
348274
349199
349393
349827
349926
350327
350444
351514
351875
352247
353653
353809
354813
356394
356414
357339
357354
358706
362797
363257
363560
364104
365724
366139
366470
367519
367538
367753
368249
369326
369782
370591
372113
372258
372804
372913
374302
374342
375108
375286
375989
376009
376719
377241
377715
378522
379211
381932
382100
382350
382625
382695
382731
385701
385913
386272
387109
387328
387514
388508
389644
392222
392878
393140
393826
394303
394583
394748
394921
395527
396762
396845
397355
398246
398901
401197
401369
401625
401857
402206
402228
402499
402705
404226
404655
404847
405401
405991
408040
408272
409216
409572
415183
415388
415672
417074
417549
418042
419785
420005
420397
421648
422992
423019
426052
426300
426980
427221
427523
428142
428336
429246
430076
432328
432420
434837
435096
435579
437290
437516
437900
438055
441461
443688
443834
444953
445080
445574
447243
447546
447694
448317
448509
448656
448694
449808
451513
451573
452912
452982
453191
453409
454255
454659
455079
455408
455523
456545
458519
458970
459644
459787
459953
463217
463851
464917
466694
466766
467678
467746
467774
467889
467979
469105
470036
470551
470658
471473
473403
473575
475588
476846
477079
477305
478755
479068
479176
479496
479697
480587
480818
482910
483135
485896
486620
486899
487204
487630
490347
490870
492154
493446
494904
494968
496499
496575
497393
497592
497610
498259
498639
498940
499915
503961
505099
505552
505962
506802
507187
507927
508130
508403
509267
509564
509876
510500
510771
511780
515224
517938
519993
520195
520457
520810
521003
521269
521752
522622
524962
525087
525667
528142
532414
533827
534373
534662
534736
535460
536707
536743
537097
538230
538640
538701
538809
539298
539665
539897
540740
541391
542449
542881
546097
546773
547962
548010
548175
549017
549256
550944
551733
552159
553700
553774
554886
556089
556246
556342
557045
557717
557721
559483
560202
560576
560819
560890
560943
561539
562632
563628
568325
569174
569723
569969
570460
571648
571895
572182
573125
574155
574282
574332
574648
574885
575305
575901
576518
577083
578890
578918
579123
579137
579533
579901
579925
579947
581108
581310
