0 0.709789 0.425625 0.580422 0.771406 0.000000 0.000000 0 0.000000 0.000000 0 0.000000 0.000000 0 0.487119 0.115625 1 0.655738 0.062500 1 0.505855 0.157812 1 0.747073 0.084375 1 0.498829 0.334375 1 0.887588 0.187500 1 0.526932 0.362500 1 0.000000 0.000000 0 0.695550 0.318750 1 0.864169 0.290625 1 0.618267 0.529687 1 0.761124 0.448437 1 0.658080 0.768750 1 0.775176 0.662500 1
0 0.112834 0.337078 0.198735 0.665156 0.000000 0.000000 0 0.000000 0.000000 0 0.000000 0.000000 0 0.000000 0.000000 0 0.000000 0.000000 0 0.093677 0.017188 1 0.000000 0.000000 0 0.126464 0.118750 1 0.000000 0.000000 0 0.159251 0.256250 1 0.000000 0.000000 0 0.135831 0.282813 1 0.035129 0.282813 1 0.175644 0.421875 1 0.053864 0.467187 1 0.156909 0.592187 1 0.044496 0.620313 1
0 0.403208 0.090297 0.095644 0.180594 0.000000 0.000000 0 0.000000 0.000000 0 0.000000 0.000000 0 0.000000 0.000000 0 0.000000 0.000000 0 0.000000 0.000000 0 0.000000 0.000000 0 0.440281 0.025000 1 0.362998 0.026562 1 0.440281 0.034375 1 0.409836 0.034375 1 0.423888 0.054688 1 0.393443 0.053125 1 0.412178 0.118750 1 0.388759 0.118750 1 0.409836 0.162500 1 0.384075 0.164062 1
0 0.249133 0.145961 0.157143 0.126828 0.185012 0.100000 1 0.000000 0.000000 0 0.180328 0.096875 1 0.000000 0.000000 0 0.161593 0.098437 1 0.173302 0.114062 1 0.000000 0.000000 0 0.208431 0.146875 1 0.000000 0.000000 0 0.252927 0.171875 1 0.000000 0.000000 0 0.000000 0.000000 0 0.000000 0.000000 0 0.231850 0.164062 1 0.000000 0.000000 0 0.269321 0.195312 1 0.000000 0.000000 0
0 0.788817 0.523016 0.422365 0.358781 0.000000 0.000000 0 0.000000 0.000000 0 0.000000 0.000000 0 0.899297 0.370312 1 0.000000 0.000000 0 0.976581 0.389062 1 0.829040 0.390625 1 0.906323 0.532813 1 0.733021 0.520312 1 0.756440 0.628125 1 0.669789 0.614062 1 0.000000 0.000000 0 0.922717 0.479687 1 0.000000 0.000000 0 0.845433 0.475000 1 0.000000 0.000000 0 0.885246 0.639062 1
0 0.496101 0.028328 0.065176 0.056656 0.000000 0.000000 0 0.000000 0.000000 0 0.000000 0.000000 0 0.000000 0.000000 0 0.000000 0.000000 0 0.000000 0.000000 0 0.000000 0.000000 0 0.000000 0.000000 0 0.000000 0.000000 0 0.000000 0.000000 0 0.000000 0.000000 0 0.000000 0.000000 0 0.000000 0.000000 0 0.000000 0.000000 0 0.000000 0.000000 0 0.000000 0.000000 0 0.000000 0.000000 0
0 0.243934 0.047000 0.067447 0.090000 0.000000 0.000000 0 0.000000 0.000000 0 0.000000 0.000000 0 0.000000 0.000000 0 0.000000 0.000000 0 0.000000 0.000000 0 0.000000 0.000000 0 0.000000 0.000000 0 0.000000 0.000000 0 0.000000 0.000000 0 0.000000 0.000000 0 0.000000 0.000000 0 0.000000 0.000000 0 0.000000 0.000000 0 0.000000 0.000000 0 0.000000 0.000000 0 0.000000 0.000000 0
0 0.302564 0.079867 0.081475 0.158203 0.306792 0.015625 1 0.311475 0.012500 1 0.302108 0.012500 1 0.313817 0.015625 1 0.288056 0.012500 1 0.306792 0.029687 1 0.288056 0.031250 1 0.000000 0.000000 0 0.276347 0.051562 1 0.320843 0.068750 1 0.292740 0.065625 1 0.309133 0.081250 1 0.290398 0.081250 1 0.311475 0.110937 1 0.290398 0.115625 1 0.316159 0.145313 1 0.285714 0.148438 1
0 0.753876 0.027469 0.048735 0.053625 0.000000 0.000000 0 0.000000 0.000000 0 0.000000 0.000000 0 0.000000 0.000000 0 0.000000 0.000000 0 0.000000 0.000000 0 0.000000 0.000000 0 0.000000 0.000000 0 0.000000 0.000000 0 0.000000 0.000000 0 0.000000 0.000000 0 0.000000 0.000000 0 0.000000 0.000000 0 0.000000 0.000000 0 0.000000 0.000000 0 0.000000 0.000000 0 0.000000 0.000000 0
0 0.170269 0.059969 0.084520 0.117094 0.000000 0.000000 0 0.000000 0.000000 0 0.000000 0.000000 0 0.000000 0.000000 0 0.000000 0.000000 0 0.000000 0.000000 0 0.000000 0.000000 0 0.000000 0.000000 0 0.145199 0.020313 1 0.000000 0.000000 0 0.177986 0.037500 1 0.194379 0.053125 1 0.156909 0.054688 1 0.177986 0.117188 1 0.173302 0.117188 1 0.000000 0.000000 0 0.000000 0.000000 0
0 0.334824 0.054953 0.040047 0.104156 0.000000 0.000000 0 0.000000 0.000000 0 0.000000 0.000000 0 0.000000 0.000000 0 0.000000 0.000000 0 0.000000 0.000000 0 0.000000 0.000000 0 0.000000 0.000000 0 0.000000 0.000000 0 0.000000 0.000000 0 0.000000 0.000000 0 0.000000 0.000000 0 0.000000 0.000000 0 0.000000 0.000000 0 0.000000 0.000000 0 0.000000 0.000000 0 0.000000 0.000000 0
0 0.895410 0.104062 0.202436 0.208125 0.000000 0.000000 0 0.000000 0.000000 0 0.000000 0.000000 0 0.000000 0.000000 0 0.000000 0.000000 0 0.000000 0.000000 0 0.000000 0.000000 0 0.915691 0.040625 1 0.000000 0.000000 0 0.803279 0.109375 1 0.000000 0.000000 0 0.857143 0.096875 1 0.854801 0.096875 1 0.000000 0.000000 0 0.000000 0.000000 0 0.000000 0.000000 0 0.000000 0.000000 0