0 0.825891 0.550937 0.064250 0.119458 0.829688 0.516667 1 0.834375 0.512500 1 0.825000 0.512500 1 0.840625 0.512500 1 0.000000 0.000000 0 0.845313 0.535417 1 0.820312 0.537500 1 0.853125 0.556250 1 0.804688 0.556250 1 0.000000 0.000000 0 0.800000 0.575000 1 0.843750 0.577083 1 0.823438 0.577083 1 0.000000 0.000000 0 0.801562 0.585417 1 0.000000 0.000000 0 0.818750 0.606250 1
0 0.637734 0.621646 0.170719 0.219000 0.626563 0.539583 1 0.629687 0.535417 1 0.621875 0.535417 1 0.639062 0.537500 1 0.000000 0.000000 0 0.651563 0.572917 1 0.598437 0.577083 1 0.667188 0.620833 1 0.601562 0.625000 1 0.654687 0.652083 1 0.640625 0.652083 1 0.650000 0.645833 1 0.620313 0.647917 1 0.664062 0.666667 1 0.634375 0.668750 1 0.684375 0.693750 1 0.654687 0.697917 1
0 0.271008 0.592115 0.108672 0.163896 0.309375 0.545833 1 0.314063 0.541667 1 0.306250 0.539583 1 0.320312 0.543750 1 0.300000 0.535417 1 0.310937 0.568750 1 0.287500 0.550000 1 0.000000 0.000000 0 0.273438 0.572917 1 0.000000 0.000000 0 0.306250 0.597917 1 0.278125 0.614583 1 0.259375 0.597917 1 0.298438 0.643750 1 0.292187 0.622917 1 0.240625 0.635417 1 0.242188 0.650000 1
0 0.206906 0.514365 0.058438 0.092729 0.000000 0.000000 0 0.000000 0.000000 0 0.000000 0.000000 0 0.000000 0.000000 0 0.000000 0.000000 0 0.000000 0.000000 0 0.000000 0.000000 0 0.000000 0.000000 0 0.000000 0.000000 0 0.000000 0.000000 0 0.000000 0.000000 0 0.000000 0.000000 0 0.000000 0.000000 0 0.000000 0.000000 0 0.000000 0.000000 0 0.000000 0.000000 0 0.000000 0.000000 0
0 0.361359 0.488865 0.095656 0.113771 0.351562 0.477083 1 0.356250 0.470833 1 0.348438 0.470833 1 0.362500 0.470833 1 0.339062 0.470833 1 0.367188 0.493750 1 0.334375 0.491667 1 0.387500 0.489583 1 0.318750 0.479167 1 0.401562 0.475000 1 0.318750 0.450000 1 0.364063 0.543750 1 0.335938 0.545833 1 0.000000 0.000000 0 0.000000 0.000000 0 0.000000 0.000000 0 0.000000 0.000000 0
0 0.450312 0.432167 0.085500 0.166500 0.453125 0.372917 1 0.456250 0.370833 1 0.450000 0.368750 1 0.460938 0.368750 1 0.442188 0.368750 1 0.460938 0.391667 1 0.435937 0.393750 1 0.465625 0.420833 1 0.423438 0.433333 1 0.479687 0.431250 1 0.435937 0.410417 1 0.448437 0.441667 1 0.431250 0.439583 1 0.460938 0.479167 1 0.423438 0.470833 1 0.448437 0.508333 1 0.410938 0.508333 1
0 0.151805 0.548052 0.092203 0.167479 0.164062 0.487500 1 0.168750 0.485417 1 0.159375 0.483333 1 0.171875 0.491667 1 0.151562 0.485417 1 0.178125 0.522917 1 0.135937 0.514583 1 0.190625 0.552083 1 0.110937 0.531250 1 0.167187 0.550000 1 0.137500 0.541667 1 0.159375 0.591667 1 0.128125 0.589583 1 0.165625 0.541667 1 0.134375 0.533333 1 0.168750 0.612500 1 0.142187 0.612500 1
0 0.399000 0.524448 0.046812 0.077771 0.000000 0.000000 0 0.000000 0.000000 0 0.000000 0.000000 0 0.000000 0.000000 0 0.000000 0.000000 0 0.000000 0.000000 0 0.000000 0.000000 0 0.000000 0.000000 0 0.000000 0.000000 0 0.000000 0.000000 0 0.000000 0.000000 0 0.000000 0.000000 0 0.000000 0.000000 0 0.000000 0.000000 0 0.000000 0.000000 0 0.000000 0.000000 0 0.000000 0.000000 0
0 0.592414 0.510104 0.045516 0.067417 0.000000 0.000000 0 0.000000 0.000000 0 0.000000 0.000000 0 0.000000 0.000000 0 0.000000 0.000000 0 0.000000 0.000000 0 0.000000 0.000000 0 0.000000 0.000000 0 0.000000 0.000000 0 0.000000 0.000000 0 0.000000 0.000000 0 0.000000 0.000000 0 0.000000 0.000000 0 0.000000 0.000000 0 0.000000 0.000000 0 0.000000 0.000000 0 0.000000 0.000000 0
0 0.207789 0.465260 0.064266 0.103188 0.000000 0.000000 0 0.000000 0.000000 0 0.000000 0.000000 0 0.000000 0.000000 0 0.000000 0.000000 0 0.000000 0.000000 0 0.000000 0.000000 0 0.000000 0.000000 0 0.000000 0.000000 0 0.000000 0.000000 0 0.000000 0.000000 0 0.000000 0.000000 0 0.000000 0.000000 0 0.000000 0.000000 0 0.000000 0.000000 0 0.000000 0.000000 0 0.000000 0.000000 0
0 0.465516 0.617583 0.094969 0.202375 0.473438 0.550000 1 0.479687 0.545833 1 0.470313 0.545833 1 0.489063 0.550000 1 0.000000 0.000000 0 0.493750 0.583333 1 0.451562 0.577083 1 0.496875 0.618750 1 0.440625 0.604167 1 0.470313 0.652083 1 0.439063 0.639583 1 0.476562 0.645833 1 0.445312 0.643750 1 0.470313 0.616667 1 0.445312 0.608333 1 0.460938 0.685417 1 0.435937 0.672917 1
0 0.522008 0.504979 0.038797 0.068583 0.000000 0.000000 0 0.000000 0.000000 0 0.000000 0.000000 0 0.000000 0.000000 0 0.000000 0.000000 0 0.000000 0.000000 0 0.000000 0.000000 0 0.000000 0.000000 0 0.000000 0.000000 0 0.000000 0.000000 0 0.000000 0.000000 0 0.000000 0.000000 0 0.000000 0.000000 0 0.000000 0.000000 0 0.000000 0.000000 0 0.000000 0.000000 0 0.000000 0.000000 0
0 0.349539 0.444646 0.049547 0.079292 0.000000 0.000000 0 0.000000 0.000000 0 0.000000 0.000000 0 0.000000 0.000000 0 0.000000 0.000000 0 0.000000 0.000000 0 0.000000 0.000000 0 0.000000 0.000000 0 0.000000 0.000000 0 0.000000 0.000000 0 0.000000 0.000000 0 0.000000 0.000000 0 0.000000 0.000000 0 0.000000 0.000000 0 0.000000 0.000000 0 0.000000 0.000000 0 0.000000 0.000000 0