0 0.621328 0.550058 0.286781 0.687343 0.603125 0.270396 1 0.610938 0.258741 1 0.589063 0.258741 1 0.000000 0.000000 0 0.573438 0.270396 1 0.618750 0.340326 1 0.532813 0.344988 1 0.671875 0.391608 1 0.512500 0.396270 1 0.720313 0.421911 1 0.512500 0.414918 1 0.610938 0.491841 1 0.548438 0.503497 1 0.000000 0.000000 0 0.537500 0.615385 1 0.000000 0.000000 0 0.506250 0.778555 1
0 0.197148 0.516270 0.267703 0.712261 0.200000 0.228438 1 0.207813 0.212121 1 0.190625 0.212121 1 0.000000 0.000000 0 0.168750 0.216783 1 0.220312 0.279720 1 0.145313 0.277389 1 0.271875 0.351981 1 0.131250 0.354312 1 0.240625 0.272727 1 0.168750 0.261072 1 0.220312 0.461538 1 0.164062 0.466200 1 0.000000 0.000000 0 0.128125 0.638695 1 0.000000 0.000000 0 0.092188 0.815851 1
0 0.612852 0.214499 0.049672 0.150909 0.000000 0.000000 0 0.000000 0.000000 0 0.000000 0.000000 0 0.000000 0.000000 0 0.000000 0.000000 0 0.000000 0.000000 0 0.000000 0.000000 0 0.000000 0.000000 0 0.000000 0.000000 0 0.000000 0.000000 0 0.000000 0.000000 0 0.000000 0.000000 0 0.000000 0.000000 0 0.000000 0.000000 0 0.000000 0.000000 0 0.000000 0.000000 0 0.000000 0.000000 0
0 0.275938 0.161434 0.045344 0.126737 0.000000 0.000000 0 0.000000 0.000000 0 0.000000 0.000000 0 0.000000 0.000000 0 0.000000 0.000000 0 0.000000 0.000000 0 0.000000 0.000000 0 0.000000 0.000000 0 0.000000 0.000000 0 0.000000 0.000000 0 0.000000 0.000000 0 0.000000 0.000000 0 0.000000 0.000000 0 0.000000 0.000000 0 0.000000 0.000000 0 0.000000 0.000000 0 0.000000 0.000000 0
0 0.343445 0.126573 0.021078 0.054033 0.000000 0.000000 0 0.000000 0.000000 0 0.000000 0.000000 0 0.000000 0.000000 0 0.000000 0.000000 0 0.000000 0.000000 0 0.000000 0.000000 0 0.000000 0.000000 0 0.000000 0.000000 0 0.000000 0.000000 0 0.000000 0.000000 0 0.000000 0.000000 0 0.000000 0.000000 0 0.000000 0.000000 0 0.000000 0.000000 0 0.000000 0.000000 0 0.000000 0.000000 0
0 0.396891 0.353800 0.168187 0.346853 0.390625 0.226107 1 0.392188 0.216783 1 0.381250 0.216783 1 0.000000 0.000000 0 0.364063 0.235431 1 0.404687 0.289044 1 0.348438 0.286713 1 0.431250 0.347319 1 0.323437 0.342657 1 0.456250 0.342657 1 0.320312 0.361305 1 0.403125 0.419580 1 0.356250 0.414918 1 0.000000 0.000000 0 0.334375 0.498834 1 0.000000 0.000000 0 0.312500 0.615385 1
0 0.065422 0.377121 0.095531 0.281329 0.104688 0.286713 1 0.000000 0.000000 0 0.100000 0.279720 1 0.000000 0.000000 0 0.079687 0.282051 1 0.103125 0.312354 1 0.068750 0.312354 1 0.000000 0.000000 0 0.050000 0.358974 1 0.000000 0.000000 0 0.031250 0.410256 1 0.103125 0.393939 1 0.073438 0.393939 1 0.000000 0.000000 0 0.075000 0.405594 1 0.000000 0.000000 0 0.062500 0.489510 1
0 0.754164 0.299872 0.133828 0.184592 0.714063 0.270396 1 0.720313 0.261072 1 0.000000 0.000000 0 0.742188 0.258741 1 0.000000 0.000000 0 0.778125 0.310023 1 0.717187 0.307692 1 0.803125 0.365967 1 0.696875 0.372960 1 0.815625 0.403263 1 0.000000 0.000000 0 0.000000 0.000000 0 0.000000 0.000000 0 0.000000 0.000000 0 0.000000 0.000000 0 0.000000 0.000000 0 0.000000 0.000000 0
0 0.530438 0.249371 0.078688 0.189697 0.504687 0.202797 1 0.510938 0.191142 1 0.000000 0.000000 0 0.532813 0.191142 1 0.000000 0.000000 0 0.562500 0.233100 1 0.506250 0.242424 1 0.000000 0.000000 0 0.507812 0.279720 1 0.000000 0.000000 0 0.514062 0.312354 1 0.565625 0.326340 1 0.523438 0.335664 1 0.000000 0.000000 0 0.000000 0.000000 0 0.000000 0.000000 0 0.000000 0.000000 0
0 0.061055 0.266177 0.113516 0.167413 0.089063 0.230769 1 0.092188 0.221445 1 0.079687 0.219114 1 0.000000 0.000000 0 0.057813 0.230769 1 0.109375 0.277389 1 0.028125 0.277389 1 0.000000 0.000000 0 0.012500 0.337995 1 0.000000 0.000000 0 0.000000 0.000000 0 0.096875 0.400932 1 0.043750 0.403263 1 0.000000 0.000000 0 0.000000 0.000000 0 0.000000 0.000000 0 0.000000 0.000000 0
0 0.054211 0.516888 0.108422 0.430233 0.000000 0.000000 0 0.000000 0.000000 0 0.006250 0.379953 1 0.000000 0.000000 0 0.000000 0.000000 0 0.000000 0.000000 0 0.001563 0.473193 1 0.000000 0.000000 0 0.054688 0.571096 1 0.000000 0.000000 0 0.085938 0.454545 1 0.000000 0.000000 0 0.000000 0.000000 0 0.000000 0.000000 0 0.000000 0.000000 0 0.000000 0.000000 0 0.000000 0.000000 0
0 0.835359 0.285909 0.062688 0.232704 0.000000 0.000000 0 0.000000 0.000000 0 0.000000 0.000000 0 0.000000 0.000000 0 0.000000 0.000000 0 0.848437 0.261072 1 0.821875 0.247086 1 0.851562 0.340326 1 0.000000 0.000000 0 0.840625 0.379953 1 0.000000 0.000000 0 0.000000 0.000000 0 0.000000 0.000000 0 0.000000 0.000000 0 0.000000 0.000000 0 0.000000 0.000000 0 0.000000 0.000000 0
0 0.901281 0.265897 0.061781 0.267040 0.893750 0.172494 1 0.900000 0.160839 1 0.000000 0.000000 0 0.918750 0.160839 1 0.000000 0.000000 0 0.910937 0.230769 1 0.937500 0.198135 1 0.895312 0.307692 1 0.000000 0.000000 0 0.879687 0.358974 1 0.000000 0.000000 0 0.000000 0.000000 0 0.000000 0.000000 0 0.000000 0.000000 0 0.000000 0.000000 0 0.000000 0.000000 0 0.000000 0.000000 0