0 0.204648 0.496628 0.094453 0.417986 0.240625 0.323185 1 0.000000 0.000000 0 0.235937 0.313817 1 0.000000 0.000000 0 0.225000 0.316159 1 0.220312 0.358314 1 0.192188 0.358314 1 0.000000 0.000000 0 0.179688 0.426230 1 0.000000 0.000000 0 0.173437 0.470726 1 0.226562 0.501171 1 0.209375 0.501171 1 0.225000 0.576112 1 0.215625 0.587822 1 0.223438 0.646370 1 0.214062 0.658080 1
0 0.272547 0.446932 0.063875 0.324169 0.275000 0.313817 1 0.000000 0.000000 0 0.267188 0.299766 1 0.000000 0.000000 0 0.257812 0.311475 1 0.275000 0.341920 1 0.245312 0.348946 1 0.293750 0.388759 1 0.259375 0.379391 1 0.289062 0.346604 1 0.287500 0.353630 1 0.284375 0.440281 1 0.259375 0.447307 1 0.289062 0.517564 1 0.265625 0.517564 1 0.284375 0.576112 1 0.256250 0.573770 1
0 0.379156 0.447951 0.038125 0.311405 0.000000 0.000000 0 0.000000 0.000000 0 0.000000 0.000000 0 0.000000 0.000000 0 0.000000 0.000000 0 0.000000 0.000000 0 0.373437 0.353630 1 0.000000 0.000000 0 0.370312 0.395785 1 0.000000 0.000000 0 0.376563 0.426230 1 0.000000 0.000000 0 0.000000 0.000000 0 0.000000 0.000000 0 0.000000 0.000000 0 0.000000 0.000000 0 0.000000 0.000000 0
0 0.465187 0.444578 0.071906 0.306066 0.467187 0.320843 1 0.468750 0.318501 1 0.462500 0.318501 1 0.000000 0.000000 0 0.454688 0.318501 1 0.479687 0.344262 1 0.439063 0.358314 1 0.495312 0.398126 1 0.432812 0.393443 1 0.495312 0.393443 1 0.457813 0.400468 1 0.476562 0.437939 1 0.457813 0.435597 1 0.479687 0.494145 1 0.453125 0.501171 1 0.475000 0.545667 1 0.451562 0.566745 1
0 0.494461 0.327564 0.040828 0.114379 0.000000 0.000000 0 0.000000 0.000000 0 0.000000 0.000000 0 0.000000 0.000000 0 0.000000 0.000000 0 0.000000 0.000000 0 0.000000 0.000000 0 0.000000 0.000000 0 0.000000 0.000000 0 0.000000 0.000000 0 0.000000 0.000000 0 0.000000 0.000000 0 0.000000 0.000000 0 0.000000 0.000000 0 0.000000 0.000000 0 0.000000 0.000000 0 0.000000 0.000000 0
0 0.504195 0.298068 0.020766 0.049766 0.000000 0.000000 0 0.000000 0.000000 0 0.000000 0.000000 0 0.000000 0.000000 0 0.000000 0.000000 0 0.000000 0.000000 0 0.000000 0.000000 0 0.000000 0.000000 0 0.000000 0.000000 0 0.000000 0.000000 0 0.000000 0.000000 0 0.000000 0.000000 0 0.000000 0.000000 0 0.000000 0.000000 0 0.000000 0.000000 0 0.000000 0.000000 0 0.000000 0.000000 0
0 0.575727 0.430340 0.047984 0.339321 0.553125 0.290398 1 0.560937 0.283372 1 0.554688 0.281030 1 0.570312 0.281030 1 0.000000 0.000000 0 0.581250 0.320843 1 0.543750 0.318501 1 0.592187 0.353630 1 0.000000 0.000000 0 0.587500 0.384075 1 0.000000 0.000000 0 0.571875 0.402810 1 0.548438 0.398126 1 0.573438 0.461358 1 0.548438 0.461358 1 0.575000 0.529274 1 0.550000 0.522248 1
0 0.416062 0.460796 0.060875 0.362904 0.000000 0.000000 0 0.000000 0.000000 0 0.425000 0.309133 1 0.000000 0.000000 0 0.415625 0.309133 1 0.385937 0.341920 1 0.409375 0.346604 1 0.000000 0.000000 0 0.432812 0.398126 1 0.000000 0.000000 0 0.000000 0.000000 0 0.392188 0.451991 1 0.415625 0.454333 1 0.403125 0.533958 1 0.420312 0.536300 1 0.407813 0.608899 1 0.425000 0.608899 1
0 0.632000 0.418115 0.065625 0.296183 0.628125 0.299766 1 0.632812 0.295082 1 0.625000 0.295082 1 0.637500 0.299766 1 0.621875 0.297424 1 0.650000 0.334895 1 0.609375 0.327869 1 0.650000 0.372365 1 0.603125 0.360656 1 0.651563 0.412178 1 0.603125 0.395785 1 0.632812 0.393443 1 0.614062 0.393443 1 0.632812 0.459016 1 0.610938 0.459016 1 0.634375 0.526932 1 0.612500 0.522248 1
0 0.722656 0.425082 0.089375 0.335129 0.729688 0.292740 1 0.734375 0.285714 1 0.726562 0.285714 1 0.745313 0.281030 1 0.000000 0.000000 0 0.756250 0.320843 1 0.715625 0.311475 1 0.757812 0.377049 1 0.701562 0.360656 1 0.756250 0.423888 1 0.692187 0.398126 1 0.737500 0.426230 1 0.709375 0.426230 1 0.732812 0.491803 1 0.703125 0.477752 1 0.728125 0.569087 1 0.695312 0.559719 1
0 0.861148 0.431979 0.087953 0.351499 0.859375 0.295082 1 0.865625 0.288056 1 0.857812 0.288056 1 0.876563 0.290398 1 0.000000 0.000000 0 0.890625 0.330211 1 0.843750 0.330211 1 0.896875 0.391101 1 0.834375 0.384075 1 0.896875 0.440281 1 0.828125 0.426230 1 0.879687 0.419204 1 0.848437 0.416862 1 0.882812 0.496487 1 0.840625 0.494145 1 0.884375 0.571429 1 0.832812 0.562061 1
0 0.526281 0.431593 0.058781 0.317096 0.520312 0.306792 1 0.526563 0.299766 1 0.518750 0.299766 1 0.535937 0.302108 1 0.000000 0.000000 0 0.551562 0.334895 1 0.506250 0.339578 1 0.554688 0.391101 1 0.504687 0.391101 1 0.556250 0.421546 1 0.504687 0.419204 1 0.539062 0.437939 1 0.518750 0.440281 1 0.540625 0.501171 1 0.517188 0.498829 1 0.542188 0.552693 1 0.518750 0.559719 1
0 0.683906 0.409040 0.051625 0.286042 0.693750 0.306792 1 0.696875 0.297424 1 0.689063 0.297424 1 0.000000 0.000000 0 0.000000 0.000000 0 0.703125 0.327869 1 0.675000 0.325527 1 0.000000 0.000000 0 0.000000 0.000000 0 0.000000 0.000000 0 0.000000 0.000000 0 0.684375 0.395785 1 0.670312 0.395785 1 0.685937 0.470726 1 0.673438 0.461358 1 0.000000 0.000000 0 0.000000 0.000000 0