0 0.487801 0.486516 0.371357 0.775281 0.586433 0.176563 1 0.000000 0.000000 0 0.555799 0.162500 1 0.000000 0.000000 0 0.494530 0.162500 1 0.603939 0.226562 1 0.393873 0.214062 1 0.638950 0.350000 1 0.326039 0.337500 1 0.457330 0.285938 1 0.435449 0.237500 1 0.575492 0.376563 1 0.448578 0.415625 1 0.514223 0.334375 1 0.483589 0.623437 1 0.501094 0.526563 1 0.439825 0.820312 1
0 0.681346 0.561477 0.257309 0.360516 0.000000 0.000000 0 0.000000 0.000000 0 0.000000 0.000000 0 0.656455 0.385937 1 0.000000 0.000000 0 0.684902 0.412500 1 0.577681 0.421875 1 0.774617 0.434375 1 0.000000 0.000000 0 0.682713 0.440625 1 0.000000 0.000000 0 0.693654 0.550000 1 0.603939 0.551562 1 0.671772 0.623437 1 0.617068 0.654687 1 0.680525 0.745313 1 0.630197 0.760938 1
0 0.896094 0.652438 0.207812 0.168906 0.886214 0.610938 1 0.903720 0.604688 1 0.870897 0.606250 1 0.932166 0.612500 1 0.857768 0.610938 1 0.989059 0.657813 1 0.827133 0.668750 1 0.000000 0.000000 0 0.000000 0.000000 0 0.000000 0.000000 0 0.000000 0.000000 0 0.000000 0.000000 0 0.000000 0.000000 0 0.000000 0.000000 0 0.000000 0.000000 0 0.000000 0.000000 0 0.000000 0.000000 0
0 0.704300 0.216281 0.221860 0.185406 0.700219 0.175000 1 0.715536 0.167187 1 0.687090 0.167187 1 0.739606 0.170313 1 0.660832 0.165625 1 0.776805 0.207813 1 0.610503 0.214062 1 0.776805 0.296875 1 0.000000 0.000000 0 0.667396 0.323437 1 0.000000 0.000000 0 0.748359 0.312500 1 0.654267 0.315625 1 0.000000 0.000000 0 0.000000 0.000000 0 0.000000 0.000000 0 0.000000 0.000000 0
0 0.110142 0.530336 0.220284 0.417984 0.096280 0.354687 1 0.105033 0.345313 1 0.080963 0.346875 1 0.000000 0.000000 0 0.043764 0.351562 1 0.142232 0.389062 1 0.024070 0.390625 1 0.190372 0.440625 1 0.000000 0.000000 0 0.067834 0.440625 1 0.000000 0.000000 0 0.153173 0.551562 1 0.061269 0.546875 1 0.142232 0.703125 1 0.085339 0.695312 1 0.000000 0.000000 0 0.000000 0.000000 0
0 0.235853 0.222430 0.200810 0.174016 0.247265 0.176563 1 0.260394 0.173437 1 0.231947 0.171875 1 0.000000 0.000000 0 0.205689 0.182812 1 0.297593 0.215625 1 0.188184 0.221875 1 0.319475 0.303125 1 0.148796 0.300000 1 0.000000 0.000000 0 0.194748 0.226562 1 0.262582 0.334375 1 0.223195 0.332813 1 0.000000 0.000000 0 0.000000 0.000000 0 0.000000 0.000000 0 0.000000 0.000000 0
0 0.791751 0.163461 0.108490 0.123609 0.818381 0.146875 1 0.827133 0.140625 1 0.805252 0.139063 1 0.000000 0.000000 0 0.778993 0.148438 1 0.831510 0.193750 1 0.759300 0.192188 1 0.000000 0.000000 0 0.000000 0.000000 0 0.000000 0.000000 0 0.000000 0.000000 0 0.000000 0.000000 0 0.000000 0.000000 0 0.000000 0.000000 0 0.000000 0.000000 0 0.000000 0.000000 0 0.000000 0.000000 0
0 0.361357 0.136758 0.158512 0.150047 0.356674 0.112500 1 0.369803 0.106250 1 0.339168 0.104688 1 0.000000 0.000000 0 0.304158 0.112500 1 0.420131 0.173437 1 0.251641 0.175000 1 0.000000 0.000000 0 0.000000 0.000000 0 0.000000 0.000000 0 0.000000 0.000000 0 0.000000 0.000000 0 0.000000 0.000000 0 0.000000 0.000000 0 0.000000 0.000000 0 0.000000 0.000000 0 0.000000 0.000000 0
0 0.896247 0.221344 0.205886 0.166063 0.932166 0.176563 1 0.943107 0.170313 1 0.914661 0.170313 1 0.000000 0.000000 0 0.884026 0.178125 1 0.960613 0.225000 1 0.864333 0.215625 1 0.975930 0.296875 1 0.855580 0.270313 1 0.000000 0.000000 0 0.969365 0.268750 1 0.932166 0.307812 1 0.897155 0.306250 1 0.000000 0.000000 0 0.811816 0.279687 1 0.000000 0.000000 0 0.000000 0.000000 0
0 0.575569 0.107359 0.076827 0.049531 0.000000 0.000000 0 0.000000 0.000000 0 0.000000 0.000000 0 0.000000 0.000000 0 0.000000 0.000000 0 0.000000 0.000000 0 0.000000 0.000000 0 0.000000 0.000000 0 0.000000 0.000000 0 0.000000 0.000000 0 0.000000 0.000000 0 0.000000 0.000000 0 0.000000 0.000000 0 0.000000 0.000000 0 0.000000 0.000000 0 0.000000 0.000000 0 0.000000 0.000000 0
0 0.453162 0.100625 0.128425 0.110937 0.459519 0.112500 1 0.466083 0.101562 1 0.446389 0.103125 1 0.485777 0.090625 1 0.415755 0.095312 1 0.000000 0.000000 0 0.389497 0.140625 1 0.000000 0.000000 0 0.000000 0.000000 0 0.000000 0.000000 0 0.000000 0.000000 0 0.000000 0.000000 0 0.000000 0.000000 0 0.000000 0.000000 0 0.000000 0.000000 0 0.000000 0.000000 0 0.000000 0.000000 0
0 0.666455 0.108406 0.106696 0.098562 0.654267 0.121875 1 0.663020 0.114062 1 0.638950 0.114062 1 0.691466 0.106250 1 0.000000 0.000000 0 0.741794 0.135937 1 0.610503 0.142187 1 0.000000 0.000000 0 0.000000 0.000000 0 0.000000 0.000000 0 0.000000 0.000000 0 0.000000 0.000000 0 0.000000 0.000000 0 0.000000 0.000000 0 0.000000 0.000000 0 0.000000 0.000000 0 0.000000 0.000000 0
0 0.957330 0.157547 0.085339 0.155031 0.958425 0.139063 1 0.969365 0.128125 1 0.940919 0.128125 1 0.989059 0.120313 1 0.912473 0.123438 1 0.000000 0.000000 0 0.897155 0.165625 1 0.000000 0.000000 0 0.000000 0.000000 0 0.000000 0.000000 0 0.000000 0.000000 0 0.000000 0.000000 0 0.000000 0.000000 0 0.000000 0.000000 0 0.000000 0.000000 0 0.000000 0.000000 0 0.000000 0.000000 0