0 0.633703 0.475281 0.350562 0.671896 0.585938 0.260417 1 0.595313 0.241667 1 0.576562 0.239583 1 0.643750 0.233333 1 0.000000 0.000000 0 0.653125 0.370833 1 0.684375 0.275000 1 0.593750 0.558333 1 0.000000 0.000000 0 0.509375 0.660417 1 0.000000 0.000000 0 0.739062 0.608333 1 0.781250 0.566667 1 0.726562 0.812500 1 0.000000 0.000000 0 0.000000 0.000000 0 0.000000 0.000000 0
0 0.586797 0.464677 0.225813 0.658729 0.548438 0.266667 1 0.562500 0.239583 1 0.540625 0.241667 1 0.604688 0.227083 1 0.000000 0.000000 0 0.667188 0.308333 1 0.534375 0.341667 1 0.000000 0.000000 0 0.534375 0.472917 1 0.000000 0.000000 0 0.495312 0.612500 1 0.676562 0.560417 1 0.592187 0.575000 1 0.707812 0.743750 1 0.579688 0.756250 1 0.000000 0.000000 0 0.000000 0.000000 0
0 0.478469 0.443458 0.157406 0.638750 0.467187 0.227083 1 0.479687 0.206250 1 0.451562 0.212500 1 0.498437 0.193750 1 0.429688 0.212500 1 0.523438 0.241667 1 0.429688 0.335417 1 0.000000 0.000000 0 0.445312 0.475000 1 0.000000 0.000000 0 0.457813 0.618750 1 0.567187 0.506250 1 0.504687 0.558333 1 0.000000 0.000000 0 0.000000 0.000000 0 0.000000 0.000000 0 0.000000 0.000000 0
0 0.388492 0.458479 0.090047 0.549792 0.398438 0.237500 1 0.406250 0.227083 1 0.389062 0.229167 1 0.418750 0.231250 1 0.378125 0.235417 1 0.439063 0.277083 1 0.362500 0.289583 1 0.000000 0.000000 0 0.353125 0.372917 1 0.000000 0.000000 0 0.410938 0.358333 1 0.435937 0.441667 1 0.389062 0.452083 1 0.423438 0.568750 1 0.376563 0.566667 1 0.412500 0.687500 1 0.368750 0.691667 1
0 0.299359 0.443979 0.111187 0.479750 0.290625 0.245833 1 0.295312 0.235417 1 0.281250 0.237500 1 0.306250 0.239583 1 0.273438 0.247917 1 0.332813 0.283333 1 0.254688 0.289583 1 0.337500 0.364583 1 0.253125 0.370833 1 0.312500 0.418750 1 0.292187 0.412500 1 0.325000 0.414583 1 0.267188 0.416667 1 0.334375 0.535417 1 0.276562 0.537500 1 0.339062 0.633333 1 0.281250 0.641667 1
0 0.170227 0.443448 0.131453 0.523604 0.162500 0.229167 1 0.168750 0.216667 1 0.153125 0.218750 1 0.178125 0.222917 1 0.142187 0.229167 1 0.203125 0.281250 1 0.125000 0.283333 1 0.221875 0.343750 1 0.118750 0.343750 1 0.176563 0.358333 1 0.162500 0.372917 1 0.196875 0.410417 1 0.135937 0.412500 1 0.198437 0.520833 1 0.162500 0.535417 1 0.214062 0.652083 1 0.170313 0.660417 1
0 0.071156 0.467729 0.111344 0.505792 0.070312 0.264583 1 0.076563 0.258333 1 0.060937 0.256250 1 0.000000 0.000000 0 0.046875 0.266667 1 0.087500 0.312500 1 0.028125 0.310417 1 0.115625 0.379167 1 0.042188 0.377083 1 0.079687 0.366667 1 0.087500 0.387500 1 0.103125 0.458333 1 0.053125 0.458333 1 0.098437 0.566667 1 0.060937 0.575000 1 0.090625 0.681250 1 0.057813 0.704167 1
0 0.845750 0.428604 0.154563 0.621458 0.828125 0.168750 1 0.839063 0.158333 1 0.821875 0.160417 1 0.854688 0.156250 1 0.000000 0.000000 0 0.875000 0.218750 1 0.803125 0.231250 1 0.915625 0.318750 1 0.773438 0.327083 1 0.856250 0.393750 1 0.809375 0.393750 1 0.879687 0.443750 1 0.820312 0.445833 1 0.884375 0.583333 1 0.818750 0.579167 1 0.879687 0.679167 1 0.817187 0.668750 1
0 0.961469 0.437646 0.077063 0.592958 0.984375 0.185417 1 0.993750 0.179167 1 0.976562 0.179167 1 0.000000 0.000000 0 0.964063 0.181250 1 0.000000 0.000000 0 0.946875 0.260417 1 0.000000 0.000000 0 0.921875 0.343750 1 0.000000 0.000000 0 0.962500 0.400000 1 0.000000 0.000000 0 0.960938 0.445833 1 0.000000 0.000000 0 0.967187 0.568750 1 0.000000 0.000000 0 0.970313 0.685417 1
0 0.928195 0.372573 0.075641 0.462229 0.925000 0.179167 1 0.929688 0.170833 1 0.917188 0.170833 1 0.940625 0.179167 1 0.906250 0.179167 1 0.962500 0.225000 1 0.890625 0.222917 1 0.000000 0.000000 0 0.000000 0.000000 0 0.000000 0.000000 0 0.000000 0.000000 0 0.945312 0.379167 1 0.901563 0.379167 1 0.000000 0.000000 0 0.000000 0.000000 0 0.000000 0.000000 0 0.000000 0.000000 0
0 0.694234 0.195240 0.062062 0.090313 0.723437 0.202083 1 0.000000 0.000000 0 0.715625 0.193750 1 0.000000 0.000000 0 0.700000 0.210417 1 0.000000 0.000000 0 0.000000 0.000000 0 0.000000 0.000000 0 0.000000 0.000000 0 0.000000 0.000000 0 0.000000 0.000000 0 0.000000 0.000000 0 0.000000 0.000000 0 0.000000 0.000000 0 0.000000 0.000000 0 0.000000 0.000000 0 0.000000 0.000000 0
0 0.258797 0.263729 0.029719 0.069583 0.000000 0.000000 0 0.000000 0.000000 0 0.000000 0.000000 0 0.000000 0.000000 0 0.000000 0.000000 0 0.000000 0.000000 0 0.000000 0.000000 0 0.000000 0.000000 0 0.000000 0.000000 0 0.000000 0.000000 0 0.000000 0.000000 0 0.000000 0.000000 0 0.000000 0.000000 0 0.000000 0.000000 0 0.000000 0.000000 0 0.000000 0.000000 0 0.000000 0.000000 0
0 0.349875 0.261146 0.027687 0.067417 0.000000 0.000000 0 0.000000 0.000000 0 0.000000 0.000000 0 0.000000 0.000000 0 0.000000 0.000000 0 0.000000 0.000000 0 0.000000 0.000000 0 0.000000 0.000000 0 0.000000 0.000000 0 0.000000 0.000000 0 0.000000 0.000000 0 0.000000 0.000000 0 0.000000 0.000000 0 0.000000 0.000000 0 0.000000 0.000000 0 0.000000 0.000000 0 0.000000 0.000000 0