0 0.893336 0.502527 0.113797 0.402079 0.857812 0.347921 1 0.864062 0.339168 1 0.851562 0.341357 1 0.881250 0.334792 1 0.000000 0.000000 0 0.887500 0.385120 1 0.878125 0.385120 1 0.890625 0.459519 1 0.884375 0.448578 1 0.871875 0.466083 1 0.864062 0.455142 1 0.928125 0.487965 1 0.907813 0.481400 1 0.918750 0.584245 1 0.901563 0.584245 1 0.920312 0.669584 1 0.904687 0.665208 1
0 0.558398 0.340700 0.045172 0.126477 0.554688 0.301969 1 0.556250 0.297593 1 0.551562 0.301969 1 0.000000 0.000000 0 0.545312 0.304158 1 0.559375 0.306346 1 0.542188 0.308534 1 0.573438 0.321663 1 0.545312 0.328228 1 0.576562 0.343545 1 0.562500 0.332604 1 0.556250 0.339168 1 0.543750 0.354486 1 0.567187 0.336980 1 0.557813 0.339168 1 0.565625 0.385120 1 0.557813 0.387309 1
0 0.624203 0.403359 0.054750 0.139147 0.621875 0.361050 1 0.625000 0.356674 1 0.618750 0.356674 1 0.629687 0.358862 1 0.614062 0.358862 1 0.628125 0.376368 1 0.609375 0.376368 1 0.643750 0.400438 1 0.604688 0.396061 1 0.628125 0.415755 1 0.603125 0.407002 1 0.621875 0.422319 1 0.609375 0.420131 1 0.000000 0.000000 0 0.000000 0.000000 0 0.000000 0.000000 0 0.000000 0.000000 0
0 0.750188 0.563917 0.131312 0.258293 0.759375 0.468271 1 0.765625 0.463895 1 0.756250 0.463895 1 0.000000 0.000000 0 0.000000 0.000000 0 0.782813 0.505470 1 0.743750 0.503282 1 0.810937 0.536105 1 0.710938 0.547046 1 0.776563 0.536105 1 0.729688 0.527352 1 0.770312 0.606127 1 0.742188 0.601751 1 0.754687 0.636761 1 0.707812 0.566740 1 0.000000 0.000000 0 0.720313 0.652079 1
0 0.767508 0.393818 0.103359 0.180941 0.778125 0.341357 1 0.000000 0.000000 0 0.776563 0.334792 1 0.000000 0.000000 0 0.768750 0.332604 1 0.770312 0.350109 1 0.748437 0.350109 1 0.779687 0.387309 1 0.721875 0.369803 1 0.782813 0.413567 1 0.734375 0.411379 1 0.782813 0.424508 1 0.765625 0.426696 1 0.809375 0.439825 1 0.000000 0.000000 0 0.779687 0.477024 1 0.000000 0.000000 0
0 0.721875 0.293917 0.059875 0.136411 0.715625 0.251641 1 0.718750 0.247265 1 0.000000 0.000000 0 0.725000 0.247265 1 0.000000 0.000000 0 0.732812 0.260394 1 0.714063 0.262582 1 0.732812 0.288840 1 0.696875 0.273523 1 0.712500 0.273523 1 0.720313 0.277899 1 0.726562 0.312910 1 0.709375 0.315098 1 0.725000 0.299781 1 0.701562 0.291028 1 0.717187 0.343545 1 0.701562 0.339168 1
0 0.950828 0.374814 0.048000 0.148096 0.950000 0.332604 1 0.951562 0.326039 1 0.945312 0.326039 1 0.960938 0.326039 1 0.000000 0.000000 0 0.971875 0.354486 1 0.931250 0.358862 1 0.000000 0.000000 0 0.000000 0.000000 0 0.000000 0.000000 0 0.000000 0.000000 0 0.965625 0.428884 1 0.934375 0.428884 1 0.000000 0.000000 0 0.000000 0.000000 0 0.000000 0.000000 0 0.000000 0.000000 0
0 0.160820 0.577702 0.154391 0.752254 0.000000 0.000000 0 0.000000 0.000000 0 0.000000 0.000000 0 0.000000 0.000000 0 0.181250 0.339168 1 0.000000 0.000000 0 0.154688 0.382932 1 0.000000 0.000000 0 0.223438 0.347921 1 0.207813 0.262582 1 0.220312 0.266958 1 0.000000 0.000000 0 0.126562 0.617068 1 0.000000 0.000000 0 0.134375 0.759300 1 0.000000 0.000000 0 0.110937 0.940919 1
0 0.115641 0.388982 0.060219 0.235646 0.125000 0.312910 1 0.131250 0.299781 1 0.121875 0.297593 1 0.000000 0.000000 0 0.117188 0.297593 1 0.137500 0.336980 1 0.096875 0.336980 1 0.135937 0.363239 1 0.096875 0.376368 1 0.000000 0.000000 0 0.000000 0.000000 0 0.120313 0.415755 1 0.103125 0.413567 1 0.000000 0.000000 0 0.000000 0.000000 0 0.000000 0.000000 0 0.000000 0.000000 0
0 0.375750 0.486204 0.071750 0.157002 0.364063 0.437637 1 0.367188 0.431072 1 0.362500 0.431072 1 0.378125 0.435449 1 0.000000 0.000000 0 0.387500 0.448578 1 0.354687 0.452954 1 0.395313 0.481400 1 0.353125 0.483589 1 0.385937 0.490153 1 0.364063 0.490153 1 0.382812 0.512035 1 0.365625 0.512035 1 0.400000 0.503282 1 0.348438 0.505470 1 0.396875 0.540481 1 0.365625 0.544858 1
0 0.473078 0.427965 0.091688 0.258468 0.478125 0.328228 1 0.479687 0.323851 1 0.475000 0.321663 1 0.000000 0.000000 0 0.467187 0.323851 1 0.490625 0.350109 1 0.456250 0.352298 1 0.512500 0.376368 1 0.446875 0.389497 1 0.489063 0.393873 1 0.457813 0.402626 1 0.481250 0.409190 1 0.459375 0.411379 1 0.484375 0.479212 1 0.446875 0.483589 1 0.485938 0.540481 1 0.446875 0.544858 1
0 0.639469 0.488906 0.067438 0.147133 0.637500 0.446389 1 0.639062 0.442013 1 0.634375 0.439825 1 0.650000 0.442013 1 0.000000 0.000000 0 0.659375 0.463895 1 0.628125 0.468271 1 0.650000 0.485777 1 0.612500 0.485777 1 0.639062 0.459519 1 0.628125 0.459519 1 0.654687 0.514223 1 0.635938 0.514223 1 0.651563 0.498906 1 0.612500 0.498906 1 0.657813 0.547046 1 0.632812 0.542670 1
0 0.819375 0.381586 0.059656 0.122341 0.817187 0.354486 1 0.821875 0.350109 1 0.814063 0.350109 1 0.826562 0.354486 1 0.807813 0.354486 1 0.831250 0.367615 1 0.803125 0.367615 1 0.837500 0.407002 1 0.796875 0.407002 1 0.000000 0.000000 0 0.821875 0.417943 1 0.000000 0.000000 0 0.000000 0.000000 0 0.000000 0.000000 0 0.000000 0.000000 0 0.000000 0.000000 0 0.000000 0.000000 0