0 0.486742 0.653500 0.198078 0.361167 0.564063 0.554167 1 0.000000 0.000000 0 0.570312 0.547917 1 0.000000 0.000000 0 0.568750 0.533333 1 0.528125 0.568750 1 0.539062 0.514583 1 0.515625 0.614583 1 0.503125 0.485417 1 0.546875 0.658333 1 0.464062 0.479167 1 0.485938 0.610417 1 0.467187 0.593750 1 0.481250 0.691667 1 0.445312 0.687500 1 0.495312 0.793750 1 0.410938 0.785417 1
0 0.816578 0.127135 0.045844 0.162688 0.815625 0.062500 1 0.818750 0.060417 1 0.812500 0.060417 1 0.821875 0.060417 1 0.810937 0.060417 1 0.828125 0.079167 1 0.803125 0.079167 1 0.829688 0.100000 1 0.804688 0.100000 1 0.823438 0.110417 1 0.807813 0.110417 1 0.821875 0.122917 1 0.810937 0.122917 1 0.826562 0.158333 1 0.807813 0.160417 1 0.832812 0.193750 1 0.801562 0.193750 1
0 0.323664 0.394333 0.064734 0.123042 0.346875 0.360417 1 0.000000 0.000000 0 0.000000 0.000000 0 0.000000 0.000000 0 0.335938 0.350000 1 0.337500 0.368750 1 0.325000 0.366667 1 0.339062 0.404167 1 0.318750 0.410417 1 0.337500 0.437500 1 0.318750 0.443750 1 0.312500 0.393750 1 0.301563 0.395833 1 0.334375 0.437500 1 0.340625 0.391667 1 0.296875 0.420833 1 0.317188 0.433333 1
0 0.243367 0.423312 0.097297 0.136167 0.281250 0.381250 1 0.284375 0.377083 1 0.278125 0.377083 1 0.000000 0.000000 0 0.267188 0.375000 1 0.273438 0.395833 1 0.254688 0.395833 1 0.275000 0.433333 1 0.253125 0.437500 1 0.278125 0.466667 1 0.256250 0.475000 1 0.243750 0.427083 1 0.225000 0.429167 1 0.270313 0.425000 1 0.246875 0.481250 1 0.242188 0.470833 1 0.214062 0.460417 1
0 0.673320 0.072667 0.038766 0.069667 0.000000 0.000000 0 0.000000 0.000000 0 0.000000 0.000000 0 0.000000 0.000000 0 0.000000 0.000000 0 0.000000 0.000000 0 0.000000 0.000000 0 0.000000 0.000000 0 0.000000 0.000000 0 0.000000 0.000000 0 0.000000 0.000000 0 0.000000 0.000000 0 0.000000 0.000000 0 0.000000 0.000000 0 0.000000 0.000000 0 0.000000 0.000000 0 0.000000 0.000000 0
0 0.036492 0.125104 0.036453 0.054000 0.000000 0.000000 0 0.000000 0.000000 0 0.000000 0.000000 0 0.000000 0.000000 0 0.000000 0.000000 0 0.000000 0.000000 0 0.000000 0.000000 0 0.000000 0.000000 0 0.000000 0.000000 0 0.000000 0.000000 0 0.000000 0.000000 0 0.000000 0.000000 0 0.000000 0.000000 0 0.000000 0.000000 0 0.000000 0.000000 0 0.000000 0.000000 0 0.000000 0.000000 0
0 0.411234 0.132052 0.033188 0.103271 0.000000 0.000000 0 0.000000 0.000000 0 0.000000 0.000000 0 0.000000 0.000000 0 0.000000 0.000000 0 0.000000 0.000000 0 0.000000 0.000000 0 0.000000 0.000000 0 0.000000 0.000000 0 0.000000 0.000000 0 0.000000 0.000000 0 0.000000 0.000000 0 0.000000 0.000000 0 0.000000 0.000000 0 0.000000 0.000000 0 0.000000 0.000000 0 0.000000 0.000000 0
0 0.877703 0.060083 0.030312 0.095208 0.000000 0.000000 0 0.000000 0.000000 0 0.000000 0.000000 0 0.000000 0.000000 0 0.000000 0.000000 0 0.000000 0.000000 0 0.000000 0.000000 0 0.000000 0.000000 0 0.000000 0.000000 0 0.000000 0.000000 0 0.000000 0.000000 0 0.000000 0.000000 0 0.000000 0.000000 0 0.000000 0.000000 0 0.000000 0.000000 0 0.000000 0.000000 0 0.000000 0.000000 0
0 0.031086 0.931417 0.060984 0.134875 0.000000 0.000000 0 0.000000 0.000000 0 0.000000 0.000000 0 0.000000 0.000000 0 0.035937 0.900000 1 0.000000 0.000000 0 0.035937 0.941667 1 0.000000 0.000000 0 0.000000 0.000000 0 0.000000 0.000000 0 0.000000 0.000000 0 0.000000 0.000000 0 0.000000 0.000000 0 0.000000 0.000000 0 0.000000 0.000000 0 0.000000 0.000000 0 0.000000 0.000000 0
0 0.378852 0.131021 0.047078 0.125542 0.000000 0.000000 0 0.000000 0.000000 0 0.000000 0.000000 0 0.000000 0.000000 0 0.000000 0.000000 0 0.000000 0.000000 0 0.000000 0.000000 0 0.000000 0.000000 0 0.000000 0.000000 0 0.000000 0.000000 0 0.000000 0.000000 0 0.000000 0.000000 0 0.000000 0.000000 0 0.000000 0.000000 0 0.000000 0.000000 0 0.000000 0.000000 0 0.000000 0.000000 0
0 0.238102 0.150896 0.096797 0.200042 0.228125 0.075000 1 0.229687 0.068750 1 0.225000 0.068750 1 0.000000 0.000000 0 0.215625 0.068750 1 0.228125 0.091667 1 0.207813 0.093750 1 0.237500 0.116667 1 0.210938 0.129167 1 0.246875 0.133333 1 0.231250 0.143750 1 0.231250 0.156250 1 0.214062 0.158333 1 0.262500 0.164583 1 0.243750 0.168750 1 0.265625 0.220833 1 0.239063 0.225000 1