0 0.677312 0.441953 0.091281 0.569506 0.000000 0.000000 0 0.000000 0.000000 0 0.000000 0.000000 0 0.664062 0.204706 1 0.698438 0.204706 1 0.643750 0.261176 1 0.693750 0.251765 1 0.635938 0.331765 1 0.703125 0.357647 1 0.000000 0.000000 0 0.000000 0.000000 0 0.646875 0.418824 1 0.679688 0.421176 1 0.659375 0.552941 1 0.684375 0.550588 1 0.656250 0.654118 1 0.664062 0.691765 1
0 0.375492 0.262941 0.035391 0.060329 0.000000 0.000000 0 0.000000 0.000000 0 0.000000 0.000000 0 0.000000 0.000000 0 0.000000 0.000000 0 0.000000 0.000000 0 0.000000 0.000000 0 0.000000 0.000000 0 0.000000 0.000000 0 0.000000 0.000000 0 0.000000 0.000000 0 0.000000 0.000000 0 0.000000 0.000000 0 0.000000 0.000000 0 0.000000 0.000000 0 0.000000 0.000000 0 0.000000 0.000000 0
0 0.274367 0.356741 0.167516 0.399506 0.282813 0.251765 1 0.000000 0.000000 0 0.276562 0.230588 1 0.000000 0.000000 0 0.250000 0.214118 1 0.239063 0.298824 1 0.229687 0.303529 1 0.248438 0.409412 1 0.245312 0.444706 1 0.295312 0.432941 1 0.309375 0.458824 1 0.251563 0.501176 1 0.240625 0.512941 1 0.000000 0.000000 0 0.000000 0.000000 0 0.000000 0.000000 0 0.000000 0.000000 0
0 0.142516 0.589882 0.285031 0.752800 0.121875 0.385882 1 0.000000 0.000000 0 0.114062 0.364706 1 0.000000 0.000000 0 0.060937 0.331765 1 0.095312 0.444706 1 0.007812 0.444706 1 0.156250 0.505882 1 0.076563 0.590588 1 0.226562 0.550588 1 0.168750 0.604706 1 0.090625 0.847059 1 0.026562 0.861176 1 0.000000 0.000000 0 0.000000 0.000000 0 0.000000 0.000000 0 0.000000 0.000000 0
0 0.563469 0.382741 0.072813 0.354188 0.000000 0.000000 0 0.000000 0.000000 0 0.000000 0.000000 0 0.542188 0.230588 1 0.000000 0.000000 0 0.545312 0.263529 1 0.582812 0.256471 1 0.537500 0.324706 1 0.000000 0.000000 0 0.000000 0.000000 0 0.000000 0.000000 0 0.554688 0.362353 1 0.584375 0.360000 1 0.554688 0.449412 1 0.585938 0.444706 1 0.562500 0.529412 1 0.584375 0.517647 1
0 0.476500 0.270588 0.021906 0.073741 0.000000 0.000000 0 0.000000 0.000000 0 0.000000 0.000000 0 0.000000 0.000000 0 0.000000 0.000000 0 0.000000 0.000000 0 0.000000 0.000000 0 0.000000 0.000000 0 0.000000 0.000000 0 0.000000 0.000000 0 0.000000 0.000000 0 0.000000 0.000000 0 0.000000 0.000000 0 0.000000 0.000000 0 0.000000 0.000000 0 0.000000 0.000000 0 0.000000 0.000000 0
0 0.178531 0.367788 0.155812 0.439765 0.215625 0.270588 1 0.000000 0.000000 0 0.209375 0.249412 1 0.000000 0.000000 0 0.178125 0.221176 1 0.176563 0.334118 1 0.107813 0.324706 1 0.195312 0.447059 1 0.120313 0.477647 1 0.235937 0.545882 1 0.210938 0.541176 1 0.195312 0.609412 1 0.142187 0.632941 1 0.000000 0.000000 0 0.000000 0.000000 0 0.000000 0.000000 0 0.000000 0.000000 0
0 0.457820 0.272318 0.021703 0.066376 0.000000 0.000000 0 0.000000 0.000000 0 0.000000 0.000000 0 0.000000 0.000000 0 0.000000 0.000000 0 0.000000 0.000000 0 0.000000 0.000000 0 0.000000 0.000000 0 0.000000 0.000000 0 0.000000 0.000000 0 0.000000 0.000000 0 0.000000 0.000000 0 0.000000 0.000000 0 0.000000 0.000000 0 0.000000 0.000000 0 0.000000 0.000000 0 0.000000 0.000000 0
0 0.614664 0.271482 0.046859 0.147906 0.000000 0.000000 0 0.000000 0.000000 0 0.000000 0.000000 0 0.606250 0.216471 1 0.620313 0.218824 1 0.593750 0.258824 1 0.632812 0.254118 1 0.593750 0.298824 1 0.635938 0.291765 1 0.000000 0.000000 0 0.000000 0.000000 0 0.603125 0.327059 1 0.628125 0.329412 1 0.000000 0.000000 0 0.000000 0.000000 0 0.000000 0.000000 0 0.000000 0.000000 0
0 0.752445 0.521729 0.139016 0.618565 0.778125 0.298824 1 0.000000 0.000000 0 0.778125 0.282353 1 0.000000 0.000000 0 0.759375 0.270588 1 0.721875 0.322353 1 0.754687 0.345882 1 0.000000 0.000000 0 0.751563 0.451765 1 0.784375 0.437647 1 0.793750 0.449412 1 0.707812 0.475294 1 0.729688 0.482353 1 0.714063 0.649412 1 0.735938 0.665882 1 0.695312 0.750588 1 0.726562 0.790588 1
0 0.457641 0.255576 0.020688 0.043529 0.000000 0.000000 0 0.000000 0.000000 0 0.000000 0.000000 0 0.000000 0.000000 0 0.000000 0.000000 0 0.000000 0.000000 0 0.000000 0.000000 0 0.000000 0.000000 0 0.000000 0.000000 0 0.000000 0.000000 0 0.000000 0.000000 0 0.000000 0.000000 0 0.000000 0.000000 0 0.000000 0.000000 0 0.000000 0.000000 0 0.000000 0.000000 0 0.000000 0.000000 0
0 0.895219 0.583765 0.209563 0.832471 0.984375 0.305882 1 0.000000 0.000000 0 0.989062 0.289412 1 0.000000 0.000000 0 0.967187 0.261176 1 0.867188 0.327059 1 0.928125 0.348235 1 0.000000 0.000000 0 0.895312 0.508235 1 0.931250 0.560000 1 0.953125 0.611765 1 0.810937 0.625882 1 0.859375 0.668235 1 0.826562 0.835294 1 0.879687 0.877647 1 0.000000 0.000000 0 0.000000 0.000000 0
0 0.010477 0.253412 0.018016 0.136800 0.000000 0.000000 0 0.000000 0.000000 0 0.000000 0.000000 0 0.000000 0.000000 0 0.000000 0.000000 0 0.000000 0.000000 0 0.000000 0.000000 0 0.000000 0.000000 0 0.000000 0.000000 0 0.000000 0.000000 0 0.000000 0.000000 0 0.000000 0.000000 0 0.000000 0.000000 0 0.000000 0.000000 0 0.000000 0.000000 0 0.000000 0.000000 0 0.000000 0.000000 0