0 0.342050 0.500560 0.455060 0.998879 0.398000 0.182891 1 0.000000 0.000000 0 0.378000 0.153392 1 0.000000 0.000000 0 0.322000 0.135693 1 0.326000 0.241888 1 0.284000 0.235988 1 0.000000 0.000000 0 0.346000 0.463127 1 0.382000 0.297935 1 0.490000 0.412979 1 0.224000 0.654867 1 0.222000 0.666667 1 0.000000 0.000000 0 0.000000 0.000000 0 0.000000 0.000000 0 0.000000 0.000000 0
0 0.906040 0.373038 0.187920 0.274159 0.932000 0.318584 1 0.942000 0.306785 1 0.916000 0.309735 1 0.000000 0.000000 0 0.882000 0.333333 1 0.952000 0.436578 1 0.834000 0.430678 1 0.000000 0.000000 0 0.000000 0.000000 0 0.000000 0.000000 0 0.000000 0.000000 0 0.000000 0.000000 0 0.000000 0.000000 0 0.000000 0.000000 0 0.000000 0.000000 0 0.000000 0.000000 0 0.000000 0.000000 0
0 0.916980 0.141888 0.123680 0.281534 0.916000 0.011799 1 0.000000 0.000000 0 0.000000 0.000000 0 0.000000 0.000000 0 0.878000 0.008850 1 0.956000 0.103245 1 0.858000 0.094395 1 0.000000 0.000000 0 0.000000 0.000000 0 0.000000 0.000000 0 0.000000 0.000000 0 0.000000 0.000000 0 0.000000 0.000000 0 0.000000 0.000000 0 0.000000 0.000000 0 0.000000 0.000000 0 0.000000 0.000000 0
0 0.807970 0.253363 0.144420 0.506726 0.850000 0.014749 1 0.858000 0.002950 1 0.832000 0.000000 1 0.000000 0.000000 0 0.804000 0.011799 1 0.872000 0.126844 1 0.776000 0.132743 1 0.000000 0.000000 0 0.750000 0.280236 1 0.000000 0.000000 0 0.836000 0.283186 1 0.864000 0.392330 1 0.802000 0.389381 1 0.000000 0.000000 0 0.000000 0.000000 0 0.000000 0.000000 0 0.000000 0.000000 0
0 0.651340 0.194381 0.169120 0.384277 0.660000 0.014749 1 0.672000 0.005900 1 0.646000 0.005900 1 0.000000 0.000000 0 0.610000 0.008850 1 0.700000 0.123894 1 0.576000 0.123894 1 0.000000 0.000000 0 0.000000 0.000000 0 0.000000 0.000000 0 0.000000 0.000000 0 0.000000 0.000000 0 0.000000 0.000000 0 0.000000 0.000000 0 0.000000 0.000000 0 0.000000 0.000000 0 0.000000 0.000000 0
0 0.507360 0.191003 0.185880 0.377522 0.488000 0.002950 1 0.000000 0.000000 0 0.000000 0.000000 0 0.000000 0.000000 0 0.000000 0.000000 0 0.540000 0.097345 1 0.416000 0.097345 1 0.572000 0.256637 1 0.380000 0.259587 1 0.566000 0.415929 1 0.400000 0.445428 1 0.528000 0.401180 1 0.436000 0.404130 1 0.000000 0.000000 0 0.000000 0.000000 0 0.000000 0.000000 0 0.000000 0.000000 0
0 0.214820 0.184263 0.118840 0.368525 0.248000 0.076696 1 0.258000 0.064897 1 0.232000 0.061947 1 0.000000 0.000000 0 0.200000 0.079646 1 0.300000 0.162242 1 0.182000 0.200590 1 0.000000 0.000000 0 0.188000 0.345133 1 0.000000 0.000000 0 0.000000 0.000000 0 0.000000 0.000000 0 0.000000 0.000000 0 0.000000 0.000000 0 0.000000 0.000000 0 0.000000 0.000000 0 0.000000 0.000000 0
0 0.046510 0.239602 0.093020 0.479204 0.082000 0.038348 1 0.082000 0.020649 1 0.066000 0.026549 1 0.000000 0.000000 0 0.026000 0.053097 1 0.096000 0.144543 1 0.004000 0.188791 1 0.000000 0.000000 0 0.000000 0.000000 0 0.000000 0.000000 0 0.000000 0.000000 0 0.102000 0.412979 1 0.016000 0.436578 1 0.000000 0.000000 0 0.000000 0.000000 0 0.000000 0.000000 0 0.000000 0.000000 0
0 0.698560 0.352434 0.169120 0.323569 0.730000 0.306785 1 0.738000 0.289086 1 0.716000 0.289086 1 0.000000 0.000000 0 0.684000 0.306785 1 0.772000 0.401180 1 0.634000 0.415929 1 0.000000 0.000000 0 0.000000 0.000000 0 0.000000 0.000000 0 0.000000 0.000000 0 0.000000 0.000000 0 0.000000 0.000000 0 0.000000 0.000000 0 0.000000 0.000000 0 0.000000 0.000000 0 0.000000 0.000000 0
0 0.476170 0.398053 0.155940 0.233628 0.470000 0.362832 1 0.476000 0.345133 1 0.454000 0.351032 1 0.000000 0.000000 0 0.420000 0.371681 1 0.516000 0.466077 1 0.400000 0.474926 1 0.000000 0.000000 0 0.000000 0.000000 0 0.000000 0.000000 0 0.000000 0.000000 0 0.000000 0.000000 0 0.000000 0.000000 0 0.000000 0.000000 0 0.000000 0.000000 0 0.000000 0.000000 0 0.000000 0.000000 0
0 0.084950 0.438628 0.117460 0.200855 0.106000 0.433628 1 0.106000 0.412979 1 0.088000 0.412979 1 0.000000 0.000000 0 0.044000 0.427729 1 0.102000 0.492625 1 0.010000 0.495575 1 0.000000 0.000000 0 0.000000 0.000000 0 0.000000 0.000000 0 0.000000 0.000000 0 0.000000 0.000000 0 0.000000 0.000000 0 0.000000 0.000000 0 0.000000 0.000000 0 0.000000 0.000000 0 0.000000 0.000000 0
0 0.106730 0.329440 0.128420 0.418643 0.138000 0.200590 1 0.144000 0.182891 1 0.124000 0.185841 1 0.000000 0.000000 0 0.088000 0.200590 1 0.142000 0.300885 1 0.086000 0.309735 1 0.000000 0.000000 0 0.108000 0.477876 1 0.000000 0.000000 0 0.160000 0.569322 1 0.160000 0.533923 1 0.132000 0.548673 1 0.000000 0.000000 0 0.000000 0.000000 0 0.000000 0.000000 0 0.000000 0.000000 0
0 0.088700 0.717478 0.173880 0.487050 0.000000 0.000000 0 0.000000 0.000000 0 0.000000 0.000000 0 0.000000 0.000000 0 0.000000 0.000000 0 0.026000 0.507375 1 0.000000 0.000000 0 0.062000 0.651917 1 0.000000 0.000000 0 0.068000 0.716814 1 0.000000 0.000000 0 0.020000 0.743363 1 0.000000 0.000000 0 0.136000 0.834808 1 0.030000 0.802360 1 0.000000 0.000000 0 0.000000 0.000000 0