0 0.255406 0.486921 0.172437 0.489165 0.245312 0.292276 1 0.251563 0.283925 1 0.234375 0.286013 1 0.265625 0.296451 1 0.218750 0.302714 1 0.292187 0.369520 1 0.201563 0.377871 1 0.320312 0.484342 1 0.175000 0.486430 1 0.296875 0.572025 1 0.187500 0.567850 1 0.285938 0.613779 1 0.210938 0.613779 1 0.276562 0.743215 1 0.220312 0.745303 1 0.000000 0.000000 0 0.000000 0.000000 0
0 0.911531 0.426420 0.086781 0.177349 0.898438 0.375783 1 0.901563 0.369520 1 0.893750 0.371608 1 0.914062 0.367432 1 0.000000 0.000000 0 0.942187 0.405010 1 0.878125 0.411273 1 0.939063 0.467641 1 0.000000 0.000000 0 0.912500 0.467641 1 0.000000 0.000000 0 0.000000 0.000000 0 0.000000 0.000000 0 0.000000 0.000000 0 0.000000 0.000000 0 0.000000 0.000000 0 0.000000 0.000000 0
0 0.040367 0.510115 0.077359 0.382025 0.001563 0.375783 1 0.006250 0.369520 1 0.000000 0.000000 0 0.021875 0.375783 1 0.000000 0.000000 0 0.000000 0.000000 0 0.000000 0.000000 0 0.000000 0.000000 0 0.000000 0.000000 0 0.000000 0.000000 0 0.000000 0.000000 0 0.000000 0.000000 0 0.000000 0.000000 0 0.000000 0.000000 0 0.000000 0.000000 0 0.000000 0.000000 0 0.000000 0.000000 0
0 0.766133 0.599102 0.412984 0.781545 0.743750 0.334029 1 0.760938 0.319415 1 0.743750 0.311065 1 0.842187 0.354906 1 0.000000 0.000000 0 0.871875 0.572025 1 0.751563 0.492693 1 0.865625 0.766180 1 0.000000 0.000000 0 0.682813 0.782881 1 0.650000 0.695198 1 0.760938 0.966597 1 0.687500 0.939457 1 0.000000 0.000000 0 0.000000 0.000000 0 0.000000 0.000000 0 0.000000 0.000000 0
0 0.661687 0.489624 0.195281 0.419582 0.690625 0.359081 1 0.700000 0.340292 1 0.676562 0.348643 1 0.721875 0.336117 1 0.664062 0.361169 1 0.757812 0.448852 1 0.656250 0.448852 1 0.000000 0.000000 0 0.620313 0.569937 1 0.000000 0.000000 0 0.640625 0.626305 1 0.732812 0.684760 1 0.650000 0.672234 1 0.000000 0.000000 0 0.000000 0.000000 0 0.000000 0.000000 0 0.000000 0.000000 0
0 0.586422 0.591775 0.186656 0.760000 0.589063 0.290188 1 0.598437 0.271399 1 0.573438 0.277662 1 0.618750 0.275574 1 0.565625 0.290188 1 0.653125 0.367432 1 0.545312 0.373695 1 0.000000 0.000000 0 0.510938 0.488518 1 0.000000 0.000000 0 0.515625 0.576200 1 0.635938 0.588727 1 0.550000 0.582463 1 0.626563 0.776618 1 0.542188 0.774530 1 0.635938 0.939457 1 0.537500 0.924843 1
0 0.508164 0.579635 0.142328 0.572714 0.535937 0.340292 1 0.545312 0.329854 1 0.528125 0.334029 1 0.564063 0.336117 1 0.000000 0.000000 0 0.000000 0.000000 0 0.517188 0.415449 1 0.000000 0.000000 0 0.481250 0.505219 1 0.000000 0.000000 0 0.504687 0.599165 1 0.540625 0.601253 1 0.562500 0.603340 1 0.503125 0.722338 1 0.589063 0.709812 1 0.465625 0.824635 1 0.592187 0.841336 1
0 0.178281 0.387641 0.053812 0.123591 0.000000 0.000000 0 0.000000 0.000000 0 0.000000 0.000000 0 0.000000 0.000000 0 0.000000 0.000000 0 0.000000 0.000000 0 0.000000 0.000000 0 0.000000 0.000000 0 0.000000 0.000000 0 0.000000 0.000000 0 0.000000 0.000000 0 0.000000 0.000000 0 0.000000 0.000000 0 0.000000 0.000000 0 0.000000 0.000000 0 0.000000 0.000000 0 0.000000 0.000000 0
0 0.303664 0.356033 0.048547 0.074405 0.000000 0.000000 0 0.000000 0.000000 0 0.000000 0.000000 0 0.000000 0.000000 0 0.000000 0.000000 0 0.000000 0.000000 0 0.000000 0.000000 0 0.000000 0.000000 0 0.000000 0.000000 0 0.000000 0.000000 0 0.000000 0.000000 0 0.000000 0.000000 0 0.000000 0.000000 0 0.000000 0.000000 0 0.000000 0.000000 0 0.000000 0.000000 0 0.000000 0.000000 0
0 0.152891 0.498987 0.032844 0.093633 0.000000 0.000000 0 0.000000 0.000000 0 0.000000 0.000000 0 0.000000 0.000000 0 0.000000 0.000000 0 0.000000 0.000000 0 0.000000 0.000000 0 0.000000 0.000000 0 0.000000 0.000000 0 0.000000 0.000000 0 0.000000 0.000000 0 0.000000 0.000000 0 0.000000 0.000000 0 0.000000 0.000000 0 0.000000 0.000000 0 0.000000 0.000000 0 0.000000 0.000000 0
0 0.111352 0.544739 0.088266 0.257787 0.098437 0.448852 1 0.104688 0.444676 1 0.096875 0.444676 1 0.117188 0.444676 1 0.000000 0.000000 0 0.135937 0.480167 1 0.093750 0.478079 1 0.146875 0.536534 1 0.000000 0.000000 0 0.109375 0.549061 1 0.082812 0.482255 1 0.115625 0.553236 1 0.075000 0.546973 1 0.092188 0.580376 1 0.000000 0.000000 0 0.092188 0.676409 1 0.000000 0.000000 0
0 0.442164 0.565616 0.112234 0.538497 0.437500 0.344468 1 0.448437 0.338205 1 0.000000 0.000000 0 0.464062 0.338205 1 0.000000 0.000000 0 0.468750 0.392484 1 0.431250 0.392484 1 0.418750 0.440501 1 0.390625 0.453027 1 0.390625 0.436326 1 0.418750 0.459290 1 0.457813 0.538622 1 0.420312 0.536534 1 0.456250 0.661795 1 0.426563 0.657620 1 0.464062 0.768267 1 0.435937 0.755741 1
0 0.157211 0.632161 0.085859 0.120188 0.000000 0.000000 0 0.000000 0.000000 0 0.000000 0.000000 0 0.000000 0.000000 0 0.000000 0.000000 0 0.000000 0.000000 0 0.000000 0.000000 0 0.000000 0.000000 0 0.000000 0.000000 0 0.000000 0.000000 0 0.000000 0.000000 0 0.000000 0.000000 0 0.000000 0.000000 0 0.165625 0.617954 1 0.153125 0.615866 1 0.164062 0.688935 1 0.150000 0.688935 1