0 0.947336 0.423466 0.070016 0.371101 0.931250 0.278689 1 0.937500 0.269321 1 0.928125 0.269321 1 0.951562 0.276347 1 0.000000 0.000000 0 0.962500 0.327869 1 0.907813 0.320843 1 0.960938 0.374707 1 0.000000 0.000000 0 0.939063 0.316159 1 0.000000 0.000000 0 0.945312 0.433255 1 0.909375 0.433255 1 0.951562 0.501171 1 0.000000 0.000000 0 0.946875 0.566745 1 0.000000 0.000000 0
0 0.886844 0.378630 0.099687 0.280820 0.000000 0.000000 0 0.000000 0.000000 0 0.000000 0.000000 0 0.873437 0.276347 1 0.000000 0.000000 0 0.843750 0.341920 1 0.923438 0.346604 1 0.000000 0.000000 0 0.926562 0.409836 1 0.000000 0.000000 0 0.000000 0.000000 0 0.851562 0.487119 1 0.909375 0.496487 1 0.000000 0.000000 0 0.000000 0.000000 0 0.000000 0.000000 0 0.000000 0.000000 0
0 0.718430 0.410059 0.080266 0.221850 0.704688 0.370023 1 0.714063 0.358314 1 0.696875 0.362998 1 0.737500 0.362998 1 0.000000 0.000000 0 0.751563 0.440281 1 0.687500 0.440281 1 0.000000 0.000000 0 0.000000 0.000000 0 0.000000 0.000000 0 0.000000 0.000000 0 0.729688 0.585480 1 0.690625 0.583138 1 0.000000 0.000000 0 0.000000 0.000000 0 0.000000 0.000000 0 0.000000 0.000000 0
0 0.657445 0.280422 0.083047 0.213208 0.651563 0.217799 1 0.657813 0.210773 1 0.646875 0.210773 1 0.668750 0.206089 1 0.000000 0.000000 0 0.673438 0.250585 1 0.639062 0.243560 1 0.689063 0.306792 1 0.623437 0.292740 1 0.676562 0.304450 1 0.643750 0.269321 1 0.673438 0.360656 1 0.639062 0.358314 1 0.000000 0.000000 0 0.000000 0.000000 0 0.000000 0.000000 0 0.000000 0.000000 0
0 0.527477 0.268150 0.073859 0.198923 0.542188 0.210773 1 0.000000 0.000000 0 0.539062 0.201405 1 0.000000 0.000000 0 0.521875 0.199063 1 0.503125 0.236534 1 0.520312 0.245902 1 0.509375 0.309133 1 0.525000 0.306792 1 0.543750 0.297424 1 0.548438 0.285714 1 0.000000 0.000000 0 0.000000 0.000000 0 0.000000 0.000000 0 0.000000 0.000000 0 0.000000 0.000000 0 0.000000 0.000000 0
0 0.027719 0.419813 0.054594 0.197892 0.018750 0.346604 1 0.018750 0.344262 1 0.000000 0.000000 0 0.028125 0.348946 1 0.000000 0.000000 0 0.032813 0.370023 1 0.039062 0.370023 1 0.026562 0.393443 1 0.000000 0.000000 0 0.021875 0.374707 1 0.000000 0.000000 0 0.035937 0.440281 1 0.037500 0.440281 1 0.039062 0.475410 1 0.025000 0.475410 1 0.043750 0.508197 1 0.026562 0.505855 1
0 0.429125 0.372892 0.089969 0.194778 0.435937 0.339578 1 0.445312 0.327869 1 0.428125 0.325527 1 0.457813 0.332553 1 0.414062 0.323185 1 0.467187 0.398126 1 0.396875 0.388759 1 0.000000 0.000000 0 0.000000 0.000000 0 0.000000 0.000000 0 0.000000 0.000000 0 0.000000 0.000000 0 0.000000 0.000000 0 0.000000 0.000000 0 0.000000 0.000000 0 0.000000 0.000000 0 0.000000 0.000000 0
0 0.505992 0.378290 0.128359 0.210304 0.496875 0.339578 1 0.506250 0.330211 1 0.489063 0.330211 1 0.520312 0.332553 1 0.000000 0.000000 0 0.542188 0.386417 1 0.476562 0.395785 1 0.000000 0.000000 0 0.000000 0.000000 0 0.000000 0.000000 0 0.000000 0.000000 0 0.529687 0.522248 1 0.475000 0.522248 1 0.000000 0.000000 0 0.000000 0.000000 0 0.000000 0.000000 0 0.000000 0.000000 0
0 0.581172 0.564169 0.094250 0.468618 0.600000 0.388759 1 0.607812 0.377049 1 0.589063 0.379391 1 0.623437 0.384075 1 0.578125 0.391101 1 0.640625 0.451991 1 0.567187 0.454333 1 0.000000 0.000000 0 0.000000 0.000000 0 0.000000 0.000000 0 0.000000 0.000000 0 0.614062 0.590164 1 0.565625 0.583138 1 0.579688 0.658080 1 0.535937 0.648712 1 0.607812 0.765808 1 0.542188 0.758782 1
0 0.559961 0.260445 0.064297 0.252037 0.554688 0.166276 1 0.556250 0.159251 1 0.548438 0.161593 1 0.000000 0.000000 0 0.534375 0.170960 1 0.560937 0.217799 1 0.531250 0.222482 1 0.573438 0.288056 1 0.528125 0.283372 1 0.575000 0.266979 1 0.554688 0.238876 1 0.571875 0.372365 1 0.543750 0.367681 1 0.000000 0.000000 0 0.000000 0.000000 0 0.000000 0.000000 0 0.000000 0.000000 0
0 0.254297 0.270468 0.020500 0.038126 0.000000 0.000000 0 0.000000 0.000000 0 0.000000 0.000000 0 0.000000 0.000000 0 0.000000 0.000000 0 0.000000 0.000000 0 0.000000 0.000000 0 0.000000 0.000000 0 0.000000 0.000000 0 0.000000 0.000000 0 0.000000 0.000000 0 0.000000 0.000000 0 0.000000 0.000000 0 0.000000 0.000000 0 0.000000 0.000000 0 0.000000 0.000000 0 0.000000 0.000000 0
0 0.114992 0.375890 0.049141 0.149532 0.000000 0.000000 0 0.000000 0.000000 0 0.000000 0.000000 0 0.000000 0.000000 0 0.000000 0.000000 0 0.000000 0.000000 0 0.000000 0.000000 0 0.000000 0.000000 0 0.000000 0.000000 0 0.000000 0.000000 0 0.000000 0.000000 0 0.000000 0.000000 0 0.000000 0.000000 0 0.000000 0.000000 0 0.000000 0.000000 0 0.000000 0.000000 0 0.000000 0.000000 0
0 0.806828 0.621593 0.163687 0.756815 0.751563 0.327869 1 0.759375 0.304450 1 0.740625 0.320843 1 0.785937 0.297424 1 0.000000 0.000000 0 0.845313 0.374707 1 0.754687 0.360656 1 0.873437 0.526932 1 0.746875 0.510539 1 0.775000 0.498829 1 0.826562 0.533958 1 0.857812 0.571429 1 0.778125 0.566745 1 0.789062 0.702576 1 0.742188 0.683841 1 0.826562 0.960187 1 0.754687 0.836066 1