0 0.316997 0.391250 0.190829 0.549340 0.349246 0.162000 1 0.000000 0.000000 0 0.341709 0.156000 1 0.000000 0.000000 0 0.298995 0.162000 1 0.381910 0.220000 1 0.246231 0.224000 1 0.386935 0.296000 1 0.248744 0.300000 1 0.359296 0.364000 1 0.276382 0.366000 1 0.354271 0.390000 1 0.286432 0.388000 1 0.361809 0.490000 1 0.291457 0.496000 1 0.369347 0.624000 1 0.301508 0.618000 1
0 0.730716 0.508050 0.528367 0.832220 0.655779 0.256000 1 0.670854 0.236000 1 0.000000 0.000000 0 0.771357 0.198000 1 0.000000 0.000000 0 0.949749 0.274000 1 0.683417 0.326000 1 0.972362 0.474000 1 0.660804 0.472000 1 0.934673 0.706000 1 0.530151 0.664000 1 0.902010 0.694000 1 0.773869 0.694000 1 0.000000 0.000000 0 0.000000 0.000000 0 0.000000 0.000000 0 0.000000 0.000000 0
0 0.142412 0.400250 0.162412 0.531980 0.150754 0.180000 1 0.163317 0.170000 1 0.133166 0.170000 1 0.000000 0.000000 0 0.110553 0.180000 1 0.195980 0.234000 1 0.082915 0.234000 1 0.208543 0.322000 1 0.062814 0.320000 1 0.211055 0.390000 1 0.072864 0.388000 1 0.170854 0.362000 1 0.105528 0.360000 1 0.170854 0.486000 1 0.100503 0.486000 1 0.160804 0.612000 1 0.095477 0.622000 1
0 0.049686 0.375940 0.099372 0.493920 0.012563 0.190000 1 0.025126 0.184000 1 0.000000 0.184000 1 0.037688 0.186000 1 0.000000 0.000000 0 0.055276 0.260000 1 0.000000 0.000000 0 0.070352 0.326000 1 0.000000 0.000000 0 0.047739 0.392000 1 0.000000 0.000000 0 0.032663 0.412000 1 0.000000 0.000000 0 0.022613 0.528000 1 0.000000 0.000000 0 0.010050 0.648000 1 0.000000 0.000000 0
0 0.938593 0.190020 0.122814 0.131080 0.942211 0.164000 1 0.949749 0.156000 1 0.927136 0.158000 1 0.962312 0.164000 1 0.919598 0.166000 1 0.987437 0.208000 1 0.881910 0.212000 1 0.000000 0.000000 0 0.000000 0.000000 0 0.000000 0.000000 0 0.000000 0.000000 0 0.000000 0.000000 0 0.000000 0.000000 0 0.000000 0.000000 0 0.000000 0.000000 0 0.000000 0.000000 0 0.000000 0.000000 0
0 0.874183 0.168580 0.065905 0.101640 0.000000 0.000000 0 0.000000 0.000000 0 0.000000 0.000000 0 0.000000 0.000000 0 0.000000 0.000000 0 0.000000 0.000000 0 0.000000 0.000000 0 0.000000 0.000000 0 0.000000 0.000000 0 0.000000 0.000000 0 0.000000 0.000000 0 0.000000 0.000000 0 0.000000 0.000000 0 0.000000 0.000000 0 0.000000 0.000000 0 0.000000 0.000000 0 0.000000 0.000000 0
0 0.552940 0.372460 0.206884 0.464640 0.567839 0.192000 1 0.585427 0.180000 1 0.555276 0.176000 1 0.000000 0.000000 0 0.537688 0.184000 1 0.623116 0.254000 1 0.517588 0.248000 1 0.635678 0.344000 1 0.482412 0.326000 1 0.620603 0.412000 1 0.469849 0.404000 1 0.605528 0.422000 1 0.520101 0.422000 1 0.608040 0.534000 1 0.527638 0.542000 1 0.000000 0.000000 0 0.550251 0.654000 1
0 0.059334 0.159240 0.076106 0.114800 0.055276 0.156000 1 0.067839 0.148000 1 0.045226 0.148000 1 0.080402 0.156000 1 0.000000 0.000000 0 0.000000 0.000000 0 0.000000 0.000000 0 0.000000 0.000000 0 0.000000 0.000000 0 0.000000 0.000000 0 0.000000 0.000000 0 0.000000 0.000000 0 0.000000 0.000000 0 0.000000 0.000000 0 0.000000 0.000000 0 0.000000 0.000000 0 0.000000 0.000000 0
0 0.220452 0.161110 0.104171 0.154380 0.223618 0.124000 1 0.228643 0.116000 1 0.208543 0.114000 1 0.000000 0.000000 0 0.183417 0.122000 1 0.256281 0.164000 1 0.170854 0.162000 1 0.000000 0.000000 0 0.000000 0.000000 0 0.000000 0.000000 0 0.000000 0.000000 0 0.000000 0.000000 0 0.000000 0.000000 0 0.000000 0.000000 0 0.000000 0.000000 0 0.000000 0.000000 0 0.000000 0.000000 0
0 0.444661 0.342550 0.123191 0.497260 0.467337 0.130000 1 0.477387 0.126000 1 0.457286 0.126000 1 0.487437 0.130000 1 0.442211 0.130000 1 0.520101 0.172000 1 0.409548 0.168000 1 0.000000 0.000000 0 0.000000 0.000000 0 0.000000 0.000000 0 0.000000 0.000000 0 0.505025 0.292000 1 0.427136 0.290000 1 0.000000 0.000000 0 0.000000 0.000000 0 0.000000 0.000000 0 0.000000 0.000000 0
0 0.377852 0.164160 0.038920 0.087120 0.000000 0.000000 0 0.000000 0.000000 0 0.000000 0.000000 0 0.000000 0.000000 0 0.000000 0.000000 0 0.000000 0.000000 0 0.000000 0.000000 0 0.000000 0.000000 0 0.000000 0.000000 0 0.000000 0.000000 0 0.000000 0.000000 0 0.000000 0.000000 0 0.000000 0.000000 0 0.000000 0.000000 0 0.000000 0.000000 0 0.000000 0.000000 0 0.000000 0.000000 0
0 0.515628 0.229540 0.114472 0.212080 0.527638 0.156000 1 0.537688 0.150000 1 0.517588 0.150000 1 0.000000 0.000000 0 0.000000 0.000000 0 0.565327 0.202000 1 0.494975 0.204000 1 0.000000 0.000000 0 0.477387 0.288000 1 0.000000 0.000000 0 0.000000 0.000000 0 0.000000 0.000000 0 0.000000 0.000000 0 0.000000 0.000000 0 0.000000 0.000000 0 0.000000 0.000000 0 0.000000 0.000000 0