0 0.517320 0.345609 0.202984 0.448642 0.487500 0.196721 1 0.496875 0.185012 1 0.479687 0.182670 1 0.507812 0.170960 1 0.473438 0.163934 1 0.514062 0.192037 1 0.470313 0.185012 1 0.559375 0.231850 1 0.423438 0.259953 1 0.595313 0.266979 1 0.450000 0.252927 1 0.506250 0.323185 1 0.476562 0.316159 1 0.503125 0.428571 1 0.459375 0.430913 1 0.504687 0.531616 1 0.473438 0.451991 1
0 0.392023 0.309473 0.100953 0.242600 0.389062 0.238876 1 0.393750 0.229508 1 0.384375 0.227166 1 0.404687 0.220141 1 0.381250 0.222482 1 0.410938 0.243560 1 0.370312 0.248244 1 0.432812 0.297424 1 0.351562 0.299766 1 0.435937 0.353630 1 0.350000 0.344262 1 0.406250 0.330211 1 0.376563 0.332553 1 0.414062 0.367681 1 0.371875 0.360656 1 0.412500 0.435597 1 0.370312 0.430913 1
0 0.541031 0.391358 0.052406 0.168056 0.000000 0.000000 0 0.528125 0.341920 1 0.000000 0.000000 0 0.537500 0.351288 1 0.000000 0.000000 0 0.537500 0.379391 1 0.000000 0.000000 0 0.531250 0.400468 1 0.000000 0.000000 0 0.521875 0.423888 1 0.000000 0.000000 0 0.000000 0.000000 0 0.000000 0.000000 0 0.000000 0.000000 0 0.000000 0.000000 0 0.000000 0.000000 0 0.000000 0.000000 0
0 0.635406 0.428466 0.108156 0.155152 0.626563 0.398126 1 0.632812 0.391101 1 0.621875 0.391101 1 0.646875 0.395785 1 0.000000 0.000000 0 0.654687 0.440281 1 0.609375 0.437939 1 0.681250 0.487119 1 0.584375 0.482436 1 0.664062 0.503513 1 0.600000 0.496487 1 0.646875 0.543326 1 0.612500 0.543326 1 0.000000 0.000000 0 0.000000 0.000000 0 0.000000 0.000000 0 0.000000 0.000000 0
0 0.760297 0.425023 0.111125 0.235948 0.751563 0.353630 1 0.757812 0.348946 1 0.000000 0.000000 0 0.781250 0.353630 1 0.000000 0.000000 0 0.785937 0.419204 1 0.000000 0.000000 0 0.790625 0.519906 1 0.768750 0.498829 1 0.739062 0.519906 1 0.726562 0.503513 1 0.000000 0.000000 0 0.000000 0.000000 0 0.000000 0.000000 0 0.000000 0.000000 0 0.000000 0.000000 0 0.000000 0.000000 0
0 0.835859 0.538208 0.184406 0.271920 0.843750 0.459016 1 0.850000 0.449649 1 0.000000 0.000000 0 0.871875 0.468384 1 0.000000 0.000000 0 0.885938 0.533958 1 0.865625 0.512881 1 0.843750 0.615925 1 0.828125 0.587822 1 0.778125 0.611241 1 0.767188 0.590164 1 0.879687 0.676815 1 0.864062 0.660422 1 0.000000 0.000000 0 0.000000 0.000000 0 0.000000 0.000000 0 0.000000 0.000000 0
0 0.149930 0.875281 0.248891 0.226956 0.000000 0.000000 0 0.000000 0.000000 0 0.000000 0.000000 0 0.115625 0.847775 1 0.168750 0.847775 1 0.104688 0.918033 1 0.196875 0.899297 1 0.056250 0.946136 1 0.000000 0.000000 0 0.040625 0.896956 1 0.000000 0.000000 0 0.000000 0.000000 0 0.000000 0.000000 0 0.000000 0.000000 0 0.000000 0.000000 0 0.000000 0.000000 0 0.000000 0.000000 0
0 0.424391 0.427728 0.075156 0.173115 0.432812 0.388759 1 0.440625 0.381733 1 0.428125 0.379391 1 0.450000 0.384075 1 0.421875 0.386417 1 0.460938 0.430913 1 0.409375 0.428571 1 0.000000 0.000000 0 0.393750 0.470726 1 0.000000 0.000000 0 0.401562 0.491803 1 0.000000 0.000000 0 0.000000 0.000000 0 0.000000 0.000000 0 0.000000 0.000000 0 0.000000 0.000000 0 0.000000 0.000000 0
0 0.392953 0.411288 0.055406 0.125667 0.000000 0.000000 0 0.000000 0.000000 0 0.000000 0.000000 0 0.000000 0.000000 0 0.000000 0.000000 0 0.000000 0.000000 0 0.000000 0.000000 0 0.000000 0.000000 0 0.000000 0.000000 0 0.000000 0.000000 0 0.000000 0.000000 0 0.000000 0.000000 0 0.000000 0.000000 0 0.000000 0.000000 0 0.000000 0.000000 0 0.000000 0.000000 0 0.000000 0.000000 0
0 0.813398 0.457717 0.130703 0.226628 0.823438 0.398126 1 0.831250 0.386417 1 0.000000 0.000000 0 0.854688 0.398126 1 0.000000 0.000000 0 0.867188 0.461358 1 0.840625 0.454333 1 0.842187 0.548009 1 0.820312 0.522248 1 0.781250 0.559719 1 0.776563 0.545667 1 0.857812 0.618267 1 0.842187 0.599532 1 0.000000 0.000000 0 0.000000 0.000000 0 0.000000 0.000000 0 0.000000 0.000000 0
0 0.237477 0.427307 0.115859 0.285293 0.246875 0.348946 1 0.000000 0.000000 0 0.246875 0.332553 1 0.000000 0.000000 0 0.231250 0.334895 1 0.214062 0.405152 1 0.207813 0.414520 1 0.226562 0.447307 1 0.203125 0.508197 1 0.270313 0.447307 1 0.250000 0.552693 1 0.201563 0.559719 1 0.198437 0.571429 1 0.000000 0.000000 0 0.000000 0.000000 0 0.000000 0.000000 0 0.000000 0.000000 0
0 0.193500 0.504391 0.161687 0.266674 0.181250 0.419204 1 0.000000 0.000000 0 0.176563 0.409836 1 0.000000 0.000000 0 0.159375 0.426230 1 0.160938 0.475410 1 0.137500 0.475410 1 0.198437 0.569087 1 0.170313 0.597190 1 0.251563 0.569087 1 0.234375 0.590164 1 0.000000 0.000000 0 0.000000 0.000000 0 0.000000 0.000000 0 0.000000 0.000000 0 0.000000 0.000000 0 0.000000 0.000000 0
0 0.072047 0.462307 0.119438 0.141710 0.000000 0.000000 0 0.000000 0.000000 0 0.103125 0.430913 1 0.000000 0.000000 0 0.096875 0.435597 1 0.056250 0.470726 1 0.103125 0.475410 1 0.017188 0.454333 1 0.128125 0.463700 1 0.039062 0.447307 1 0.000000 0.000000 0 0.000000 0.000000 0 0.000000 0.000000 0 0.000000 0.000000 0 0.000000 0.000000 0 0.000000 0.000000 0 0.000000 0.000000 0