0 0.584254 0.575039 0.359601 0.618703 0.464286 0.418750 1 0.487395 0.403125 1 0.453782 0.401562 1 0.518908 0.398438 1 0.436975 0.392188 1 0.573529 0.454688 1 0.508403 0.384375 1 0.691176 0.537500 1 0.594538 0.342187 1 0.712185 0.634375 1 0.657563 0.295312 1 0.594538 0.554688 1 0.516807 0.551562 1 0.619748 0.698438 1 0.464286 0.678125 1 0.661765 0.826562 1 0.434874 0.829688 1
0 0.878445 0.648047 0.243109 0.196219 0.924370 0.587500 1 0.934874 0.579688 1 0.913866 0.581250 1 0.000000 0.000000 0 0.890756 0.587500 1 0.972689 0.614062 1 0.882353 0.621875 1 0.970588 0.660937 1 0.878151 0.665625 1 0.934874 0.609375 1 0.892857 0.614062 1 0.974790 0.695312 1 0.901261 0.693750 1 0.932773 0.712500 1 0.848739 0.664062 1 0.871849 0.734375 1 0.819328 0.725000 1
0 0.808246 0.547625 0.108382 0.213188 0.810924 0.465625 1 0.813025 0.460938 1 0.804622 0.460938 1 0.000000 0.000000 0 0.785714 0.462500 1 0.819328 0.481250 1 0.775210 0.479687 1 0.844538 0.496875 1 0.789916 0.512500 1 0.813025 0.501563 1 0.831933 0.509375 1 0.831933 0.548438 1 0.802521 0.548438 1 0.840336 0.607812 1 0.810924 0.600000 1 0.000000 0.000000 0 0.000000 0.000000 0
0 0.302143 0.442695 0.108782 0.166297 0.300420 0.378125 1 0.000000 0.000000 0 0.000000 0.000000 0 0.000000 0.000000 0 0.000000 0.000000 0 0.334034 0.392188 1 0.281513 0.400000 1 0.334034 0.403125 1 0.258403 0.432812 1 0.315126 0.379688 1 0.262605 0.415625 1 0.325630 0.467187 1 0.285714 0.465625 1 0.325630 0.507812 1 0.285714 0.507812 1 0.327731 0.556250 1 0.285714 0.557813 1
0 0.695158 0.484781 0.091029 0.102188 0.684874 0.454688 1 0.693277 0.451562 1 0.676471 0.451562 1 0.701681 0.456250 1 0.663866 0.456250 1 0.718487 0.485938 1 0.632353 0.482812 1 0.739496 0.528125 1 0.609244 0.529687 1 0.718487 0.565625 1 0.638655 0.562500 1 0.703782 0.560937 1 0.657563 0.560937 1 0.000000 0.000000 0 0.000000 0.000000 0 0.000000 0.000000 0 0.000000 0.000000 0
0 0.357878 0.657711 0.102899 0.123297 0.365546 0.623437 1 0.369748 0.618750 1 0.359244 0.617188 1 0.380252 0.617188 1 0.348739 0.615625 1 0.394958 0.640625 1 0.329832 0.639062 1 0.403361 0.673438 1 0.319328 0.671875 1 0.388655 0.709375 1 0.323529 0.709375 1 0.388655 0.704688 1 0.336134 0.704688 1 0.373950 0.681250 1 0.348739 0.678125 1 0.384454 0.720313 1 0.338235 0.720313 1
0 0.375630 0.518219 0.133613 0.151000 0.369748 0.467187 1 0.373950 0.460938 1 0.361345 0.460938 1 0.384454 0.467187 1 0.350840 0.470313 1 0.409664 0.495312 1 0.334034 0.495312 1 0.430672 0.537500 1 0.323529 0.543750 1 0.000000 0.000000 0 0.000000 0.000000 0 0.392857 0.565625 1 0.346639 0.565625 1 0.000000 0.000000 0 0.000000 0.000000 0 0.000000 0.000000 0 0.000000 0.000000 0
0 0.961492 0.480711 0.018529 0.010078 0.000000 0.000000 0 0.000000 0.000000 0 0.000000 0.000000 0 0.000000 0.000000 0 0.000000 0.000000 0 0.000000 0.000000 0 0.000000 0.000000 0 0.000000 0.000000 0 0.000000 0.000000 0 0.000000 0.000000 0 0.000000 0.000000 0 0.000000 0.000000 0 0.000000 0.000000 0 0.000000 0.000000 0 0.000000 0.000000 0 0.000000 0.000000 0 0.000000 0.000000 0
0 0.973718 0.585133 0.052563 0.058641 0.000000 0.000000 0 0.000000 0.000000 0 0.000000 0.000000 0 0.000000 0.000000 0 0.000000 0.000000 0 0.000000 0.000000 0 0.000000 0.000000 0 0.000000 0.000000 0 0.000000 0.000000 0 0.000000 0.000000 0 0.000000 0.000000 0 0.000000 0.000000 0 0.000000 0.000000 0 0.000000 0.000000 0 0.000000 0.000000 0 0.000000 0.000000 0 0.000000 0.000000 0
0 0.252311 0.563453 0.088866 0.082844 0.252101 0.546875 1 0.258403 0.540625 1 0.245798 0.540625 1 0.268908 0.543750 1 0.231092 0.543750 1 0.281513 0.573438 1 0.218487 0.573438 1 0.294118 0.603125 1 0.205882 0.607812 1 0.000000 0.000000 0 0.000000 0.000000 0 0.275210 0.645312 1 0.224790 0.643750 1 0.000000 0.000000 0 0.000000 0.000000 0 0.000000 0.000000 0 0.000000 0.000000 0
0 0.321387 0.601781 0.094370 0.157750 0.292017 0.546875 1 0.298319 0.540625 1 0.285714 0.545312 1 0.315126 0.539062 1 0.000000 0.000000 0 0.350840 0.560937 1 0.283613 0.579688 1 0.352941 0.603125 1 0.000000 0.000000 0 0.000000 0.000000 0 0.000000 0.000000 0 0.000000 0.000000 0 0.000000 0.000000 0 0.000000 0.000000 0 0.000000 0.000000 0 0.000000 0.000000 0 0.000000 0.000000 0
0 0.442069 0.489500 0.056744 0.088469 0.000000 0.000000 0 0.000000 0.000000 0 0.000000 0.000000 0 0.000000 0.000000 0 0.000000 0.000000 0 0.000000 0.000000 0 0.000000 0.000000 0 0.000000 0.000000 0 0.000000 0.000000 0 0.000000 0.000000 0 0.000000 0.000000 0 0.000000 0.000000 0 0.000000 0.000000 0 0.000000 0.000000 0 0.000000 0.000000 0 0.000000 0.000000 0 0.000000 0.000000 0
0 0.936639 0.504125 0.088529 0.103375 0.928571 0.473438 1 0.932773 0.468750 1 0.924370 0.468750 1 0.943277 0.468750 1 0.913866 0.470313 1 0.960084 0.490625 1 0.911765 0.493750 1 0.000000 0.000000 0 0.901261 0.526563 1 0.983193 0.539062 1 0.922269 0.528125 1 0.955882 0.542188 1 0.918067 0.540625 1 0.970588 0.545312 1 0.911765 0.537500 1 0.928571 0.576562 1 0.909664 0.578125 1