0 0.193185 0.434539 0.081077 0.113109 0.189696 0.390625 1 0.192037 0.387500 1 0.185012 0.389062 1 0.000000 0.000000 0 0.177986 0.393750 1 0.189696 0.398438 1 0.177986 0.401562 1 0.000000 0.000000 0 0.159251 0.418750 1 0.000000 0.000000 0 0.159251 0.435937 1 0.196721 0.428125 1 0.182670 0.429688 1 0.208431 0.450000 1 0.199063 0.450000 1 0.215457 0.475000 1 0.196721 0.476562 1
0 0.242201 0.432523 0.056768 0.127641 0.234192 0.384375 1 0.236534 0.379688 1 0.227166 0.379688 1 0.241218 0.382812 1 0.222482 0.381250 1 0.250585 0.393750 1 0.222482 0.396875 1 0.262295 0.407813 1 0.222482 0.414062 1 0.262295 0.423438 1 0.224824 0.428125 1 0.252927 0.429688 1 0.234192 0.431250 1 0.252927 0.454688 1 0.236534 0.457813 1 0.259953 0.479687 1 0.241218 0.485938 1
0 0.576733 0.292164 0.388970 0.480984 0.000000 0.000000 0 0.000000 0.000000 0 0.000000 0.000000 0 0.000000 0.000000 0 0.000000 0.000000 0 0.540984 0.185938 1 0.618267 0.189062 1 0.468384 0.148438 1 0.686183 0.165625 1 0.409836 0.100000 1 0.740047 0.134375 1 0.536300 0.314063 1 0.597190 0.310937 1 0.590164 0.401562 1 0.660422 0.406250 1 0.604215 0.501563 1 0.711944 0.504687 1
0 0.337143 0.434211 0.076487 0.162641 0.339578 0.371875 1 0.341920 0.367188 1 0.334895 0.368750 1 0.351288 0.370312 1 0.330211 0.370312 1 0.355972 0.387500 1 0.316159 0.390625 1 0.367681 0.412500 1 0.309133 0.409375 1 0.365340 0.432812 1 0.309133 0.428125 1 0.348946 0.434375 1 0.330211 0.434375 1 0.351288 0.471875 1 0.323185 0.473438 1 0.346604 0.500000 1 0.323185 0.498437 1
0 0.396546 0.429063 0.062459 0.162719 0.386417 0.360938 1 0.388759 0.357812 1 0.381733 0.359375 1 0.000000 0.000000 0 0.000000 0.000000 0 0.414520 0.376563 1 0.374707 0.379688 1 0.414520 0.387500 1 0.372365 0.395313 1 0.393443 0.375000 1 0.398126 0.393750 1 0.407494 0.420312 1 0.384075 0.421875 1 0.412178 0.454688 1 0.384075 0.453125 1 0.412178 0.492188 1 0.386417 0.492188 1
0 0.725480 0.368609 0.101499 0.241687 0.718970 0.265625 1 0.721311 0.260937 1 0.709602 0.260937 1 0.733021 0.264062 1 0.000000 0.000000 0 0.742389 0.290625 1 0.700234 0.296875 1 0.754098 0.329688 1 0.683841 0.340625 1 0.714286 0.314063 1 0.690867 0.331250 1 0.747073 0.365625 1 0.716628 0.365625 1 0.749415 0.420312 1 0.723653 0.423438 1 0.754098 0.473438 1 0.730679 0.478125 1
0 0.421148 0.320516 0.063185 0.129438 0.419204 0.268750 1 0.421546 0.265625 1 0.416862 0.265625 1 0.428571 0.267188 1 0.412178 0.267188 1 0.440281 0.284375 1 0.398126 0.282813 1 0.447307 0.303125 1 0.393443 0.301563 1 0.000000 0.000000 0 0.407494 0.309375 1 0.440281 0.326562 1 0.414520 0.326562 1 0.440281 0.350000 1 0.421546 0.348438 1 0.442623 0.373437 1 0.428571 0.373437 1
0 0.470972 0.317352 0.053185 0.133422 0.000000 0.000000 0 0.000000 0.000000 0 0.000000 0.000000 0 0.000000 0.000000 0 0.000000 0.000000 0 0.000000 0.000000 0 0.000000 0.000000 0 0.000000 0.000000 0 0.000000 0.000000 0 0.000000 0.000000 0 0.000000 0.000000 0 0.000000 0.000000 0 0.000000 0.000000 0 0.000000 0.000000 0 0.000000 0.000000 0 0.000000 0.000000 0 0.000000 0.000000 0
0 0.539461 0.395328 0.063607 0.040031 0.000000 0.000000 0 0.000000 0.000000 0 0.000000 0.000000 0 0.000000 0.000000 0 0.000000 0.000000 0 0.000000 0.000000 0 0.000000 0.000000 0 0.000000 0.000000 0 0.000000 0.000000 0 0.000000 0.000000 0 0.000000 0.000000 0 0.000000 0.000000 0 0.000000 0.000000 0 0.000000 0.000000 0 0.000000 0.000000 0 0.000000 0.000000 0 0.000000 0.000000 0
0 0.932986 0.371086 0.066721 0.043234 0.000000 0.000000 0 0.000000 0.000000 0 0.000000 0.000000 0 0.000000 0.000000 0 0.000000 0.000000 0 0.000000 0.000000 0 0.000000 0.000000 0 0.000000 0.000000 0 0.000000 0.000000 0 0.000000 0.000000 0 0.000000 0.000000 0 0.000000 0.000000 0 0.000000 0.000000 0 0.000000 0.000000 0 0.000000 0.000000 0 0.000000 0.000000 0 0.000000 0.000000 0
0 0.559953 0.417906 0.026042 0.025188 0.000000 0.000000 0 0.000000 0.000000 0 0.000000 0.000000 0 0.000000 0.000000 0 0.000000 0.000000 0 0.000000 0.000000 0 0.000000 0.000000 0 0.000000 0.000000 0 0.000000 0.000000 0 0.000000 0.000000 0 0.000000 0.000000 0 0.000000 0.000000 0 0.000000 0.000000 0 0.000000 0.000000 0 0.000000 0.000000 0 0.000000 0.000000 0 0.000000 0.000000 0
0 0.848150 0.442180 0.043700 0.107359 0.000000 0.000000 0 0.000000 0.000000 0 0.000000 0.000000 0 0.000000 0.000000 0 0.000000 0.000000 0 0.000000 0.000000 0 0.000000 0.000000 0 0.000000 0.000000 0 0.000000 0.000000 0 0.000000 0.000000 0 0.000000 0.000000 0 0.000000 0.000000 0 0.000000 0.000000 0 0.000000 0.000000 0 0.000000 0.000000 0 0.000000 0.000000 0 0.000000 0.000000 0
0 0.391628 0.347461 0.065972 0.059672 0.000000 0.000000 0 0.000000 0.000000 0 0.000000 0.000000 0 0.000000 0.000000 0 0.000000 0.000000 0 0.000000 0.000000 0 0.000000 0.000000 0 0.000000 0.000000 0 0.000000 0.000000 0 0.000000 0.000000 0 0.000000 0.000000 0 0.000000 0.000000 0 0.000000 0.000000 0 0.000000 0.000000 0 0.000000 0.000000 0 0.000000 0.000000 0 0.000000 0.000000 0