0 0.800165 0.594602 0.399671 0.515766 0.731765 0.504687 1 0.000000 0.000000 0 0.000000 0.000000 0 0.884706 0.485938 1 0.000000 0.000000 0 0.948235 0.646875 1 0.000000 0.000000 0 0.922353 0.785937 1 0.000000 0.000000 0 0.705882 0.723437 1 0.000000 0.000000 0 0.000000 0.000000 0 0.000000 0.000000 0 0.000000 0.000000 0 0.000000 0.000000 0 0.000000 0.000000 0 0.000000 0.000000 0
0 0.160671 0.431594 0.318753 0.394938 0.280000 0.343750 1 0.000000 0.000000 0 0.254118 0.339062 1 0.000000 0.000000 0 0.169412 0.354687 1 0.141176 0.365625 1 0.084706 0.465625 1 0.228235 0.445312 1 0.134118 0.592187 1 0.284706 0.565625 1 0.237647 0.534375 1 0.263529 0.575000 1 0.216471 0.606250 1 0.284706 0.684375 1 0.242353 0.709375 1 0.294118 0.751563 1 0.265882 0.801562 1
0 0.802165 0.250398 0.271718 0.275234 0.809412 0.239063 1 0.837647 0.220312 1 0.783529 0.221875 1 0.891765 0.206250 1 0.000000 0.000000 0 0.920000 0.290625 1 0.764706 0.284375 1 0.000000 0.000000 0 0.741176 0.387500 1 0.844706 0.381250 1 0.696471 0.345313 1 0.000000 0.000000 0 0.000000 0.000000 0 0.000000 0.000000 0 0.000000 0.000000 0 0.000000 0.000000 0 0.000000 0.000000 0
0 0.411541 0.148695 0.224447 0.297391 0.395294 0.059375 1 0.404706 0.045312 1 0.381176 0.048438 1 0.000000 0.000000 0 0.000000 0.000000 0 0.442353 0.070312 1 0.331765 0.068750 1 0.501176 0.145313 1 0.310588 0.137500 1 0.432941 0.170313 1 0.348235 0.167187 1 0.432941 0.234375 1 0.376471 0.232813 1 0.000000 0.000000 0 0.000000 0.000000 0 0.000000 0.000000 0 0.000000 0.000000 0
0 0.635424 0.158281 0.117906 0.225000 0.000000 0.000000 0 0.583529 0.100000 1 0.000000 0.000000 0 0.607059 0.103125 1 0.000000 0.000000 0 0.661176 0.162500 1 0.000000 0.000000 0 0.670588 0.259375 1 0.000000 0.000000 0 0.564706 0.289062 1 0.000000 0.000000 0 0.000000 0.000000 0 0.000000 0.000000 0 0.000000 0.000000 0 0.000000 0.000000 0 0.000000 0.000000 0 0.000000 0.000000 0
0 0.652518 0.239172 0.312565 0.351375 0.665882 0.151562 1 0.689412 0.146875 1 0.000000 0.000000 0 0.729412 0.146875 1 0.000000 0.000000 0 0.762353 0.225000 1 0.724706 0.190625 1 0.661176 0.328125 1 0.736471 0.279687 1 0.562353 0.273438 1 0.642353 0.235937 1 0.745882 0.398438 1 0.717647 0.373437 1 0.000000 0.000000 0 0.000000 0.000000 0 0.000000 0.000000 0 0.000000 0.000000 0
0 0.941612 0.268539 0.116776 0.244953 0.887059 0.259375 1 0.905882 0.243750 1 0.000000 0.000000 0 0.988235 0.271875 1 0.000000 0.000000 0 0.000000 0.000000 0 0.000000 0.000000 0 0.000000 0.000000 0 0.000000 0.000000 0 0.000000 0.000000 0 0.000000 0.000000 0 0.000000 0.000000 0 0.000000 0.000000 0 0.000000 0.000000 0 0.000000 0.000000 0 0.000000 0.000000 0 0.000000 0.000000 0
0 0.091576 0.088992 0.084847 0.173266 0.075294 0.017188 1 0.080000 0.012500 1 0.068235 0.012500 1 0.091765 0.017188 1 0.000000 0.000000 0 0.105882 0.039062 1 0.054118 0.040625 1 0.122353 0.056250 1 0.000000 0.000000 0 0.117647 0.078125 1 0.000000 0.000000 0 0.108235 0.087500 1 0.082353 0.093750 1 0.120000 0.132812 1 0.094118 0.137500 1 0.127059 0.165625 1 0.094118 0.170313 1
0 0.070941 0.201773 0.136235 0.230734 0.065882 0.137500 1 0.000000 0.000000 0 0.054118 0.134375 1 0.000000 0.000000 0 0.014118 0.145313 1 0.000000 0.000000 0 0.018824 0.171875 1 0.000000 0.000000 0 0.061176 0.225000 1 0.000000 0.000000 0 0.122353 0.179688 1 0.000000 0.000000 0 0.000000 0.000000 0 0.000000 0.000000 0 0.000000 0.000000 0 0.000000 0.000000 0 0.000000 0.000000 0
0 0.232365 0.317617 0.342706 0.285016 0.261176 0.243750 1 0.000000 0.000000 0 0.249412 0.235937 1 0.000000 0.000000 0 0.207059 0.250000 1 0.000000 0.000000 0 0.223529 0.354687 1 0.000000 0.000000 0 0.272941 0.443750 1 0.301176 0.425000 1 0.305882 0.417187 1 0.284706 0.393750 1 0.284706 0.415625 1 0.000000 0.000000 0 0.000000 0.000000 0 0.000000 0.000000 0 0.000000 0.000000 0
0 0.167506 0.744945 0.307953 0.496641 0.000000 0.000000 0 0.000000 0.000000 0 0.000000 0.000000 0 0.000000 0.000000 0 0.000000 0.000000 0 0.075294 0.557813 1 0.000000 0.000000 0 0.185882 0.656250 1 0.000000 0.000000 0 0.152941 0.784375 1 0.000000 0.000000 0 0.000000 0.000000 0 0.000000 0.000000 0 0.000000 0.000000 0 0.000000 0.000000 0 0.000000 0.000000 0 0.000000 0.000000 0
0 0.037694 0.045586 0.067859 0.089109 0.000000 0.000000 0 0.000000 0.000000 0 0.000000 0.000000 0 0.000000 0.000000 0 0.000000 0.000000 0 0.018824 0.014063 1 0.000000 0.000000 0 0.063529 0.068750 1 0.000000 0.000000 0 0.009412 0.062500 1 0.000000 0.000000 0 0.044706 0.087500 1 0.000000 0.000000 0 0.000000 0.000000 0 0.000000 0.000000 0 0.000000 0.000000 0 0.000000 0.000000 0
0 0.178235 0.127086 0.132659 0.096609 0.228235 0.145313 1 0.228235 0.129688 1 0.207059 0.137500 1 0.000000 0.000000 0 0.150588 0.146875 1 0.000000 0.000000 0 0.000000 0.000000 0 0.000000 0.000000 0 0.000000 0.000000 0 0.000000 0.000000 0 0.000000 0.000000 0 0.000000 0.000000 0 0.000000 0.000000 0 0.000000 0.000000 0 0.000000 0.000000 0 0.000000 0.000000 0 0.000000 0.000000 0