0 0.367270 0.553258 0.067417 0.065047 0.000000 0.000000 0 0.000000 0.000000 0 0.000000 0.000000 0 0.000000 0.000000 0 0.000000 0.000000 0 0.000000 0.000000 0 0.000000 0.000000 0 0.000000 0.000000 0 0.000000 0.000000 0 0.000000 0.000000 0 0.000000 0.000000 0 0.000000 0.000000 0 0.000000 0.000000 0 0.000000 0.000000 0 0.000000 0.000000 0 0.000000 0.000000 0 0.000000 0.000000 0
0 0.753405 0.471438 0.248689 0.240625 0.720157 0.376563 1 0.729941 0.378125 1 0.722114 0.371875 1 0.753425 0.390625 1 0.000000 0.000000 0 0.769080 0.404687 1 0.700587 0.390625 1 0.845401 0.423438 1 0.704501 0.445312 1 0.786693 0.434375 1 0.759295 0.448437 1 0.733855 0.490625 1 0.677104 0.482812 1 0.735812 0.556250 1 0.653620 0.542188 1 0.718200 0.614062 1 0.651663 0.606250 1
0 0.311605 0.457531 0.213973 0.208219 0.000000 0.000000 0 0.000000 0.000000 0 0.000000 0.000000 0 0.000000 0.000000 0 0.000000 0.000000 0 0.356164 0.375000 1 0.303327 0.365625 1 0.000000 0.000000 0 0.254403 0.406250 1 0.000000 0.000000 0 0.250489 0.367188 1 0.393346 0.448437 1 0.352250 0.431250 1 0.336595 0.514062 1 0.260274 0.464062 1 0.354207 0.565625 1 0.254403 0.534375 1
0 0.665577 0.368594 0.107162 0.213906 0.704501 0.295312 1 0.000000 0.000000 0 0.700587 0.290625 1 0.000000 0.000000 0 0.677104 0.296875 1 0.698630 0.326562 1 0.618395 0.348438 1 0.708415 0.365625 1 0.000000 0.000000 0 0.753425 0.332813 1 0.000000 0.000000 0 0.677104 0.453125 1 0.624266 0.460938 1 0.000000 0.000000 0 0.000000 0.000000 0 0.000000 0.000000 0 0.000000 0.000000 0
0 0.416409 0.545852 0.122485 0.100984 0.000000 0.000000 0 0.397260 0.523438 1 0.000000 0.000000 0 0.410959 0.529687 1 0.000000 0.000000 0 0.410959 0.573438 1 0.448141 0.548438 1 0.358121 0.592187 1 0.397260 0.557813 1 0.000000 0.000000 0 0.000000 0.000000 0 0.000000 0.000000 0 0.000000 0.000000 0 0.000000 0.000000 0 0.000000 0.000000 0 0.000000 0.000000 0 0.000000 0.000000 0
0 0.949941 0.244820 0.100117 0.272109 0.956947 0.135937 1 0.962818 0.129688 1 0.951076 0.128125 1 0.980431 0.135937 1 0.000000 0.000000 0 0.982387 0.160938 1 0.935421 0.153125 1 0.978474 0.189062 1 0.927593 0.185938 1 0.960861 0.157812 1 0.929550 0.148438 1 0.966732 0.246875 1 0.923679 0.240625 1 0.954990 0.307812 1 0.919765 0.298438 1 0.943249 0.356250 1 0.919765 0.351562 1
0 0.152750 0.168664 0.144521 0.238422 0.164384 0.078125 1 0.168297 0.070312 1 0.156556 0.071875 1 0.178082 0.073438 1 0.148728 0.075000 1 0.191781 0.093750 1 0.131115 0.096875 1 0.209393 0.079687 1 0.103718 0.115625 1 0.203523 0.051562 1 0.097847 0.121875 1 0.183953 0.173437 1 0.148728 0.173437 1 0.185910 0.231250 1 0.133072 0.226562 1 0.180039 0.268750 1 0.131115 0.271875 1
0 0.305881 0.210813 0.093131 0.089844 0.268102 0.195312 1 0.275930 0.190625 1 0.000000 0.000000 0 0.297456 0.196875 1 0.000000 0.000000 0 0.336595 0.223438 1 0.264188 0.215625 1 0.000000 0.000000 0 0.270059 0.243750 1 0.000000 0.000000 0 0.240705 0.276562 1 0.000000 0.000000 0 0.000000 0.000000 0 0.000000 0.000000 0 0.000000 0.000000 0 0.000000 0.000000 0 0.000000 0.000000 0
0 0.548072 0.491977 0.140333 0.227297 0.602740 0.423438 1 0.000000 0.000000 0 0.594912 0.420312 1 0.000000 0.000000 0 0.569472 0.414062 1 0.596869 0.440625 1 0.551859 0.450000 1 0.000000 0.000000 0 0.540117 0.498437 1 0.000000 0.000000 0 0.589041 0.471875 1 0.571429 0.542188 1 0.544031 0.548438 1 0.000000 0.000000 0 0.000000 0.000000 0 0.000000 0.000000 0 0.000000 0.000000 0
0 0.695802 0.032102 0.098963 0.059266 0.000000 0.000000 0 0.000000 0.000000 0 0.000000 0.000000 0 0.000000 0.000000 0 0.000000 0.000000 0 0.000000 0.000000 0 0.000000 0.000000 0 0.000000 0.000000 0 0.000000 0.000000 0 0.000000 0.000000 0 0.000000 0.000000 0 0.000000 0.000000 0 0.000000 0.000000 0 0.000000 0.000000 0 0.000000 0.000000 0 0.000000 0.000000 0 0.000000 0.000000 0
0 0.968757 0.105883 0.062485 0.094859 0.000000 0.000000 0 0.000000 0.000000 0 0.000000 0.000000 0 0.000000 0.000000 0 0.000000 0.000000 0 0.000000 0.000000 0 0.000000 0.000000 0 0.000000 0.000000 0 0.000000 0.000000 0 0.000000 0.000000 0 0.000000 0.000000 0 0.000000 0.000000 0 0.000000 0.000000 0 0.000000 0.000000 0 0.000000 0.000000 0 0.000000 0.000000 0 0.000000 0.000000 0
0 0.242681 0.181656 0.097378 0.171125 0.258317 0.126562 1 0.264188 0.120313 1 0.252446 0.120313 1 0.270059 0.121875 1 0.242661 0.121875 1 0.275930 0.146875 1 0.228963 0.137500 1 0.250489 0.179688 1 0.219178 0.176563 1 0.254403 0.157812 1 0.227006 0.154688 1 0.256360 0.214062 1 0.223092 0.207813 1 0.250489 0.257812 1 0.215264 0.254688 1 0.000000 0.000000 0 0.000000 0.000000 0
0 0.172886 0.607773 0.304677 0.179391 0.000000 0.000000 0 0.000000 0.000000 0 0.000000 0.000000 0 0.273973 0.564063 1 0.000000 0.000000 0 0.287671 0.603125 1 0.289628 0.575000 1 0.232877 0.634375 1 0.260274 0.598437 1 0.225049 0.587500 1 0.236791 0.575000 1 0.248532 0.659375 1 0.242661 0.637500 1 0.152642 0.639062 1 0.150685 0.626563 1 0.076321 0.676562 1 0.078278 0.659375 1