0 0.671766 0.546917 0.073562 0.354417 0.657813 0.406250 1 0.660937 0.400000 1 0.651563 0.402083 1 0.675000 0.402083 1 0.000000 0.000000 0 0.687500 0.443750 1 0.643750 0.445833 1 0.700000 0.497917 1 0.000000 0.000000 0 0.000000 0.000000 0 0.000000 0.000000 0 0.681250 0.550000 1 0.650000 0.547917 1 0.678125 0.618750 1 0.654687 0.616667 1 0.679688 0.693750 1 0.662500 0.683333 1
0 0.880617 0.569656 0.085953 0.280896 0.878125 0.456250 1 0.882812 0.454167 1 0.875000 0.452083 1 0.893750 0.458333 1 0.000000 0.000000 0 0.900000 0.483333 1 0.865625 0.483333 1 0.928125 0.506250 1 0.848437 0.500000 1 0.912500 0.520833 1 0.860938 0.522917 1 0.893750 0.564583 1 0.870313 0.564583 1 0.892188 0.629167 1 0.868750 0.627083 1 0.892188 0.691667 1 0.864062 0.693750 1
0 0.097750 0.765167 0.182031 0.469667 0.160938 0.627083 1 0.000000 0.000000 0 0.160938 0.612500 1 0.000000 0.000000 0 0.134375 0.625000 1 0.059375 0.706250 1 0.146875 0.735417 1 0.021875 0.827083 1 0.131250 0.883333 1 0.059375 0.904167 1 0.181250 0.989583 1 0.071875 0.983333 1 0.126562 0.989583 1 0.000000 0.000000 0 0.000000 0.000000 0 0.000000 0.000000 0 0.000000 0.000000 0
0 0.725562 0.759177 0.153375 0.417979 0.679688 0.589583 1 0.689063 0.587500 1 0.000000 0.000000 0 0.709375 0.606250 1 0.000000 0.000000 0 0.714063 0.666667 1 0.000000 0.000000 0 0.709375 0.772917 1 0.000000 0.000000 0 0.687500 0.847917 1 0.000000 0.000000 0 0.764062 0.847917 1 0.000000 0.000000 0 0.000000 0.000000 0 0.000000 0.000000 0 0.000000 0.000000 0 0.000000 0.000000 0
0 0.486102 0.455146 0.061203 0.210958 0.000000 0.000000 0 0.000000 0.000000 0 0.000000 0.000000 0 0.000000 0.000000 0 0.000000 0.000000 0 0.000000 0.000000 0 0.000000 0.000000 0 0.000000 0.000000 0 0.000000 0.000000 0 0.000000 0.000000 0 0.000000 0.000000 0 0.000000 0.000000 0 0.000000 0.000000 0 0.000000 0.000000 0 0.000000 0.000000 0 0.000000 0.000000 0 0.000000 0.000000 0
0 0.734773 0.399083 0.096859 0.147833 0.739062 0.358333 1 0.745313 0.354167 1 0.735938 0.352083 1 0.753125 0.358333 1 0.732812 0.354167 1 0.760938 0.391667 1 0.721875 0.385417 1 0.771875 0.443750 1 0.695312 0.422917 1 0.750000 0.420833 1 0.709375 0.456250 1 0.756250 0.481250 1 0.728125 0.481250 1 0.000000 0.000000 0 0.000000 0.000000 0 0.000000 0.000000 0 0.000000 0.000000 0
0 0.862531 0.426635 0.033219 0.099646 0.000000 0.000000 0 0.000000 0.000000 0 0.000000 0.000000 0 0.000000 0.000000 0 0.000000 0.000000 0 0.000000 0.000000 0 0.000000 0.000000 0 0.000000 0.000000 0 0.000000 0.000000 0 0.000000 0.000000 0 0.000000 0.000000 0 0.000000 0.000000 0 0.000000 0.000000 0 0.000000 0.000000 0 0.000000 0.000000 0 0.000000 0.000000 0 0.000000 0.000000 0
0 0.940930 0.692833 0.117422 0.608917 0.000000 0.000000 0 0.000000 0.000000 0 0.000000 0.000000 0 0.925000 0.462500 1 0.000000 0.000000 0 0.943750 0.560417 1 0.000000 0.000000 0 0.921875 0.729167 1 0.000000 0.000000 0 0.890625 0.622917 1 0.000000 0.000000 0 0.921875 0.850000 1 0.000000 0.000000 0 0.000000 0.000000 0 0.000000 0.000000 0 0.000000 0.000000 0 0.000000 0.000000 0
0 0.773453 0.585052 0.084625 0.241729 0.756250 0.495833 1 0.760938 0.491667 1 0.753125 0.491667 1 0.773438 0.495833 1 0.000000 0.000000 0 0.781250 0.527083 1 0.746875 0.529167 1 0.809375 0.552083 1 0.737500 0.568750 1 0.795312 0.575000 1 0.748437 0.537500 1 0.771875 0.602083 1 0.751563 0.600000 1 0.000000 0.000000 0 0.000000 0.000000 0 0.000000 0.000000 0 0.000000 0.000000 0
0 0.828016 0.848833 0.120812 0.302333 0.000000 0.000000 0 0.000000 0.000000 0 0.000000 0.000000 0 0.796875 0.795833 1 0.000000 0.000000 0 0.789062 0.908333 1 0.876563 0.877083 1 0.000000 0.000000 0 0.000000 0.000000 0 0.000000 0.000000 0 0.000000 0.000000 0 0.000000 0.000000 0 0.000000 0.000000 0 0.000000 0.000000 0 0.000000 0.000000 0 0.000000 0.000000 0 0.000000 0.000000 0
0 0.728836 0.473167 0.055203 0.108042 0.734375 0.450000 1 0.739062 0.445833 1 0.729688 0.445833 1 0.745313 0.445833 1 0.725000 0.447917 1 0.751563 0.481250 1 0.712500 0.483333 1 0.760938 0.516667 1 0.706250 0.514583 1 0.000000 0.000000 0 0.000000 0.000000 0 0.000000 0.000000 0 0.000000 0.000000 0 0.000000 0.000000 0 0.000000 0.000000 0 0.000000 0.000000 0 0.000000 0.000000 0
0 0.045719 0.701000 0.087031 0.598000 0.043750 0.483333 1 0.000000 0.000000 0 0.043750 0.472917 1 0.000000 0.000000 0 0.025000 0.470833 1 0.000000 0.000000 0 0.054688 0.558333 1 0.000000 0.000000 0 0.095312 0.685417 1 0.000000 0.000000 0 0.000000 0.000000 0 0.000000 0.000000 0 0.042188 0.752083 1 0.000000 0.000000 0 0.042188 0.870833 1 0.000000 0.000000 0 0.000000 0.000000 0