0 0.354437 0.592319 0.047125 0.184075 0.359375 0.517564 1 0.362500 0.515222 1 0.356250 0.515222 1 0.000000 0.000000 0 0.351562 0.517564 1 0.364063 0.533958 1 0.343750 0.533958 1 0.370312 0.564403 1 0.339062 0.564403 1 0.373437 0.580796 1 0.335938 0.587822 1 0.360938 0.590164 1 0.345313 0.590164 1 0.357812 0.634660 1 0.351562 0.627635 1 0.356250 0.667447 1 0.351562 0.662763 1
0 0.751914 0.567611 0.240984 0.601077 0.000000 0.000000 0 0.000000 0.000000 0 0.000000 0.000000 0 0.646875 0.325527 1 0.000000 0.000000 0 0.684375 0.384075 1 0.000000 0.000000 0 0.718750 0.482436 1 0.000000 0.000000 0 0.690625 0.580796 1 0.000000 0.000000 0 0.771875 0.515222 1 0.803125 0.510539 1 0.693750 0.658080 1 0.739062 0.690867 1 0.775000 0.784543 1 0.835938 0.791569 1
0 0.448266 0.591405 0.063656 0.224731 0.000000 0.000000 0 0.000000 0.000000 0 0.000000 0.000000 0 0.000000 0.000000 0 0.000000 0.000000 0 0.434375 0.526932 1 0.468750 0.522248 1 0.423438 0.543326 1 0.471875 0.543326 1 0.439063 0.566745 1 0.467187 0.559719 1 0.443750 0.585480 1 0.459375 0.585480 1 0.442188 0.629977 1 0.460938 0.632319 1 0.439063 0.681499 1 0.462500 0.679157 1
0 0.026453 0.464778 0.052906 0.329040 0.001563 0.358314 1 0.009375 0.348946 1 0.000000 0.000000 0 0.017188 0.346604 1 0.000000 0.000000 0 0.020313 0.419204 1 0.000000 0.000000 0 0.031250 0.505855 1 0.000000 0.000000 0 0.042188 0.576112 1 0.000000 0.000000 0 0.000000 0.000000 0 0.000000 0.000000 0 0.006250 0.672131 1 0.000000 0.000000 0 0.000000 0.768150 1 0.000000 0.000000 0
0 0.891227 0.572541 0.097016 0.319602 0.890625 0.444965 1 0.893750 0.437939 1 0.887500 0.437939 1 0.896875 0.442623 1 0.878125 0.442623 1 0.901563 0.470726 1 0.868750 0.468384 1 0.931250 0.435597 1 0.846875 0.428571 1 0.898438 0.421546 1 0.876563 0.421546 1 0.900000 0.562061 1 0.875000 0.562061 1 0.898438 0.648712 1 0.868750 0.648712 1 0.898438 0.716628 1 0.870313 0.716628 1
0 0.925922 0.583220 0.036094 0.098712 0.000000 0.000000 0 0.000000 0.000000 0 0.000000 0.000000 0 0.000000 0.000000 0 0.000000 0.000000 0 0.000000 0.000000 0 0.000000 0.000000 0 0.000000 0.000000 0 0.000000 0.000000 0 0.000000 0.000000 0 0.000000 0.000000 0 0.000000 0.000000 0 0.000000 0.000000 0 0.000000 0.000000 0 0.000000 0.000000 0 0.000000 0.000000 0 0.000000 0.000000 0
0 0.142508 0.561077 0.119234 0.471475 0.134375 0.370023 1 0.140625 0.360656 1 0.128125 0.362998 1 0.146875 0.367681 1 0.120313 0.367681 1 0.162500 0.419204 1 0.109375 0.423888 1 0.178125 0.470726 1 0.079687 0.473068 1 0.189062 0.531616 1 0.085938 0.517564 1 0.151562 0.559719 1 0.110937 0.555035 1 0.142187 0.665105 1 0.106250 0.658080 1 0.145313 0.784543 1 0.092188 0.779859 1
0 0.056977 0.577529 0.107953 0.494403 0.045312 0.370023 1 0.051562 0.360656 1 0.039062 0.362998 1 0.059375 0.370023 1 0.029687 0.372365 1 0.076563 0.423888 1 0.020313 0.423888 1 0.103125 0.489461 1 0.000000 0.000000 0 0.090625 0.555035 1 0.000000 0.000000 0 0.065625 0.576112 1 0.025000 0.571429 1 0.064062 0.690867 1 0.026562 0.681499 1 0.046875 0.758782 1 0.028125 0.791569 1
0 0.968531 0.587869 0.062937 0.281593 0.960938 0.475410 1 0.962500 0.470726 1 0.000000 0.000000 0 0.973437 0.473068 1 0.000000 0.000000 0 0.979688 0.501171 1 0.968750 0.503513 1 0.995313 0.552693 1 0.000000 0.000000 0 0.993750 0.587822 1 0.000000 0.000000 0 0.981250 0.585480 1 0.968750 0.585480 1 0.954688 0.644028 1 0.987500 0.639344 1 0.948438 0.711944 1 0.000000 0.000000 0
0 0.639133 0.718489 0.525828 0.289204 0.000000 0.000000 0 0.000000 0.000000 0 0.000000 0.000000 0 0.000000 0.000000 0 0.000000 0.000000 0 0.507812 0.646370 1 0.525000 0.716628 1 0.450000 0.737705 1 0.506250 0.793911 1 0.400000 0.777518 1 0.453125 0.859485 1 0.610938 0.683841 1 0.623437 0.725995 1 0.715625 0.620609 1 0.750000 0.723653 1 0.812500 0.601874 1 0.848437 0.669789 1
0 0.672836 0.498770 0.022109 0.036464 0.000000 0.000000 0 0.000000 0.000000 0 0.000000 0.000000 0 0.000000 0.000000 0 0.000000 0.000000 0 0.000000 0.000000 0 0.000000 0.000000 0 0.000000 0.000000 0 0.000000 0.000000 0 0.000000 0.000000 0 0.000000 0.000000 0 0.000000 0.000000 0 0.000000 0.000000 0 0.000000 0.000000 0 0.000000 0.000000 0 0.000000 0.000000 0 0.000000 0.000000 0
0 0.630133 0.601991 0.048766 0.082763 0.000000 0.000000 0 0.000000 0.000000 0 0.000000 0.000000 0 0.000000 0.000000 0 0.000000 0.000000 0 0.000000 0.000000 0 0.000000 0.000000 0 0.000000 0.000000 0 0.000000 0.000000 0 0.000000 0.000000 0 0.000000 0.000000 0 0.000000 0.000000 0 0.000000 0.000000 0 0.000000 0.000000 0 0.000000 0.000000 0 0.000000 0.000000 0 0.000000 0.000000 0
0 0.531531 0.548290 0.037531 0.096393 0.000000 0.000000 0 0.000000 0.000000 0 0.000000 0.000000 0 0.000000 0.000000 0 0.000000 0.000000 0 0.000000 0.000000 0 0.000000 0.000000 0 0.000000 0.000000 0 0.000000 0.000000 0 0.000000 0.000000 0 0.000000 0.000000 0 0.000000 0.000000 0 0.000000 0.000000 0 0.000000 0.000000 0 0.000000 0.000000 0 0.000000 0.000000 0 0.000000 0.000000 0