0 0.357266 0.768021 0.241562 0.443708 0.000000 0.000000 0 0.000000 0.000000 0 0.000000 0.000000 0 0.278125 0.670833 1 0.357812 0.635417 1 0.264062 0.833333 1 0.423438 0.727083 1 0.000000 0.000000 0 0.000000 0.000000 0 0.000000 0.000000 0 0.000000 0.000000 0 0.000000 0.000000 0 0.000000 0.000000 0 0.000000 0.000000 0 0.000000 0.000000 0 0.000000 0.000000 0 0.000000 0.000000 0
0 0.492133 0.583146 0.246078 0.330333 0.535937 0.495833 1 0.528125 0.485417 1 0.537500 0.483333 1 0.493750 0.495833 1 0.000000 0.000000 0 0.460938 0.529167 1 0.509375 0.560417 1 0.415625 0.562500 1 0.529687 0.631250 1 0.384375 0.633333 1 0.582812 0.618750 1 0.471875 0.672917 1 0.510938 0.697917 1 0.000000 0.000000 0 0.000000 0.000000 0 0.000000 0.000000 0 0.000000 0.000000 0
0 0.829289 0.572990 0.150672 0.277313 0.779687 0.527083 1 0.781250 0.516667 1 0.000000 0.000000 0 0.817187 0.502083 1 0.000000 0.000000 0 0.851562 0.566667 1 0.834375 0.527083 1 0.856250 0.664583 1 0.848437 0.614583 1 0.000000 0.000000 0 0.787500 0.577083 1 0.851562 0.656250 1 0.835938 0.633333 1 0.000000 0.000000 0 0.000000 0.000000 0 0.000000 0.000000 0 0.000000 0.000000 0
0 0.914633 0.672979 0.170734 0.441417 0.896875 0.535417 1 0.910937 0.529167 1 0.000000 0.000000 0 0.953125 0.556250 1 0.000000 0.000000 0 0.967187 0.652083 1 0.943750 0.608333 1 0.968750 0.793750 1 0.910937 0.679167 1 0.895312 0.752083 1 0.889062 0.647917 1 0.950000 0.856250 1 0.921875 0.820833 1 0.000000 0.000000 0 0.000000 0.000000 0 0.000000 0.000000 0 0.000000 0.000000 0
0 0.714078 0.444458 0.086625 0.191667 0.695312 0.391667 1 0.704688 0.389583 1 0.000000 0.000000 0 0.723437 0.393750 1 0.000000 0.000000 0 0.737500 0.431250 1 0.704688 0.422917 1 0.721875 0.487500 1 0.671875 0.427083 1 0.681250 0.447917 1 0.657813 0.433333 1 0.690625 0.527083 1 0.678125 0.512500 1 0.000000 0.000000 0 0.000000 0.000000 0 0.000000 0.000000 0 0.000000 0.000000 0
0 0.488281 0.375375 0.064969 0.116750 0.460938 0.366667 1 0.462500 0.358333 1 0.000000 0.000000 0 0.473438 0.358333 1 0.000000 0.000000 0 0.476562 0.393750 1 0.510938 0.387500 1 0.454688 0.425000 1 0.515625 0.422917 1 0.000000 0.000000 0 0.000000 0.000000 0 0.000000 0.000000 0 0.000000 0.000000 0 0.000000 0.000000 0 0.000000 0.000000 0 0.000000 0.000000 0 0.000000 0.000000 0
0 0.438070 0.458021 0.081172 0.145292 0.412500 0.441667 1 0.410938 0.433333 1 0.000000 0.000000 0 0.000000 0.000000 0 0.000000 0.000000 0 0.451562 0.460417 1 0.462500 0.439583 1 0.414062 0.508333 1 0.423438 0.489583 1 0.410938 0.460417 1 0.418750 0.460417 1 0.000000 0.000000 0 0.484375 0.570833 1 0.000000 0.000000 0 0.403125 0.581250 1 0.000000 0.000000 0 0.000000 0.000000 0
0 0.282242 0.425823 0.095891 0.229063 0.267188 0.347917 1 0.268750 0.341667 1 0.000000 0.000000 0 0.278125 0.341667 1 0.000000 0.000000 0 0.295312 0.366667 1 0.304688 0.358333 1 0.276562 0.400000 1 0.000000 0.000000 0 0.250000 0.402083 1 0.000000 0.000000 0 0.309375 0.431250 1 0.320312 0.431250 1 0.259375 0.447917 1 0.275000 0.433333 1 0.270313 0.512500 1 0.285938 0.491667 1
0 0.105336 0.417979 0.082578 0.202250 0.000000 0.000000 0 0.000000 0.000000 0 0.000000 0.000000 0 0.084375 0.345833 1 0.000000 0.000000 0 0.081250 0.375000 1 0.118750 0.375000 1 0.068750 0.416667 1 0.000000 0.000000 0 0.000000 0.000000 0 0.000000 0.000000 0 0.089063 0.454167 1 0.118750 0.452083 1 0.000000 0.000000 0 0.000000 0.000000 0 0.000000 0.000000 0 0.000000 0.000000 0
0 0.624172 0.293802 0.035969 0.081812 0.000000 0.000000 0 0.000000 0.000000 0 0.000000 0.000000 0 0.000000 0.000000 0 0.000000 0.000000 0 0.000000 0.000000 0 0.000000 0.000000 0 0.000000 0.000000 0 0.000000 0.000000 0 0.000000 0.000000 0 0.000000 0.000000 0 0.000000 0.000000 0 0.000000 0.000000 0 0.000000 0.000000 0 0.000000 0.000000 0 0.000000 0.000000 0 0.000000 0.000000 0
0 0.503922 0.336958 0.045281 0.105833 0.000000 0.000000 0 0.000000 0.000000 0 0.000000 0.000000 0 0.000000 0.000000 0 0.000000 0.000000 0 0.000000 0.000000 0 0.000000 0.000000 0 0.000000 0.000000 0 0.000000 0.000000 0 0.000000 0.000000 0 0.000000 0.000000 0 0.000000 0.000000 0 0.000000 0.000000 0 0.000000 0.000000 0 0.000000 0.000000 0 0.000000 0.000000 0 0.000000 0.000000 0
0 0.644813 0.305125 0.058844 0.077292 0.000000 0.000000 0 0.000000 0.000000 0 0.000000 0.000000 0 0.000000 0.000000 0 0.000000 0.000000 0 0.000000 0.000000 0 0.000000 0.000000 0 0.000000 0.000000 0 0.000000 0.000000 0 0.000000 0.000000 0 0.000000 0.000000 0 0.000000 0.000000 0 0.000000 0.000000 0 0.000000 0.000000 0 0.000000 0.000000 0 0.000000 0.000000 0 0.000000 0.000000 0