0 0.495055 0.366733 0.045766 0.312524 0.000000 0.000000 0 0.000000 0.000000 0 0.000000 0.000000 0 0.000000 0.000000 0 0.000000 0.000000 0 0.000000 0.000000 0 0.000000 0.000000 0 0.000000 0.000000 0 0.000000 0.000000 0 0.000000 0.000000 0 0.000000 0.000000 0 0.000000 0.000000 0 0.000000 0.000000 0 0.000000 0.000000 0 0.000000 0.000000 0 0.000000 0.000000 0 0.000000 0.000000 0
0 0.832523 0.764175 0.019547 0.124198 0.000000 0.000000 0 0.000000 0.000000 0 0.000000 0.000000 0 0.000000 0.000000 0 0.000000 0.000000 0 0.000000 0.000000 0 0.000000 0.000000 0 0.000000 0.000000 0 0.000000 0.000000 0 0.000000 0.000000 0 0.000000 0.000000 0 0.000000 0.000000 0 0.000000 0.000000 0 0.000000 0.000000 0 0.000000 0.000000 0 0.000000 0.000000 0 0.000000 0.000000 0
0 0.294766 0.422134 0.040188 0.234741 0.000000 0.000000 0 0.000000 0.000000 0 0.000000 0.000000 0 0.000000 0.000000 0 0.000000 0.000000 0 0.287500 0.396226 1 0.295312 0.396226 1 0.285938 0.370283 1 0.304688 0.375000 1 0.284375 0.351415 1 0.312500 0.341981 1 0.287500 0.436321 1 0.296875 0.433962 1 0.287500 0.483491 1 0.301563 0.476415 1 0.282813 0.518868 1 0.301563 0.516509 1
0 0.880734 0.740967 0.040188 0.193774 0.871875 0.662736 1 0.875000 0.660377 1 0.000000 0.000000 0 0.884375 0.660377 1 0.000000 0.000000 0 0.889062 0.676887 1 0.882812 0.676887 1 0.892188 0.705189 1 0.000000 0.000000 0 0.873437 0.702830 1 0.000000 0.000000 0 0.884375 0.740566 1 0.889062 0.740566 1 0.881250 0.783019 1 0.889062 0.780660 1 0.884375 0.825472 1 0.889062 0.823113 1
0 0.665133 0.327913 0.046547 0.335731 0.000000 0.000000 0 0.000000 0.000000 0 0.000000 0.000000 0 0.000000 0.000000 0 0.000000 0.000000 0 0.654687 0.290094 1 0.671875 0.287736 1 0.650000 0.250000 1 0.681250 0.235849 1 0.646875 0.216981 1 0.676562 0.205189 1 0.660937 0.346698 1 0.673438 0.346698 1 0.651563 0.415094 1 0.671875 0.429245 1 0.640625 0.443396 1 0.671875 0.478774 1
0 0.851375 0.759717 0.019344 0.133396 0.000000 0.000000 0 0.000000 0.000000 0 0.000000 0.000000 0 0.000000 0.000000 0 0.000000 0.000000 0 0.000000 0.000000 0 0.000000 0.000000 0 0.000000 0.000000 0 0.000000 0.000000 0 0.000000 0.000000 0 0.000000 0.000000 0 0.000000 0.000000 0 0.000000 0.000000 0 0.000000 0.000000 0 0.000000 0.000000 0 0.000000 0.000000 0 0.000000 0.000000 0
0 0.389711 0.416474 0.031172 0.230590 0.000000 0.000000 0 0.000000 0.000000 0 0.000000 0.000000 0 0.000000 0.000000 0 0.000000 0.000000 0 0.379688 0.393868 1 0.382812 0.393868 1 0.000000 0.000000 0 0.393750 0.360849 1 0.000000 0.000000 0 0.395313 0.334906 1 0.381250 0.436321 1 0.384375 0.436321 1 0.382812 0.481132 1 0.384375 0.481132 1 0.381250 0.518868 1 0.382812 0.518868 1
0 0.431945 0.389800 0.054484 0.248231 0.000000 0.000000 0 0.000000 0.000000 0 0.000000 0.000000 0 0.000000 0.000000 0 0.434375 0.323113 1 0.421875 0.341981 1 0.432812 0.339623 1 0.420312 0.320755 1 0.450000 0.313679 1 0.423438 0.292453 1 0.451562 0.280660 1 0.417187 0.412736 1 0.429688 0.410377 1 0.417187 0.450472 1 0.429688 0.448113 1 0.414062 0.497642 1 0.426563 0.502358 1
0 0.353492 0.437205 0.046766 0.209788 0.000000 0.000000 0 0.000000 0.000000 0 0.000000 0.000000 0 0.000000 0.000000 0 0.000000 0.000000 0 0.346875 0.396226 1 0.354687 0.391509 1 0.356250 0.370283 1 0.367188 0.370283 1 0.360938 0.346698 1 0.370312 0.341981 1 0.346875 0.433962 1 0.356250 0.431604 1 0.346875 0.478774 1 0.362500 0.476415 1 0.335938 0.521226 1 0.356250 0.518868 1
0 0.575719 0.439517 0.050094 0.105259 0.000000 0.000000 0 0.000000 0.000000 0 0.000000 0.000000 0 0.000000 0.000000 0 0.000000 0.000000 0 0.000000 0.000000 0 0.000000 0.000000 0 0.000000 0.000000 0 0.000000 0.000000 0 0.000000 0.000000 0 0.000000 0.000000 0 0.000000 0.000000 0 0.000000 0.000000 0 0.000000 0.000000 0 0.000000 0.000000 0 0.000000 0.000000 0 0.000000 0.000000 0
0 0.619328 0.337075 0.053594 0.314623 0.000000 0.000000 0 0.000000 0.000000 0 0.000000 0.000000 0 0.000000 0.000000 0 0.632812 0.247642 1 0.612500 0.268868 1 0.629687 0.264151 1 0.609375 0.235849 1 0.642188 0.240566 1 0.607812 0.200472 1 0.643750 0.193396 1 0.614062 0.337264 1 0.628125 0.337264 1 0.617188 0.403302 1 0.631250 0.405660 1 0.614062 0.450472 1 0.628125 0.464623 1
0 0.318094 0.431462 0.029125 0.206887 0.000000 0.000000 0 0.000000 0.000000 0 0.000000 0.000000 0 0.000000 0.000000 0 0.318750 0.372642 1 0.306250 0.393868 1 0.310937 0.389151 1 0.000000 0.000000 0 0.326562 0.375000 1 0.000000 0.000000 0 0.331250 0.349057 1 0.309375 0.431604 1 0.317188 0.429245 1 0.310937 0.464623 1 0.320312 0.464623 1 0.309375 0.492925 1 0.320312 0.509434 1
0 0.533586 0.383491 0.052859 0.274245 0.000000 0.000000 0 0.000000 0.000000 0 0.000000 0.000000 0 0.000000 0.000000 0 0.529687 0.308962 1 0.514062 0.334906 1 0.531250 0.327830 1 0.000000 0.000000 0 0.550000 0.297170 1 0.000000 0.000000 0 0.550000 0.266509 1 0.517188 0.398585 1 0.534375 0.389151 1 0.520312 0.459906 1 0.534375 0.452830 1 0.506250 0.488208 1 0.535937 0.497642 1