0 0.670766 0.529875 0.151531 0.511333 0.659375 0.316667 1 0.668750 0.308333 1 0.656250 0.308333 1 0.690625 0.318750 1 0.000000 0.000000 0 0.717187 0.395833 1 0.629687 0.393750 1 0.729688 0.481250 1 0.609375 0.470833 1 0.729688 0.556250 1 0.609375 0.543750 1 0.700000 0.579167 1 0.642188 0.577083 1 0.704688 0.693750 1 0.632812 0.691667 1 0.698438 0.787500 1 0.625000 0.800000 1
0 0.662430 0.677063 0.177016 0.389167 0.642188 0.564583 1 0.646875 0.550000 1 0.000000 0.000000 0 0.673438 0.537500 1 0.000000 0.000000 0 0.725000 0.602083 1 0.673438 0.587500 1 0.718750 0.677083 1 0.654687 0.685417 1 0.654687 0.637500 1 0.614062 0.708333 1 0.703125 0.802083 1 0.662500 0.777083 1 0.589063 0.872917 1 0.565625 0.835417 1 0.000000 0.000000 0 0.000000 0.000000 0
0 0.036031 0.517062 0.071625 0.598917 0.000000 0.000000 0 0.000000 0.000000 0 0.000000 0.000000 0 0.000000 0.000000 0 0.012500 0.272917 1 0.000000 0.000000 0 0.050000 0.337500 1 0.000000 0.000000 0 0.057813 0.414583 1 0.000000 0.000000 0 0.000000 0.000000 0 0.000000 0.000000 0 0.031250 0.512500 1 0.000000 0.000000 0 0.029687 0.633333 1 0.000000 0.791667 1 0.045312 0.747917 1
0 0.152906 0.587625 0.023969 0.084333 0.000000 0.000000 0 0.000000 0.000000 0 0.000000 0.000000 0 0.000000 0.000000 0 0.000000 0.000000 0 0.000000 0.000000 0 0.000000 0.000000 0 0.000000 0.000000 0 0.000000 0.000000 0 0.000000 0.000000 0 0.000000 0.000000 0 0.000000 0.000000 0 0.000000 0.000000 0 0.000000 0.000000 0 0.000000 0.000000 0 0.000000 0.000000 0 0.000000 0.000000 0
0 0.106883 0.587740 0.017391 0.041396 0.000000 0.000000 0 0.000000 0.000000 0 0.000000 0.000000 0 0.000000 0.000000 0 0.000000 0.000000 0 0.000000 0.000000 0 0.000000 0.000000 0 0.000000 0.000000 0 0.000000 0.000000 0 0.000000 0.000000 0 0.000000 0.000000 0 0.000000 0.000000 0 0.000000 0.000000 0 0.000000 0.000000 0 0.000000 0.000000 0 0.000000 0.000000 0 0.000000 0.000000 0
0 0.064344 0.640000 0.035375 0.098833 0.000000 0.000000 0 0.000000 0.000000 0 0.000000 0.000000 0 0.000000 0.000000 0 0.000000 0.000000 0 0.000000 0.000000 0 0.000000 0.000000 0 0.000000 0.000000 0 0.000000 0.000000 0 0.000000 0.000000 0 0.000000 0.000000 0 0.000000 0.000000 0 0.000000 0.000000 0 0.000000 0.000000 0 0.000000 0.000000 0 0.000000 0.000000 0 0.000000 0.000000 0
0 0.134875 0.590542 0.026875 0.053125 0.000000 0.000000 0 0.000000 0.000000 0 0.000000 0.000000 0 0.000000 0.000000 0 0.000000 0.000000 0 0.000000 0.000000 0 0.000000 0.000000 0 0.000000 0.000000 0 0.000000 0.000000 0 0.000000 0.000000 0 0.000000 0.000000 0 0.000000 0.000000 0 0.000000 0.000000 0 0.000000 0.000000 0 0.000000 0.000000 0 0.000000 0.000000 0 0.000000 0.000000 0
0 0.587328 0.592573 0.045125 0.212854 0.593750 0.500000 1 0.596875 0.500000 1 0.590625 0.500000 1 0.000000 0.000000 0 0.000000 0.000000 0 0.000000 0.000000 0 0.584375 0.541667 1 0.000000 0.000000 0 0.571875 0.575000 1 0.000000 0.000000 0 0.571875 0.618750 1 0.000000 0.000000 0 0.595313 0.635417 1 0.000000 0.000000 0 0.596875 0.695833 1 0.000000 0.000000 0 0.000000 0.000000 0
0 0.517023 0.634521 0.028578 0.204250 0.000000 0.000000 0 0.000000 0.000000 0 0.000000 0.000000 0 0.000000 0.000000 0 0.000000 0.000000 0 0.000000 0.000000 0 0.000000 0.000000 0 0.000000 0.000000 0 0.000000 0.000000 0 0.000000 0.000000 0 0.000000 0.000000 0 0.000000 0.000000 0 0.000000 0.000000 0 0.000000 0.000000 0 0.000000 0.000000 0 0.000000 0.000000 0 0.000000 0.000000 0
0 0.890391 0.605354 0.111313 0.334750 0.901563 0.470833 1 0.903125 0.462500 1 0.898438 0.460417 1 0.000000 0.000000 0 0.000000 0.000000 0 0.914062 0.500000 1 0.868750 0.491667 1 0.929688 0.533333 1 0.889062 0.506250 1 0.925000 0.564583 1 0.887500 0.468750 1 0.921875 0.591667 1 0.889062 0.589583 1 0.915625 0.672917 1 0.885938 0.670833 1 0.909375 0.729167 1 0.854688 0.720833 1
0 0.463234 0.521510 0.135656 0.679271 0.490625 0.247917 1 0.489063 0.239583 1 0.478125 0.237500 1 0.000000 0.000000 0 0.451562 0.235417 1 0.468750 0.304167 1 0.421875 0.302083 1 0.000000 0.000000 0 0.407813 0.387500 1 0.000000 0.000000 0 0.454688 0.327083 1 0.485938 0.518750 1 0.429688 0.522917 1 0.478125 0.662500 1 0.429688 0.677083 1 0.475000 0.772917 1 0.429688 0.802083 1
0 0.309570 0.513031 0.216797 0.721354 0.332813 0.204167 1 0.340625 0.191667 1 0.323437 0.189583 1 0.353125 0.206250 1 0.301563 0.200000 1 0.353125 0.302083 1 0.259375 0.287500 1 0.360938 0.412500 1 0.223438 0.393750 1 0.392188 0.456250 1 0.265625 0.479167 1 0.342187 0.514583 1 0.276562 0.516667 1 0.335938 0.675000 1 0.289062 0.685417 1 0.337500 0.814583 1 0.290625 0.841667 1
0 0.973305 0.591510 0.030234 0.104521 0.000000 0.000000 0 0.000000 0.000000 0 0.000000 0.000000 0 0.000000 0.000000 0 0.000000 0.000000 0 0.000000 0.000000 0 0.000000 0.000000 0 0.000000 0.000000 0 0.000000 0.000000 0 0.000000 0.000000 0 0.000000 0.000000 0 0.000000 0.000000 0 0.000000 0.000000 0 0.000000 0.000000 0 0.000000 0.000000 0 0.000000 0.000000 0 0.000000 0.000000 0