0 0.380344 0.600486 0.085875 0.401861 0.384375 0.433333 1 0.000000 0.000000 0 0.379688 0.427778 1 0.000000 0.000000 0 0.367188 0.433333 1 0.390625 0.475000 1 0.354687 0.483333 1 0.415625 0.522222 1 0.343750 0.525000 1 0.410938 0.572222 1 0.343750 0.561111 1 0.390625 0.591667 1 0.367188 0.594444 1 0.385937 0.680556 1 0.375000 0.686111 1 0.404687 0.769444 1 0.384375 0.772222 1
0 0.508969 0.613639 0.034594 0.260500 0.000000 0.000000 0 0.000000 0.000000 0 0.000000 0.000000 0 0.506250 0.502778 1 0.518750 0.505556 1 0.498437 0.536111 1 0.515625 0.530556 1 0.495312 0.575000 1 0.523438 0.572222 1 0.000000 0.000000 0 0.000000 0.000000 0 0.503125 0.588889 1 0.515625 0.588889 1 0.509375 0.663889 1 0.510938 0.661111 1 0.523438 0.730556 1 0.509375 0.736111 1
0 0.593281 0.574986 0.067781 0.415750 0.573438 0.405556 1 0.578125 0.400000 1 0.571875 0.400000 1 0.590625 0.402778 1 0.000000 0.000000 0 0.592187 0.452778 1 0.575000 0.463889 1 0.606250 0.519444 1 0.576562 0.541667 1 0.595313 0.577778 1 0.568750 0.588889 1 0.592187 0.572222 1 0.573438 0.580556 1 0.598437 0.661111 1 0.570312 0.683333 1 0.595313 0.769444 1 0.612500 0.713889 1
0 0.782867 0.587222 0.056672 0.345278 0.776563 0.450000 1 0.781250 0.444444 1 0.000000 0.000000 0 0.792188 0.444444 1 0.000000 0.000000 0 0.803125 0.469444 1 0.776563 0.486111 1 0.795312 0.500000 1 0.770312 0.527778 1 0.787500 0.466667 1 0.760938 0.566667 1 0.789062 0.569444 1 0.773438 0.566667 1 0.785937 0.652778 1 0.778125 0.655556 1 0.781250 0.733333 1 0.785937 0.713889 1
0 0.862047 0.568403 0.093094 0.455583 0.000000 0.000000 0 0.000000 0.000000 0 0.000000 0.000000 0 0.000000 0.000000 0 0.000000 0.000000 0 0.820312 0.444444 1 0.864062 0.427778 1 0.825000 0.427778 1 0.901563 0.394444 1 0.846875 0.386111 1 0.879687 0.366667 1 0.829688 0.561111 1 0.859375 0.555556 1 0.829688 0.677778 1 0.857812 0.677778 1 0.832812 0.761111 1 0.854688 0.761111 1
0 0.696305 0.598986 0.049109 0.287861 0.000000 0.000000 0 0.000000 0.000000 0 0.000000 0.000000 0 0.000000 0.000000 0 0.000000 0.000000 0 0.687500 0.505556 1 0.707812 0.511111 1 0.689063 0.555556 1 0.000000 0.000000 0 0.679688 0.558333 1 0.000000 0.000000 0 0.692187 0.583333 1 0.709375 0.583333 1 0.681250 0.652778 1 0.700000 0.661111 1 0.682813 0.733333 1 0.703125 0.722222 1
0 0.937578 0.574403 0.087906 0.425361 0.951562 0.413889 1 0.953125 0.402778 1 0.945312 0.405556 1 0.000000 0.000000 0 0.929688 0.408333 1 0.964063 0.447222 1 0.912500 0.461111 1 0.970313 0.500000 1 0.907813 0.511111 1 0.971875 0.555556 1 0.903125 0.569444 1 0.953125 0.591667 1 0.920312 0.591667 1 0.000000 0.000000 0 0.921875 0.666667 1 0.000000 0.000000 0 0.925000 0.741667 1
0 0.441250 0.617236 0.029031 0.237472 0.000000 0.000000 0 0.000000 0.000000 0 0.000000 0.000000 0 0.000000 0.000000 0 0.000000 0.000000 0 0.000000 0.000000 0 0.000000 0.000000 0 0.000000 0.000000 0 0.000000 0.000000 0 0.000000 0.000000 0 0.000000 0.000000 0 0.000000 0.000000 0 0.000000 0.000000 0 0.000000 0.000000 0 0.000000 0.000000 0 0.000000 0.000000 0 0.000000 0.000000 0
0 0.482359 0.605556 0.041563 0.271944 0.000000 0.000000 0 0.000000 0.000000 0 0.000000 0.000000 0 0.000000 0.000000 0 0.485938 0.491667 1 0.464062 0.516667 1 0.481250 0.516667 1 0.000000 0.000000 0 0.478125 0.561111 1 0.000000 0.000000 0 0.484375 0.608333 1 0.464062 0.602778 1 0.478125 0.600000 1 0.467187 0.666667 1 0.495312 0.644444 1 0.470313 0.719444 1 0.485938 0.711111 1
0 0.185516 0.627472 0.053969 0.316278 0.184375 0.500000 1 0.185938 0.494444 1 0.178125 0.494444 1 0.000000 0.000000 0 0.170313 0.497222 1 0.192188 0.533333 1 0.167187 0.527778 1 0.000000 0.000000 0 0.000000 0.000000 0 0.000000 0.000000 0 0.000000 0.000000 0 0.192188 0.611111 1 0.175000 0.611111 1 0.193750 0.688889 1 0.176563 0.688889 1 0.190625 0.763889 1 0.181250 0.763889 1
0 0.165992 0.667653 0.046422 0.253250 0.159375 0.575000 1 0.162500 0.569444 1 0.154688 0.569444 1 0.170313 0.569444 1 0.000000 0.000000 0 0.175000 0.602778 1 0.150000 0.605556 1 0.179688 0.644444 1 0.148438 0.641667 1 0.185938 0.663889 1 0.162500 0.672222 1 0.175000 0.675000 1 0.160938 0.675000 1 0.185938 0.725000 1 0.167187 0.736111 1 0.179688 0.772222 1 0.168750 0.775000 1
0 0.138094 0.634125 0.049938 0.309861 0.150000 0.522222 1 0.000000 0.000000 0 0.145313 0.513889 1 0.000000 0.000000 0 0.134375 0.500000 1 0.118750 0.525000 1 0.137500 0.533333 1 0.000000 0.000000 0 0.143750 0.591667 1 0.000000 0.000000 0 0.154688 0.625000 1 0.125000 0.625000 1 0.137500 0.627778 1 0.137500 0.700000 1 0.143750 0.700000 1 0.140625 0.761111 1 0.143750 0.766667 1
0 0.116492 0.617764 0.041922 0.315250 0.000000 0.000000 0 0.000000 0.000000 0 0.000000 0.000000 0 0.000000 0.000000 0 0.000000 0.000000 0 0.000000 0.000000 0 0.000000 0.000000 0 0.000000 0.000000 0 0.000000 0.000000 0 0.000000 0.000000 0 0.000000 0.000000 0 0.000000 0.000000 0 0.000000 0.000000 0 0.000000 0.000000 0 0.000000 0.000000 0 0.000000 0.000000 0 0.000000 0.000000 0