0 0.310143 0.603766 0.365000 0.789906 0.000000 0.000000 0 0.000000 0.000000 0 0.000000 0.000000 0 0.000000 0.000000 0 0.313525 0.285938 1 0.194672 0.371875 1 0.272541 0.371875 1 0.180328 0.518750 1 0.329918 0.507812 1 0.315574 0.556250 1 0.391393 0.467187 1 0.159836 0.621875 1 0.206967 0.612500 1 0.340164 0.798438 1 0.383197 0.745313 1 0.227459 0.935937 1 0.377049 0.934375 1
0 0.591045 0.533633 0.199959 0.556047 0.639344 0.323437 1 0.651639 0.307812 1 0.622951 0.314063 1 0.000000 0.000000 0 0.594262 0.320312 1 0.665984 0.351562 1 0.588115 0.379688 1 0.000000 0.000000 0 0.584016 0.446875 1 0.000000 0.000000 0 0.596311 0.492188 1 0.596311 0.510938 1 0.534836 0.509375 1 0.614754 0.643750 1 0.586066 0.645312 1 0.534836 0.710938 1 0.522541 0.779687 1
0 0.704539 0.273563 0.075840 0.091500 0.000000 0.000000 0 0.000000 0.000000 0 0.000000 0.000000 0 0.696721 0.250000 1 0.000000 0.000000 0 0.696721 0.273438 1 0.735656 0.273438 1 0.668033 0.284375 1 0.000000 0.000000 0 0.000000 0.000000 0 0.000000 0.000000 0 0.713115 0.351562 1 0.737705 0.348438 1 0.000000 0.000000 0 0.000000 0.000000 0 0.000000 0.000000 0 0.000000 0.000000 0
0 0.823566 0.372820 0.101352 0.256266 0.000000 0.000000 0 0.000000 0.000000 0 0.000000 0.000000 0 0.000000 0.000000 0 0.000000 0.000000 0 0.762295 0.295312 1 0.819672 0.292187 1 0.000000 0.000000 0 0.000000 0.000000 0 0.000000 0.000000 0 0.000000 0.000000 0 0.778689 0.373437 1 0.817623 0.371875 1 0.782787 0.428125 1 0.829918 0.423438 1 0.788934 0.489063 1 0.850410 0.489063 1
0 0.627971 0.492898 0.606434 0.527984 0.606557 0.281250 1 0.616803 0.271875 1 0.594262 0.273438 1 0.000000 0.000000 0 0.573770 0.275000 1 0.674180 0.325000 1 0.532787 0.334375 1 0.762295 0.385937 1 0.436475 0.379688 1 0.854508 0.439063 1 0.336066 0.418750 1 0.661885 0.485938 1 0.553279 0.489063 1 0.706967 0.595313 1 0.518443 0.600000 1 0.758197 0.717187 1 0.506148 0.714063 1
0 0.955277 0.363984 0.089447 0.266844 0.000000 0.000000 0 0.000000 0.000000 0 0.000000 0.000000 0 0.967213 0.254688 1 0.000000 0.000000 0 0.952869 0.281250 1 0.000000 0.000000 0 0.926230 0.315625 1 0.000000 0.000000 0 0.932377 0.351562 1 0.000000 0.000000 0 0.952869 0.371875 1 0.000000 0.000000 0 0.936475 0.425000 1 0.997951 0.428125 1 0.928279 0.481250 1 0.995902 0.481250 1
0 0.427848 0.366125 0.135861 0.264875 0.000000 0.000000 0 0.000000 0.000000 0 0.000000 0.000000 0 0.391393 0.253125 1 0.422131 0.253125 1 0.368852 0.295312 1 0.452869 0.292187 1 0.368852 0.340625 1 0.454918 0.335938 1 0.000000 0.000000 0 0.000000 0.000000 0 0.389344 0.357812 1 0.436475 0.356250 1 0.399590 0.425000 1 0.456967 0.421875 1 0.415984 0.489063 1 0.479508 0.487500 1
0 0.767520 0.366297 0.106721 0.265187 0.000000 0.000000 0 0.000000 0.000000 0 0.000000 0.000000 0 0.737705 0.257812 1 0.000000 0.000000 0 0.731557 0.287500 1 0.788934 0.282813 1 0.723361 0.339062 1 0.807377 0.332813 1 0.000000 0.000000 0 0.805328 0.364063 1 0.754098 0.346875 1 0.778689 0.346875 1 0.747951 0.423438 1 0.780738 0.423438 1 0.750000 0.482812 1 0.786885 0.482812 1
0 0.055840 0.348766 0.111680 0.171531 0.000000 0.000000 0 0.002049 0.279687 1 0.000000 0.000000 0 0.016393 0.278125 1 0.000000 0.000000 0 0.014344 0.298438 1 0.036885 0.285938 1 0.012295 0.325000 1 0.000000 0.000000 0 0.000000 0.000000 0 0.000000 0.000000 0 0.055328 0.342187 1 0.043033 0.343750 1 0.075820 0.387500 1 0.024590 0.373437 1 0.129098 0.396875 1 0.047131 0.418750 1
0 0.156701 0.328570 0.143074 0.246766 0.000000 0.000000 0 0.000000 0.000000 0 0.000000 0.000000 0 0.133197 0.234375 1 0.172131 0.234375 1 0.118852 0.271875 1 0.192623 0.270313 1 0.112705 0.318750 1 0.200820 0.320312 1 0.114754 0.357812 1 0.204918 0.360938 1 0.141393 0.357812 1 0.180328 0.357812 1 0.149590 0.423438 1 0.178279 0.418750 1 0.000000 0.000000 0 0.000000 0.000000 0
0 0.617234 0.233500 0.039180 0.023656 0.000000 0.000000 0 0.000000 0.000000 0 0.000000 0.000000 0 0.000000 0.000000 0 0.000000 0.000000 0 0.000000 0.000000 0 0.000000 0.000000 0 0.000000 0.000000 0 0.000000 0.000000 0 0.000000 0.000000 0 0.000000 0.000000 0 0.000000 0.000000 0 0.000000 0.000000 0 0.000000 0.000000 0 0.000000 0.000000 0 0.000000 0.000000 0 0.000000 0.000000 0