0 0.356031 0.780052 0.048656 0.163562 0.000000 0.000000 0 0.000000 0.000000 0 0.000000 0.000000 0 0.000000 0.000000 0 0.000000 0.000000 0 0.368750 0.714583 1 0.340625 0.714583 1 0.000000 0.000000 0 0.335938 0.729167 1 0.000000 0.000000 0 0.335938 0.718750 1 0.360938 0.762500 1 0.345313 0.760417 1 0.360938 0.795833 1 0.342187 0.797917 1 0.360938 0.839583 1 0.343750 0.839583 1
0 0.441141 0.758146 0.040062 0.180417 0.440625 0.685417 1 0.442188 0.683333 1 0.439063 0.683333 1 0.000000 0.000000 0 0.000000 0.000000 0 0.448437 0.695833 1 0.431250 0.700000 1 0.457813 0.702083 1 0.426563 0.706250 1 0.454688 0.710417 1 0.426563 0.714583 1 0.446875 0.739583 1 0.434375 0.739583 1 0.448437 0.785417 1 0.435937 0.785417 1 0.450000 0.816667 1 0.432812 0.822917 1
0 0.535648 0.759885 0.057234 0.173979 0.535937 0.693750 1 0.537500 0.689583 1 0.531250 0.689583 1 0.000000 0.000000 0 0.000000 0.000000 0 0.545312 0.697917 1 0.521875 0.697917 1 0.553125 0.716667 1 0.517188 0.718750 1 0.557813 0.710417 1 0.514062 0.718750 1 0.540625 0.743750 1 0.526563 0.743750 1 0.542188 0.787500 1 0.526563 0.789583 1 0.545312 0.827083 1 0.525000 0.827083 1
0 0.761680 0.739062 0.040766 0.173958 0.754687 0.666667 1 0.756250 0.664583 1 0.753125 0.662500 1 0.764062 0.664583 1 0.000000 0.000000 0 0.776563 0.685417 1 0.748437 0.687500 1 0.778125 0.710417 1 0.746875 0.706250 1 0.778125 0.731250 1 0.743750 0.722917 1 0.768750 0.729167 1 0.756250 0.729167 1 0.770312 0.772917 1 0.754687 0.768750 1 0.771875 0.802083 1 0.756250 0.804167 1
0 0.707836 0.752125 0.035734 0.171917 0.700000 0.679167 1 0.701562 0.675000 1 0.000000 0.000000 0 0.709375 0.679167 1 0.000000 0.000000 0 0.718750 0.695833 1 0.696875 0.695833 1 0.723437 0.718750 1 0.693750 0.712500 1 0.717187 0.727083 1 0.698438 0.722917 1 0.712500 0.729167 1 0.701562 0.729167 1 0.717187 0.772917 1 0.696875 0.772917 1 0.717187 0.810417 1 0.698438 0.810417 1
0 0.125773 0.760625 0.042328 0.170167 0.128125 0.695833 1 0.000000 0.000000 0 0.125000 0.693750 1 0.000000 0.000000 0 0.118750 0.691667 1 0.125000 0.712500 1 0.112500 0.712500 1 0.000000 0.000000 0 0.121875 0.735417 1 0.000000 0.000000 0 0.129688 0.716667 1 0.126562 0.762500 1 0.117188 0.762500 1 0.129688 0.804167 1 0.118750 0.804167 1 0.129688 0.833333 1 0.115625 0.837500 1
0 0.576000 0.743938 0.032813 0.119167 0.000000 0.000000 0 0.000000 0.000000 0 0.000000 0.000000 0 0.000000 0.000000 0 0.000000 0.000000 0 0.000000 0.000000 0 0.000000 0.000000 0 0.000000 0.000000 0 0.000000 0.000000 0 0.000000 0.000000 0 0.000000 0.000000 0 0.000000 0.000000 0 0.000000 0.000000 0 0.000000 0.000000 0 0.000000 0.000000 0 0.000000 0.000000 0 0.000000 0.000000 0
0 0.493680 0.734281 0.019234 0.118063 0.000000 0.000000 0 0.000000 0.000000 0 0.000000 0.000000 0 0.000000 0.000000 0 0.000000 0.000000 0 0.000000 0.000000 0 0.000000 0.000000 0 0.000000 0.000000 0 0.000000 0.000000 0 0.000000 0.000000 0 0.000000 0.000000 0 0.000000 0.000000 0 0.000000 0.000000 0 0.000000 0.000000 0 0.000000 0.000000 0 0.000000 0.000000 0 0.000000 0.000000 0
0 0.560922 0.722229 0.016750 0.100125 0.000000 0.000000 0 0.000000 0.000000 0 0.000000 0.000000 0 0.000000 0.000000 0 0.000000 0.000000 0 0.000000 0.000000 0 0.000000 0.000000 0 0.000000 0.000000 0 0.000000 0.000000 0 0.000000 0.000000 0 0.000000 0.000000 0 0.000000 0.000000 0 0.000000 0.000000 0 0.000000 0.000000 0 0.000000 0.000000 0 0.000000 0.000000 0 0.000000 0.000000 0
0 0.608016 0.746021 0.019469 0.164542 0.000000 0.000000 0 0.000000 0.000000 0 0.000000 0.000000 0 0.000000 0.000000 0 0.000000 0.000000 0 0.000000 0.000000 0 0.000000 0.000000 0 0.000000 0.000000 0 0.000000 0.000000 0 0.000000 0.000000 0 0.000000 0.000000 0 0.000000 0.000000 0 0.000000 0.000000 0 0.000000 0.000000 0 0.000000 0.000000 0 0.000000 0.000000 0 0.000000 0.000000 0
0 0.620492 0.749531 0.055766 0.176604 0.625000 0.677083 1 0.626563 0.672917 1 0.621875 0.675000 1 0.000000 0.000000 0 0.000000 0.000000 0 0.632812 0.691667 1 0.618750 0.693750 1 0.645312 0.700000 1 0.598437 0.695833 1 0.635938 0.691667 1 0.618750 0.689583 1 0.634375 0.735417 1 0.623437 0.735417 1 0.632812 0.781250 1 0.620313 0.779167 1 0.632812 0.816667 1 0.618750 0.814583 1
0 0.655719 0.740531 0.033625 0.152229 0.000000 0.000000 0 0.000000 0.000000 0 0.000000 0.000000 0 0.000000 0.000000 0 0.000000 0.000000 0 0.000000 0.000000 0 0.000000 0.000000 0 0.000000 0.000000 0 0.000000 0.000000 0 0.000000 0.000000 0 0.000000 0.000000 0 0.000000 0.000000 0 0.000000 0.000000 0 0.000000 0.000000 0 0.000000 0.000000 0 0.000000 0.000000 0 0.000000 0.000000 0
0 0.515211 0.754781 0.013984 0.139479 0.000000 0.000000 0 0.000000 0.000000 0 0.000000 0.000000 0 0.000000 0.000000 0 0.000000 0.000000 0 0.000000 0.000000 0 0.000000 0.000000 0 0.000000 0.000000 0 0.000000 0.000000 0 0.000000 0.000000 0 0.000000 0.000000 0 0.000000 0.000000 0 0.000000 0.000000 0 0.000000 0.000000 0 0.000000 0.000000 0 0.000000 0.000000 0 0.000000 0.000000 0