0 0.123734 0.344539 0.247467 0.489203 0.207424 0.162500 1 0.000000 0.000000 0 0.198690 0.151562 1 0.000000 0.000000 0 0.165939 0.145313 1 0.139738 0.187500 1 0.102620 0.187500 1 0.000000 0.000000 0 0.085153 0.268750 1 0.000000 0.000000 0 0.098253 0.340625 1 0.050218 0.309375 1 0.013100 0.312500 1 0.093886 0.425000 1 0.078603 0.425000 1 0.087336 0.523438 1 0.072052 0.556250 1
0 0.397194 0.250570 0.166659 0.142453 0.406114 0.228125 1 0.412664 0.221875 1 0.395197 0.220312 1 0.000000 0.000000 0 0.000000 0.000000 0 0.460699 0.268750 1 0.340611 0.257812 1 0.000000 0.000000 0 0.364629 0.343750 1 0.000000 0.000000 0 0.000000 0.000000 0 0.000000 0.000000 0 0.000000 0.000000 0 0.000000 0.000000 0 0.000000 0.000000 0 0.000000 0.000000 0 0.000000 0.000000 0
0 0.694236 0.278164 0.173712 0.164141 0.624454 0.235937 1 0.637555 0.229687 1 0.620087 0.228125 1 0.663755 0.231250 1 0.000000 0.000000 0 0.685590 0.264062 1 0.606987 0.259375 1 0.720524 0.281250 1 0.000000 0.000000 0 0.762009 0.304688 1 0.000000 0.000000 0 0.679039 0.362500 1 0.611354 0.362500 1 0.000000 0.000000 0 0.000000 0.000000 0 0.000000 0.000000 0 0.689956 0.353125 1
0 0.550404 0.512570 0.880852 0.814109 0.438865 0.201563 1 0.454148 0.192188 1 0.000000 0.000000 0 0.532751 0.209375 1 0.000000 0.000000 0 0.596070 0.342187 1 0.528384 0.332813 1 0.587336 0.518750 1 0.325328 0.339062 1 0.364629 0.532813 1 0.159389 0.328125 1 0.589520 0.632812 1 0.532751 0.628125 1 0.292576 0.670312 1 0.626638 0.785937 1 0.355895 0.848437 1 0.932314 0.850000 1
0 0.861790 0.472836 0.275415 0.214672 0.986900 0.260937 1 0.000000 0.000000 0 0.000000 0.000000 0 0.000000 0.000000 0 0.000000 0.000000 0 0.000000 0.000000 0 0.919214 0.287500 1 0.000000 0.000000 0 0.851528 0.312500 1 0.000000 0.000000 0 0.840611 0.353125 1 0.967249 0.389062 1 0.897380 0.382812 1 0.851528 0.417187 1 0.810044 0.398438 1 0.759825 0.482812 1 0.783843 0.487500 1
0 0.895459 0.518109 0.209083 0.185687 0.000000 0.000000 0 0.000000 0.000000 0 0.000000 0.000000 0 0.000000 0.000000 0 0.000000 0.000000 0 0.000000 0.000000 0 0.000000 0.000000 0 0.000000 0.000000 0 0.000000 0.000000 0 0.000000 0.000000 0 0.000000 0.000000 0 0.000000 0.000000 0 0.000000 0.000000 0 0.965066 0.432812 1 0.914847 0.451562 1 0.910480 0.550000 1 0.871179 0.564063 1
0 0.920775 0.571859 0.158450 0.223937 0.000000 0.000000 0 0.000000 0.000000 0 0.000000 0.000000 0 0.000000 0.000000 0 0.000000 0.000000 0 0.000000 0.000000 0 0.000000 0.000000 0 0.000000 0.000000 0 0.000000 0.000000 0 0.000000 0.000000 0 0.000000 0.000000 0 0.000000 0.000000 0 0.000000 0.000000 0 0.989083 0.506250 1 0.973799 0.475000 1 0.960699 0.635938 1 0.927948 0.614062 1
0 0.954607 0.726984 0.090786 0.108281 0.000000 0.000000 0 0.000000 0.000000 0 0.000000 0.000000 0 0.000000 0.000000 0 0.000000 0.000000 0 0.000000 0.000000 0 0.000000 0.000000 0 0.000000 0.000000 0 0.000000 0.000000 0 0.000000 0.000000 0 0.000000 0.000000 0 0.000000 0.000000 0 0.000000 0.000000 0 0.000000 0.000000 0 0.000000 0.000000 0 0.000000 0.000000 0 0.000000 0.000000 0
0 0.078897 0.924805 0.156354 0.150391 0.000000 0.000000 0 0.000000 0.000000 0 0.000000 0.000000 0 0.000000 0.000000 0 0.000000 0.000000 0 0.000000 0.000000 0 0.000000 0.000000 0 0.000000 0.000000 0 0.000000 0.000000 0 0.000000 0.000000 0 0.000000 0.000000 0 0.000000 0.000000 0 0.000000 0.000000 0 0.000000 0.000000 0 0.080786 0.871875 1 0.000000 0.000000 0 0.000000 0.000000 0
0 0.323275 0.428445 0.193843 0.132609 0.305677 0.373437 1 0.312227 0.368750 1 0.292576 0.370312 1 0.000000 0.000000 0 0.272926 0.367188 1 0.334061 0.373437 1 0.268559 0.384375 1 0.366812 0.381250 1 0.262009 0.410938 1 0.395197 0.378125 1 0.270742 0.428125 1 0.342795 0.445312 1 0.296943 0.450000 1 0.360262 0.484375 1 0.296943 0.487500 1 0.368996 0.526563 1 0.299127 0.526563 1
0 0.887194 0.333281 0.216659 0.242250 0.986900 0.260937 1 0.000000 0.000000 0 0.973799 0.254688 1 0.000000 0.000000 0 0.956332 0.253125 1 0.000000 0.000000 0 0.938865 0.290625 1 0.000000 0.000000 0 0.855895 0.315625 1 0.000000 0.000000 0 0.840611 0.348438 1 0.951965 0.389062 1 0.899563 0.376563 1 0.851528 0.429688 1 0.803493 0.401562 1 0.779476 0.485938 1 0.783843 0.490625 1