0 0.358891 0.417812 0.235344 0.690494 0.435937 0.197647 1 0.448437 0.171765 1 0.415625 0.171765 1 0.460938 0.178824 1 0.381250 0.183529 1 0.437500 0.289412 1 0.332813 0.308235 1 0.425000 0.423529 1 0.321875 0.529412 1 0.457813 0.454118 1 0.384375 0.680000 1 0.385937 0.583529 1 0.306250 0.595294 1 0.385937 0.851765 1 0.306250 0.851765 1 0.000000 0.000000 0 0.000000 0.000000 0
0 0.528703 0.363741 0.163031 0.608094 0.540625 0.176471 1 0.553125 0.157647 1 0.520312 0.150588 1 0.567187 0.164706 1 0.492188 0.160000 1 0.526563 0.265882 1 0.496875 0.296471 1 0.000000 0.000000 0 0.482812 0.487059 1 0.000000 0.000000 0 0.485938 0.694118 1 0.000000 0.000000 0 0.000000 0.000000 0 0.000000 0.000000 0 0.000000 0.000000 0 0.000000 0.000000 0 0.000000 0.000000 0
0 0.750891 0.500471 0.495812 0.961694 0.760938 0.176471 1 0.785937 0.138824 1 0.742188 0.152941 1 0.839063 0.155294 1 0.000000 0.000000 0 0.915625 0.322353 1 0.698438 0.378824 1 0.985938 0.543529 1 0.625000 0.552941 1 0.942187 0.774118 1 0.553125 0.698824 1 0.856250 0.887059 1 0.717187 0.849412 1 0.000000 0.000000 0 0.000000 0.000000 0 0.000000 0.000000 0 0.000000 0.000000 0
0 0.121625 0.413106 0.102969 0.408988 0.110937 0.244706 1 0.117188 0.235294 1 0.000000 0.000000 0 0.134375 0.242353 1 0.000000 0.000000 0 0.154688 0.284706 1 0.106250 0.284706 1 0.160938 0.308235 1 0.089063 0.343529 1 0.143750 0.305882 1 0.082812 0.397647 1 0.140625 0.407059 1 0.114062 0.416471 1 0.150000 0.489412 1 0.117188 0.489412 1 0.157812 0.576471 1 0.125000 0.574118 1
0 0.090813 0.272435 0.031063 0.119176 0.000000 0.000000 0 0.000000 0.000000 0 0.000000 0.000000 0 0.000000 0.000000 0 0.000000 0.000000 0 0.000000 0.000000 0 0.000000 0.000000 0 0.000000 0.000000 0 0.000000 0.000000 0 0.000000 0.000000 0 0.000000 0.000000 0 0.000000 0.000000 0 0.000000 0.000000 0 0.000000 0.000000 0 0.000000 0.000000 0 0.000000 0.000000 0 0.000000 0.000000 0
0 0.198117 0.373035 0.051641 0.346541 0.000000 0.000000 0 0.000000 0.000000 0 0.000000 0.000000 0 0.000000 0.000000 0 0.206250 0.228235 1 0.237500 0.256471 1 0.193750 0.256471 1 0.000000 0.000000 0 0.178125 0.322353 1 0.000000 0.000000 0 0.000000 0.000000 0 0.231250 0.360000 1 0.200000 0.357647 1 0.000000 0.000000 0 0.193750 0.449412 1 0.000000 0.000000 0 0.192188 0.534118 1
0 0.041781 0.397753 0.083562 0.476400 0.048438 0.207059 1 0.053125 0.202353 1 0.043750 0.200000 1 0.062500 0.209412 1 0.029687 0.202353 1 0.070312 0.265882 1 0.006250 0.258824 1 0.067187 0.331765 1 0.000000 0.000000 0 0.000000 0.000000 0 0.001563 0.383529 1 0.057813 0.395294 1 0.028125 0.395294 1 0.054688 0.494118 1 0.034375 0.494118 1 0.050000 0.588235 1 0.018750 0.588235 1
0 0.321664 0.242835 0.037734 0.075035 0.000000 0.000000 0 0.000000 0.000000 0 0.000000 0.000000 0 0.000000 0.000000 0 0.000000 0.000000 0 0.000000 0.000000 0 0.000000 0.000000 0 0.000000 0.000000 0 0.000000 0.000000 0 0.000000 0.000000 0 0.000000 0.000000 0 0.000000 0.000000 0 0.000000 0.000000 0 0.000000 0.000000 0 0.000000 0.000000 0 0.000000 0.000000 0 0.000000 0.000000 0
0 0.608719 0.447071 0.290156 0.779271 0.648438 0.202353 1 0.654687 0.171765 1 0.621875 0.181176 1 0.696875 0.155294 1 0.607812 0.190588 1 0.745313 0.258824 1 0.590625 0.327059 1 0.000000 0.000000 0 0.557813 0.472941 1 0.000000 0.000000 0 0.520312 0.651765 1 0.750000 0.628235 1 0.648438 0.649412 1 0.000000 0.000000 0 0.635938 0.868235 1 0.000000 0.000000 0 0.000000 0.000000 0
0 0.174203 0.392435 0.022687 0.253482 0.000000 0.000000 0 0.000000 0.000000 0 0.000000 0.000000 0 0.000000 0.000000 0 0.000000 0.000000 0 0.000000 0.000000 0 0.000000 0.000000 0 0.000000 0.000000 0 0.000000 0.000000 0 0.000000 0.000000 0 0.000000 0.000000 0 0.000000 0.000000 0 0.000000 0.000000 0 0.000000 0.000000 0 0.000000 0.000000 0 0.000000 0.000000 0 0.000000 0.000000 0
0 0.291047 0.262976 0.067937 0.114706 0.000000 0.000000 0 0.000000 0.000000 0 0.000000 0.000000 0 0.000000 0.000000 0 0.000000 0.000000 0 0.000000 0.000000 0 0.000000 0.000000 0 0.000000 0.000000 0 0.000000 0.000000 0 0.000000 0.000000 0 0.000000 0.000000 0 0.000000 0.000000 0 0.000000 0.000000 0 0.000000 0.000000 0 0.000000 0.000000 0 0.000000 0.000000 0 0.000000 0.000000 0
0 0.265180 0.270706 0.021234 0.046306 0.000000 0.000000 0 0.000000 0.000000 0 0.000000 0.000000 0 0.000000 0.000000 0 0.000000 0.000000 0 0.000000 0.000000 0 0.000000 0.000000 0 0.000000 0.000000 0 0.000000 0.000000 0 0.000000 0.000000 0 0.000000 0.000000 0 0.000000 0.000000 0 0.000000 0.000000 0 0.000000 0.000000 0 0.000000 0.000000 0 0.000000 0.000000 0 0.000000 0.000000 0
0 0.178055 0.256635 0.028109 0.060047 0.000000 0.000000 0 0.000000 0.000000 0 0.000000 0.000000 0 0.000000 0.000000 0 0.000000 0.000000 0 0.000000 0.000000 0 0.000000 0.000000 0 0.000000 0.000000 0 0.000000 0.000000 0 0.000000 0.000000 0 0.000000 0.000000 0 0.000000 0.000000 0 0.000000 0.000000 0 0.000000 0.000000 0 0.000000 0.000000 0 0.000000 0.000000 0 0.000000 0.000000 0