0 0.461422 0.480021 0.417469 0.944917 0.435937 0.256250 1 0.448437 0.237500 1 0.426563 0.237500 1 0.000000 0.000000 0 0.000000 0.000000 0 0.476562 0.345833 1 0.379688 0.300000 1 0.568750 0.427083 1 0.331250 0.210417 1 0.640625 0.479167 1 0.278125 0.108333 1 0.450000 0.541667 1 0.375000 0.541667 1 0.490625 0.702083 1 0.404687 0.716667 1 0.540625 0.864583 1 0.431250 0.858333 1
0 0.103414 0.512333 0.200109 0.764583 0.000000 0.000000 0 0.000000 0.000000 0 0.000000 0.000000 0 0.054688 0.210417 1 0.103125 0.204167 1 0.037500 0.306250 1 0.162500 0.314583 1 0.029687 0.427083 1 0.184375 0.420833 1 0.020313 0.531250 1 0.179688 0.508333 1 0.073438 0.514583 1 0.146875 0.514583 1 0.073438 0.677083 1 0.156250 0.645833 1 0.093750 0.858333 1 0.173437 0.822917 1
0 0.636484 0.309323 0.073375 0.258521 0.634375 0.206250 1 0.000000 0.000000 0 0.632812 0.202083 1 0.000000 0.000000 0 0.623437 0.200000 1 0.623437 0.229167 1 0.614062 0.231250 1 0.000000 0.000000 0 0.639062 0.264583 1 0.000000 0.000000 0 0.660937 0.247917 1 0.628125 0.302083 1 0.618750 0.306250 1 0.631250 0.356250 1 0.623437 0.358333 1 0.625000 0.408333 1 0.612500 0.418750 1
0 0.758828 0.253010 0.081375 0.160479 0.000000 0.000000 0 0.000000 0.000000 0 0.000000 0.000000 0 0.000000 0.000000 0 0.000000 0.000000 0 0.729688 0.235417 1 0.776563 0.229167 1 0.720313 0.285417 1 0.795312 0.268750 1 0.000000 0.000000 0 0.000000 0.000000 0 0.739062 0.325000 1 0.767188 0.325000 1 0.000000 0.000000 0 0.000000 0.000000 0 0.000000 0.000000 0 0.000000 0.000000 0
0 0.682078 0.323188 0.061281 0.237917 0.000000 0.000000 0 0.000000 0.000000 0 0.000000 0.000000 0 0.690625 0.231250 1 0.000000 0.000000 0 0.684375 0.258333 1 0.715625 0.256250 1 0.662500 0.279167 1 0.000000 0.000000 0 0.654687 0.304167 1 0.000000 0.000000 0 0.684375 0.331250 1 0.712500 0.331250 1 0.676562 0.383333 1 0.000000 0.000000 0 0.671875 0.429167 1 0.000000 0.000000 0
0 0.283430 0.268792 0.025266 0.067000 0.000000 0.000000 0 0.000000 0.000000 0 0.000000 0.000000 0 0.000000 0.000000 0 0.000000 0.000000 0 0.000000 0.000000 0 0.000000 0.000000 0 0.000000 0.000000 0 0.000000 0.000000 0 0.000000 0.000000 0 0.000000 0.000000 0 0.000000 0.000000 0 0.000000 0.000000 0 0.000000 0.000000 0 0.000000 0.000000 0 0.000000 0.000000 0 0.000000 0.000000 0
0 0.527602 0.278792 0.055297 0.147458 0.000000 0.000000 0 0.000000 0.000000 0 0.000000 0.000000 0 0.000000 0.000000 0 0.000000 0.000000 0 0.529687 0.233333 1 0.515625 0.229167 1 0.000000 0.000000 0 0.000000 0.000000 0 0.000000 0.000000 0 0.000000 0.000000 0 0.523438 0.270833 1 0.512500 0.264583 1 0.000000 0.000000 0 0.000000 0.000000 0 0.000000 0.000000 0 0.000000 0.000000 0
0 0.817625 0.318271 0.079687 0.224458 0.000000 0.000000 0 0.000000 0.000000 0 0.000000 0.000000 0 0.814063 0.233333 1 0.000000 0.000000 0 0.828125 0.247917 1 0.840625 0.241667 1 0.818750 0.287500 1 0.832812 0.277083 1 0.801562 0.289583 1 0.823438 0.302083 1 0.828125 0.318750 1 0.840625 0.312500 1 0.810937 0.370833 1 0.839063 0.364583 1 0.795312 0.408333 1 0.846875 0.408333 1
0 0.989766 0.459750 0.020469 0.056792 0.000000 0.000000 0 0.000000 0.000000 0 0.000000 0.000000 0 0.000000 0.000000 0 0.000000 0.000000 0 0.000000 0.000000 0 0.000000 0.000000 0 0.000000 0.000000 0 0.000000 0.000000 0 0.000000 0.000000 0 0.000000 0.000000 0 0.000000 0.000000 0 0.000000 0.000000 0 0.000000 0.000000 0 0.000000 0.000000 0 0.000000 0.000000 0 0.000000 0.000000 0
0 0.255727 0.290823 0.033016 0.134979 0.251563 0.233333 1 0.254688 0.231250 1 0.250000 0.233333 1 0.257812 0.233333 1 0.000000 0.000000 0 0.265625 0.247917 1 0.246875 0.247917 1 0.271875 0.266667 1 0.237500 0.258333 1 0.273438 0.285417 1 0.242188 0.264583 1 0.267188 0.285417 1 0.254688 0.285417 1 0.268750 0.318750 1 0.256250 0.320833 1 0.267188 0.341667 1 0.256250 0.343750 1
0 0.937078 0.328083 0.124719 0.305625 0.951562 0.220833 1 0.000000 0.000000 0 0.948438 0.216667 1 0.000000 0.000000 0 0.942187 0.220833 1 0.928125 0.247917 1 0.932813 0.250000 1 0.000000 0.000000 0 0.976562 0.272917 1 0.000000 0.000000 0 0.000000 0.000000 0 0.928125 0.322917 1 0.934375 0.327083 1 0.926562 0.404167 1 0.948438 0.395833 1 0.903125 0.450000 1 0.946875 0.450000 1
0 0.304500 0.285896 0.023500 0.121458 0.000000 0.000000 0 0.000000 0.000000 0 0.000000 0.000000 0 0.000000 0.000000 0 0.000000 0.000000 0 0.000000 0.000000 0 0.000000 0.000000 0 0.000000 0.000000 0 0.000000 0.000000 0 0.000000 0.000000 0 0.000000 0.000000 0 0.000000 0.000000 0 0.000000 0.000000 0 0.000000 0.000000 0 0.000000 0.000000 0 0.000000 0.000000 0 0.000000 0.000000 0
0 0.575156 0.249740 0.016344 0.046729 0.000000 0.000000 0 0.000000 0.000000 0 0.000000 0.000000 0 0.000000 0.000000 0 0.000000 0.000000 0 0.000000 0.000000 0 0.000000 0.000000 0 0.000000 0.000000 0 0.000000 0.000000 0 0.000000 0.000000 0 0.000000 0.000000 0 0.000000 0.000000 0 0.000000 0.000000 0 0.000000 0.000000 0 0.000000 0.000000 0 0.000000 0.000000 0 0.000000 0.000000 0