0 0.266289 0.130333 0.060672 0.224708 0.262500 0.039583 1 0.264062 0.035417 1 0.259375 0.035417 1 0.000000 0.000000 0 0.000000 0.000000 0 0.278125 0.064583 1 0.251563 0.060417 1 0.287500 0.102083 1 0.243750 0.102083 1 0.289062 0.139583 1 0.242188 0.133333 1 0.268750 0.131250 1 0.256250 0.120833 1 0.271875 0.187500 1 0.253125 0.185417 1 0.271875 0.225000 1 0.254688 0.227083 1
0 0.657305 0.218729 0.084266 0.424708 0.000000 0.000000 0 0.000000 0.000000 0 0.000000 0.000000 0 0.639062 0.020833 1 0.000000 0.000000 0 0.648438 0.081250 1 0.000000 0.000000 0 0.639062 0.160417 1 0.000000 0.000000 0 0.000000 0.000000 0 0.000000 0.000000 0 0.643750 0.218750 1 0.000000 0.000000 0 0.639062 0.312500 1 0.000000 0.000000 0 0.665625 0.404167 1 0.000000 0.000000 0
0 0.935844 0.257042 0.128187 0.514083 0.989062 0.041667 1 0.992188 0.033333 1 0.981250 0.031250 1 0.000000 0.000000 0 0.957812 0.037500 1 0.965625 0.087500 1 0.950000 0.083333 1 0.000000 0.000000 0 0.942187 0.170833 1 0.000000 0.000000 0 0.000000 0.000000 0 0.914062 0.260417 1 0.946875 0.268750 1 0.906250 0.358333 1 0.942187 0.370833 1 0.892188 0.464583 1 0.940625 0.481250 1
0 0.945937 0.646125 0.108125 0.516167 0.978125 0.443750 1 0.987500 0.439583 1 0.000000 0.000000 0 0.000000 0.000000 0 0.000000 0.000000 0 0.000000 0.000000 0 0.000000 0.000000 0 0.000000 0.000000 0 0.000000 0.000000 0 0.990625 0.706250 1 0.000000 0.000000 0 0.984375 0.704167 1 0.000000 0.000000 0 0.964063 0.791667 1 0.000000 0.000000 0 0.937500 0.870833 1 0.978125 0.845833 1
0 0.091477 0.071656 0.038234 0.103896 0.000000 0.000000 0 0.000000 0.000000 0 0.000000 0.000000 0 0.000000 0.000000 0 0.000000 0.000000 0 0.000000 0.000000 0 0.000000 0.000000 0 0.000000 0.000000 0 0.000000 0.000000 0 0.000000 0.000000 0 0.000000 0.000000 0 0.000000 0.000000 0 0.000000 0.000000 0 0.000000 0.000000 0 0.000000 0.000000 0 0.000000 0.000000 0 0.000000 0.000000 0
0 0.090289 0.187667 0.053859 0.181000 0.000000 0.000000 0 0.000000 0.000000 0 0.000000 0.000000 0 0.000000 0.000000 0 0.000000 0.000000 0 0.076563 0.133333 1 0.101562 0.143750 1 0.067187 0.145833 1 0.112500 0.166667 1 0.000000 0.000000 0 0.000000 0.000000 0 0.081250 0.195833 1 0.098437 0.195833 1 0.082812 0.231250 1 0.100000 0.233333 1 0.081250 0.262500 1 0.103125 0.264583 1
0 0.519102 0.389510 0.252797 0.775271 0.000000 0.000000 0 0.000000 0.000000 0 0.000000 0.000000 0 0.526563 0.035417 1 0.000000 0.000000 0 0.476562 0.122917 1 0.609375 0.137500 1 0.423438 0.316667 1 0.000000 0.000000 0 0.435937 0.460417 1 0.000000 0.000000 0 0.510938 0.435417 1 0.592187 0.425000 1 0.528125 0.622917 1 0.550000 0.566667 1 0.576562 0.883333 1 0.487500 0.714583 1
0 0.937500 0.417792 0.125000 0.626125 0.000000 0.000000 0 0.000000 0.000000 0 0.000000 0.000000 0 0.000000 0.000000 0 0.000000 0.000000 0 0.000000 0.000000 0 0.000000 0.000000 0 0.000000 0.000000 0 0.945312 0.220833 1 0.000000 0.000000 0 0.973437 0.308333 1 0.000000 0.000000 0 0.982812 0.352083 1 0.000000 0.000000 0 0.950000 0.510417 1 0.000000 0.000000 0 0.915625 0.662500 1
0 0.860672 0.178750 0.047219 0.222500 0.000000 0.000000 0 0.000000 0.000000 0 0.000000 0.000000 0 0.000000 0.000000 0 0.000000 0.000000 0 0.000000 0.000000 0 0.865625 0.110417 1 0.000000 0.000000 0 0.867188 0.139583 1 0.000000 0.000000 0 0.870313 0.175000 1 0.845313 0.175000 1 0.860938 0.181250 1 0.848437 0.225000 1 0.854688 0.229167 1 0.843750 0.266667 1 0.851562 0.270833 1
0 0.829742 0.119240 0.027766 0.104562 0.000000 0.000000 0 0.000000 0.000000 0 0.000000 0.000000 0 0.000000 0.000000 0 0.000000 0.000000 0 0.000000 0.000000 0 0.000000 0.000000 0 0.000000 0.000000 0 0.000000 0.000000 0 0.000000 0.000000 0 0.000000 0.000000 0 0.000000 0.000000 0 0.000000 0.000000 0 0.000000 0.000000 0 0.000000 0.000000 0 0.000000 0.000000 0 0.000000 0.000000 0
0 0.809352 0.122635 0.014641 0.063438 0.000000 0.000000 0 0.000000 0.000000 0 0.000000 0.000000 0 0.000000 0.000000 0 0.000000 0.000000 0 0.000000 0.000000 0 0.000000 0.000000 0 0.000000 0.000000 0 0.000000 0.000000 0 0.000000 0.000000 0 0.000000 0.000000 0 0.000000 0.000000 0 0.000000 0.000000 0 0.000000 0.000000 0 0.000000 0.000000 0 0.000000 0.000000 0 0.000000 0.000000 0
0 0.774352 0.129448 0.025078 0.067687 0.000000 0.000000 0 0.000000 0.000000 0 0.000000 0.000000 0 0.000000 0.000000 0 0.000000 0.000000 0 0.000000 0.000000 0 0.000000 0.000000 0 0.000000 0.000000 0 0.000000 0.000000 0 0.000000 0.000000 0 0.000000 0.000000 0 0.000000 0.000000 0 0.000000 0.000000 0 0.000000 0.000000 0 0.000000 0.000000 0 0.000000 0.000000 0 0.000000 0.000000 0
0 0.361516 0.137500 0.076844 0.193708 0.000000 0.000000 0 0.000000 0.000000 0 0.000000 0.000000 0 0.000000 0.000000 0 0.000000 0.000000 0 0.360938 0.070833 1 0.343750 0.081250 1 0.370312 0.091667 1 0.360938 0.100000 1 0.381250 0.122917 1 0.382812 0.104167 1 0.367188 0.135417 1 0.353125 0.139583 1 0.373437 0.185417 1 0.343750 0.179167 1 0.382812 0.212500 1 0.332813 0.214583 1