0 0.595140 0.676555 0.178832 0.172547 0.000000 0.000000 0 0.000000 0.000000 0 0.000000 0.000000 0 0.000000 0.000000 0 0.600467 0.623437 1 0.570093 0.670312 1 0.644860 0.643750 1 0.579439 0.714063 1 0.000000 0.000000 0 0.000000 0.000000 0 0.000000 0.000000 0 0.635514 0.743750 1 0.677570 0.728125 1 0.525701 0.720313 1 0.000000 0.000000 0 0.537383 0.751563 1 0.598131 0.750000 1
0 0.595129 0.540656 0.082827 0.078281 0.000000 0.000000 0 0.000000 0.000000 0 0.000000 0.000000 0 0.000000 0.000000 0 0.000000 0.000000 0 0.000000 0.000000 0 0.000000 0.000000 0 0.000000 0.000000 0 0.000000 0.000000 0 0.000000 0.000000 0 0.000000 0.000000 0 0.000000 0.000000 0 0.000000 0.000000 0 0.000000 0.000000 0 0.000000 0.000000 0 0.000000 0.000000 0 0.000000 0.000000 0
0 0.603470 0.581687 0.087734 0.068594 0.000000 0.000000 0 0.000000 0.000000 0 0.000000 0.000000 0 0.000000 0.000000 0 0.000000 0.000000 0 0.000000 0.000000 0 0.000000 0.000000 0 0.000000 0.000000 0 0.000000 0.000000 0 0.000000 0.000000 0 0.000000 0.000000 0 0.000000 0.000000 0 0.000000 0.000000 0 0.000000 0.000000 0 0.000000 0.000000 0 0.000000 0.000000 0 0.000000 0.000000 0
0 0.521262 0.552078 0.095187 0.084063 0.507009 0.528125 1 0.514019 0.525000 1 0.502336 0.525000 1 0.521028 0.526563 1 0.497664 0.523438 1 0.509346 0.537500 1 0.492991 0.542188 1 0.000000 0.000000 0 0.500000 0.568750 1 0.000000 0.000000 0 0.532710 0.571875 1 0.500000 0.579688 1 0.490654 0.584375 1 0.558411 0.581250 1 0.553738 0.587500 1 0.000000 0.000000 0 0.000000 0.000000 0
0 0.480935 0.512813 0.044486 0.057594 0.000000 0.000000 0 0.000000 0.000000 0 0.000000 0.000000 0 0.000000 0.000000 0 0.000000 0.000000 0 0.000000 0.000000 0 0.000000 0.000000 0 0.000000 0.000000 0 0.000000 0.000000 0 0.000000 0.000000 0 0.000000 0.000000 0 0.000000 0.000000 0 0.000000 0.000000 0 0.000000 0.000000 0 0.000000 0.000000 0 0.000000 0.000000 0 0.000000 0.000000 0
0 0.428785 0.532516 0.080888 0.085531 0.000000 0.000000 0 0.000000 0.000000 0 0.000000 0.000000 0 0.000000 0.000000 0 0.000000 0.000000 0 0.397196 0.520312 1 0.434579 0.517188 1 0.397196 0.539062 1 0.453271 0.537500 1 0.000000 0.000000 0 0.000000 0.000000 0 0.404206 0.548438 1 0.427570 0.548438 1 0.000000 0.000000 0 0.000000 0.000000 0 0.000000 0.000000 0 0.000000 0.000000 0
0 0.371425 0.603516 0.087710 0.128719 0.376168 0.567187 1 0.380841 0.562500 1 0.369159 0.562500 1 0.000000 0.000000 0 0.352804 0.562500 1 0.387850 0.579688 1 0.315421 0.578125 1 0.399533 0.618750 1 0.000000 0.000000 0 0.408879 0.646875 1 0.000000 0.000000 0 0.352804 0.635938 1 0.310748 0.628125 1 0.000000 0.000000 0 0.000000 0.000000 0 0.000000 0.000000 0 0.000000 0.000000 0
0 0.546157 0.534461 0.059790 0.078297 0.000000 0.000000 0 0.000000 0.000000 0 0.000000 0.000000 0 0.000000 0.000000 0 0.000000 0.000000 0 0.000000 0.000000 0 0.000000 0.000000 0 0.000000 0.000000 0 0.000000 0.000000 0 0.000000 0.000000 0 0.000000 0.000000 0 0.000000 0.000000 0 0.000000 0.000000 0 0.000000 0.000000 0 0.000000 0.000000 0 0.000000 0.000000 0 0.000000 0.000000 0
0 0.356192 0.489891 0.107523 0.157313 0.000000 0.000000 0 0.000000 0.000000 0 0.000000 0.000000 0 0.341121 0.423438 1 0.369159 0.429688 1 0.320093 0.446875 1 0.373832 0.446875 1 0.000000 0.000000 0 0.387850 0.476562 1 0.000000 0.000000 0 0.000000 0.000000 0 0.331776 0.506250 1 0.366822 0.506250 1 0.334112 0.554688 1 0.369159 0.548438 1 0.000000 0.000000 0 0.000000 0.000000 0
0 0.676928 0.602875 0.125164 0.140406 0.672897 0.556250 1 0.679907 0.553125 1 0.668224 0.553125 1 0.700935 0.557813 1 0.000000 0.000000 0 0.721963 0.582812 1 0.656542 0.581250 1 0.733645 0.617188 1 0.640187 0.615625 1 0.714953 0.642188 1 0.000000 0.000000 0 0.710280 0.635938 1 0.670561 0.637500 1 0.000000 0.000000 0 0.000000 0.000000 0 0.000000 0.000000 0 0.000000 0.000000 0
0 0.761963 0.660313 0.174206 0.197844 0.724299 0.576562 1 0.735981 0.570312 1 0.000000 0.000000 0 0.766355 0.575000 1 0.000000 0.000000 0 0.778037 0.600000 1 0.789720 0.593750 1 0.750000 0.664062 1 0.000000 0.000000 0 0.000000 0.000000 0 0.000000 0.000000 0 0.794393 0.692187 1 0.799065 0.693750 1 0.686916 0.704688 1 0.665888 0.690625 1 0.787383 0.728125 1 0.000000 0.000000 0
0 0.303610 0.494531 0.062640 0.154812 0.327103 0.429688 1 0.331776 0.426563 1 0.322430 0.426563 1 0.000000 0.000000 0 0.310748 0.428125 1 0.348131 0.454688 1 0.294393 0.454688 1 0.000000 0.000000 0 0.282710 0.475000 1 0.000000 0.000000 0 0.280374 0.493750 1 0.343458 0.507812 1 0.299065 0.506250 1 0.343458 0.545312 1 0.294393 0.553125 1 0.343458 0.582812 1 0.296729 0.590625 1
0 0.333727 0.649609 0.173201 0.184406 0.341121 0.579688 1 0.000000 0.000000 0 0.334112 0.575000 1 0.000000 0.000000 0 0.317757 0.581250 1 0.264019 0.610938 1 0.315421 0.614062 1 0.000000 0.000000 0 0.341121 0.668750 1 0.000000 0.000000 0 0.387850 0.673438 1 0.254673 0.698438 1 0.294393 0.706250 1 0.000000 0.000000 0 0.404206 0.687500 1 0.000000 0.000000 0 0.348131 0.725000 1