0 0.460992 0.716221 0.124422 0.567559 0.000000 0.000000 0 0.000000 0.000000 0 0.000000 0.000000 0 0.000000 0.000000 0 0.000000 0.000000 0 0.453125 0.537559 1 0.540625 0.535211 1 0.442188 0.624413 1 0.000000 0.000000 0 0.439063 0.692488 1 0.000000 0.000000 0 0.478125 0.701878 1 0.529687 0.701878 1 0.468750 0.819249 1 0.525000 0.809859 1 0.454688 0.946009 1 0.514062 0.948357 1
0 0.728969 0.653310 0.156844 0.645869 0.000000 0.000000 0 0.000000 0.000000 0 0.000000 0.000000 0 0.000000 0.000000 0 0.000000 0.000000 0 0.693750 0.455399 1 0.765625 0.455399 1 0.675000 0.575117 1 0.000000 0.000000 0 0.665625 0.659624 1 0.000000 0.000000 0 0.695312 0.657277 1 0.760938 0.657277 1 0.693750 0.809859 1 0.748437 0.800469 1 0.689063 0.964789 1 0.751563 0.953052 1
0 0.860891 0.701009 0.071625 0.328122 0.000000 0.000000 0 0.000000 0.000000 0 0.000000 0.000000 0 0.839063 0.570423 1 0.000000 0.000000 0 0.843750 0.610329 1 0.870313 0.598592 1 0.000000 0.000000 0 0.887500 0.638498 1 0.000000 0.000000 0 0.871875 0.666667 1 0.851562 0.704225 1 0.862500 0.701878 1 0.856250 0.784038 1 0.859375 0.781690 1 0.854688 0.840376 1 0.857812 0.840376 1
0 0.129461 0.756948 0.124578 0.396244 0.000000 0.000000 0 0.000000 0.000000 0 0.000000 0.000000 0 0.000000 0.000000 0 0.000000 0.000000 0 0.101562 0.586854 1 0.160938 0.596244 1 0.075000 0.650235 1 0.146875 0.676056 1 0.000000 0.000000 0 0.175000 0.669014 1 0.081250 0.694836 1 0.120313 0.697183 1 0.090625 0.821596 1 0.146875 0.807512 1 0.096875 0.938967 1 0.154688 0.884977 1
0 0.317109 0.708991 0.134625 0.564038 0.000000 0.000000 0 0.000000 0.000000 0 0.000000 0.000000 0 0.000000 0.000000 0 0.000000 0.000000 0 0.345313 0.502347 1 0.284375 0.507042 1 0.373437 0.607981 1 0.259375 0.610329 1 0.339062 0.553991 1 0.259375 0.694836 1 0.343750 0.715962 1 0.295312 0.713615 1 0.334375 0.852113 1 0.289062 0.845070 1 0.328125 0.985915 1 0.281250 0.985915 1
0 0.625711 0.766103 0.050328 0.259343 0.000000 0.000000 0 0.000000 0.000000 0 0.000000 0.000000 0 0.000000 0.000000 0 0.000000 0.000000 0 0.628125 0.704225 1 0.000000 0.000000 0 0.640625 0.758216 1 0.000000 0.000000 0 0.615625 0.760563 1 0.000000 0.000000 0 0.000000 0.000000 0 0.000000 0.000000 0 0.000000 0.000000 0 0.000000 0.000000 0 0.000000 0.000000 0 0.000000 0.000000 0
0 0.583852 0.721420 0.072109 0.468192 0.000000 0.000000 0 0.000000 0.000000 0 0.000000 0.000000 0 0.000000 0.000000 0 0.000000 0.000000 0 0.545312 0.523474 1 0.601562 0.525822 1 0.000000 0.000000 0 0.000000 0.000000 0 0.000000 0.000000 0 0.000000 0.000000 0 0.551562 0.657277 1 0.596875 0.661972 1 0.551562 0.774648 1 0.584375 0.781690 1 0.548438 0.917840 1 0.581250 0.915493 1
0 0.045164 0.708850 0.090328 0.467277 0.050000 0.507042 1 0.000000 0.000000 0 0.042188 0.500000 1 0.000000 0.000000 0 0.000000 0.000000 0 0.000000 0.000000 0 0.035937 0.568075 1 0.000000 0.000000 0 0.060937 0.624413 1 0.000000 0.000000 0 0.075000 0.572770 1 0.000000 0.715962 1 0.035937 0.715962 1 0.007812 0.805164 1 0.031250 0.816901 1 0.001563 0.906103 1 0.026562 0.910798 1
0 0.414187 0.710176 0.072875 0.479413 0.000000 0.000000 0 0.000000 0.000000 0 0.000000 0.000000 0 0.000000 0.000000 0 0.000000 0.000000 0 0.389062 0.492958 1 0.451562 0.490610 1 0.376563 0.561033 1 0.000000 0.000000 0 0.392188 0.619718 1 0.000000 0.000000 0 0.409375 0.666667 1 0.443750 0.664319 1 0.404687 0.786385 1 0.442188 0.798122 1 0.400000 0.910798 1 0.435937 0.915493 1
0 0.920734 0.714155 0.056625 0.350047 0.000000 0.000000 0 0.000000 0.000000 0 0.000000 0.000000 0 0.000000 0.000000 0 0.000000 0.000000 0 0.929688 0.629108 1 0.926562 0.626761 1 0.923438 0.671362 1 0.000000 0.000000 0 0.912500 0.633803 1 0.000000 0.000000 0 0.926562 0.715962 1 0.921875 0.715962 1 0.929688 0.802817 1 0.925000 0.802817 1 0.929688 0.856808 1 0.926562 0.854460 1
0 0.533711 0.712641 0.077266 0.526737 0.000000 0.000000 0 0.000000 0.000000 0 0.000000 0.000000 0 0.000000 0.000000 0 0.000000 0.000000 0 0.457813 0.537559 1 0.525000 0.532864 1 0.445312 0.617371 1 0.000000 0.000000 0 0.439063 0.699531 1 0.000000 0.000000 0 0.475000 0.732394 1 0.517188 0.732394 1 0.464062 0.847418 1 0.518750 0.849765 1 0.453125 0.946009 1 0.512500 0.950704 1
0 0.798164 0.649777 0.065641 0.430681 0.000000 0.000000 0 0.000000 0.000000 0 0.000000 0.000000 0 0.000000 0.000000 0 0.804688 0.471831 1 0.000000 0.000000 0 0.810937 0.521127 1 0.000000 0.000000 0 0.820312 0.591549 1 0.000000 0.000000 0 0.823438 0.652582 1 0.773438 0.652582 1 0.804688 0.650235 1 0.000000 0.000000 0 0.801562 0.741784 1 0.000000 0.000000 0 0.798438 0.833333 1
0 0.927133 0.508016 0.027078 0.083028 0.000000 0.000000 0 0.000000 0.000000 0 0.000000 0.000000 0 0.000000 0.000000 0 0.000000 0.000000 0 0.000000 0.000000 0 0.000000 0.000000 0 0.000000 0.000000 0 0.000000 0.000000 0 0.000000 0.000000 0 0.000000 0.000000 0 0.000000 0.000000 0 0.000000 0.000000 0 0.000000 0.000000 0 0.000000 0.000000 0 0.000000 0.000000 0 0.000000 0.000000 0