0 0.648583 0.681602 0.064750 0.210172 0.000000 0.000000 0 0.000000 0.000000 0 0.666667 0.589063 1 0.000000 0.000000 0 0.662500 0.596875 1 0.637500 0.617188 1 0.662500 0.625000 1 0.000000 0.000000 0 0.672917 0.653125 1 0.000000 0.000000 0 0.000000 0.000000 0 0.639583 0.670312 1 0.656250 0.671875 1 0.650000 0.712500 1 0.662500 0.720313 1 0.645833 0.759375 1 0.658333 0.768750 1
0 0.688958 0.607945 0.033167 0.033828 0.000000 0.000000 0 0.000000 0.000000 0 0.000000 0.000000 0 0.000000 0.000000 0 0.000000 0.000000 0 0.000000 0.000000 0 0.000000 0.000000 0 0.000000 0.000000 0 0.000000 0.000000 0 0.000000 0.000000 0 0.000000 0.000000 0 0.000000 0.000000 0 0.000000 0.000000 0 0.000000 0.000000 0 0.000000 0.000000 0 0.000000 0.000000 0 0.000000 0.000000 0
0 0.766031 0.679109 0.065854 0.163437 0.762500 0.614062 1 0.764583 0.610938 1 0.756250 0.609375 1 0.775000 0.610938 1 0.000000 0.000000 0 0.785417 0.629687 1 0.752083 0.625000 1 0.800000 0.656250 1 0.735417 0.656250 1 0.772917 0.648438 1 0.745833 0.646875 1 0.772917 0.678125 1 0.750000 0.678125 1 0.777083 0.709375 1 0.752083 0.710938 1 0.781250 0.748437 1 0.752083 0.742188 1
0 0.809750 0.662492 0.046792 0.135984 0.000000 0.000000 0 0.000000 0.000000 0 0.000000 0.000000 0 0.000000 0.000000 0 0.000000 0.000000 0 0.820833 0.628125 1 0.818750 0.628125 1 0.808333 0.653125 1 0.800000 0.642188 1 0.797917 0.651563 1 0.000000 0.000000 0 0.814583 0.676562 1 0.000000 0.000000 0 0.814583 0.714063 1 0.814583 0.714063 1 0.822917 0.756250 1 0.818750 0.754687 1
0 0.876312 0.692727 0.107833 0.235672 0.000000 0.000000 0 0.000000 0.000000 0 0.000000 0.000000 0 0.850000 0.609375 1 0.000000 0.000000 0 0.845833 0.626563 1 0.900000 0.626563 1 0.827083 0.668750 1 0.916667 0.667188 1 0.827083 0.700000 1 0.914583 0.696875 1 0.866667 0.712500 1 0.889583 0.712500 1 0.866667 0.743750 1 0.895833 0.742188 1 0.870833 0.792188 1 0.900000 0.792188 1
0 0.713115 0.584922 0.022396 0.026469 0.000000 0.000000 0 0.000000 0.000000 0 0.000000 0.000000 0 0.000000 0.000000 0 0.000000 0.000000 0 0.000000 0.000000 0 0.000000 0.000000 0 0.000000 0.000000 0 0.000000 0.000000 0 0.000000 0.000000 0 0.000000 0.000000 0 0.000000 0.000000 0 0.000000 0.000000 0 0.000000 0.000000 0 0.000000 0.000000 0 0.000000 0.000000 0 0.000000 0.000000 0
0 0.704010 0.696070 0.081354 0.195672 0.000000 0.000000 0 0.000000 0.000000 0 0.000000 0.000000 0 0.000000 0.000000 0 0.000000 0.000000 0 0.685417 0.632812 1 0.727083 0.635938 1 0.000000 0.000000 0 0.731250 0.668750 1 0.000000 0.000000 0 0.735417 0.690625 1 0.683333 0.685937 1 0.712500 0.687500 1 0.683333 0.735938 1 0.710417 0.735938 1 0.681250 0.779687 1 0.708333 0.781250 1
0 0.403635 0.672312 0.079979 0.165094 0.000000 0.000000 0 0.000000 0.000000 0 0.000000 0.000000 0 0.000000 0.000000 0 0.000000 0.000000 0 0.377083 0.618750 1 0.406250 0.618750 1 0.000000 0.000000 0 0.433333 0.626563 1 0.000000 0.000000 0 0.425000 0.609375 1 0.385417 0.665625 1 0.400000 0.665625 1 0.383333 0.700000 1 0.410417 0.698438 1 0.377083 0.739062 1 0.410417 0.737500 1
0 0.525729 0.642539 0.039792 0.104609 0.000000 0.000000 0 0.000000 0.000000 0 0.000000 0.000000 0 0.000000 0.000000 0 0.000000 0.000000 0 0.000000 0.000000 0 0.000000 0.000000 0 0.000000 0.000000 0 0.000000 0.000000 0 0.000000 0.000000 0 0.000000 0.000000 0 0.000000 0.000000 0 0.000000 0.000000 0 0.000000 0.000000 0 0.000000 0.000000 0 0.000000 0.000000 0 0.000000 0.000000 0
0 0.744490 0.604555 0.026813 0.053047 0.000000 0.000000 0 0.000000 0.000000 0 0.000000 0.000000 0 0.000000 0.000000 0 0.000000 0.000000 0 0.000000 0.000000 0 0.000000 0.000000 0 0.000000 0.000000 0 0.000000 0.000000 0 0.000000 0.000000 0 0.000000 0.000000 0 0.000000 0.000000 0 0.000000 0.000000 0 0.000000 0.000000 0 0.000000 0.000000 0 0.000000 0.000000 0 0.000000 0.000000 0
0 0.731323 0.594383 0.015896 0.025547 0.000000 0.000000 0 0.000000 0.000000 0 0.000000 0.000000 0 0.000000 0.000000 0 0.000000 0.000000 0 0.000000 0.000000 0 0.000000 0.000000 0 0.000000 0.000000 0 0.000000 0.000000 0 0.000000 0.000000 0 0.000000 0.000000 0 0.000000 0.000000 0 0.000000 0.000000 0 0.000000 0.000000 0 0.000000 0.000000 0 0.000000 0.000000 0 0.000000 0.000000 0
0 0.764635 0.588711 0.017979 0.016703 0.000000 0.000000 0 0.000000 0.000000 0 0.000000 0.000000 0 0.000000 0.000000 0 0.000000 0.000000 0 0.000000 0.000000 0 0.000000 0.000000 0 0.000000 0.000000 0 0.000000 0.000000 0 0.000000 0.000000 0 0.000000 0.000000 0 0.000000 0.000000 0 0.000000 0.000000 0 0.000000 0.000000 0 0.000000 0.000000 0 0.000000 0.000000 0 0.000000 0.000000 0
0 0.968938 0.688914 0.062125 0.227766 0.962500 0.600000 1 0.966667 0.595313 1 0.956250 0.596875 1 0.975000 0.592187 1 0.000000 0.000000 0 0.993750 0.615625 1 0.952083 0.620313 1 0.000000 0.000000 0 0.943750 0.650000 1 0.000000 0.000000 0 0.958333 0.631250 1 0.000000 0.000000 0 0.962500 0.685937 1 0.000000 0.000000 0 0.966667 0.728125 1 0.000000 0.000000 0 0.964583 0.776563 1