0 0.812241 0.348310 0.314072 0.669660 0.000000 0.000000 0 0.000000 0.000000 0 0.000000 0.000000 0 0.000000 0.000000 0 0.831325 0.074000 1 0.727711 0.134000 1 0.857831 0.144000 1 0.000000 0.000000 0 0.886747 0.258000 1 0.000000 0.000000 0 0.922892 0.296000 1 0.720482 0.300000 1 0.802410 0.320000 1 0.713253 0.460000 1 0.790361 0.460000 1 0.766265 0.524000 1 0.783133 0.612000 1
0 0.249313 0.344440 0.397084 0.606480 0.000000 0.000000 0 0.000000 0.000000 0 0.325301 0.076000 1 0.000000 0.000000 0 0.303614 0.080000 1 0.245783 0.134000 1 0.371084 0.120000 1 0.233735 0.228000 1 0.421687 0.228000 1 0.000000 0.000000 0 0.416867 0.280000 1 0.272289 0.278000 1 0.349398 0.284000 1 0.359036 0.442000 1 0.293976 0.466000 1 0.346988 0.554000 1 0.118072 0.470000 1
0 0.665747 0.115430 0.091639 0.114100 0.679518 0.090000 1 0.684337 0.084000 1 0.672289 0.086000 1 0.691566 0.090000 1 0.657831 0.092000 1 0.718072 0.118000 1 0.638554 0.130000 1 0.000000 0.000000 0 0.636145 0.168000 1 0.000000 0.000000 0 0.000000 0.000000 0 0.000000 0.000000 0 0.000000 0.000000 0 0.000000 0.000000 0 0.000000 0.000000 0 0.000000 0.000000 0 0.000000 0.000000 0
0 0.105253 0.164590 0.105349 0.113820 0.113253 0.132000 1 0.120482 0.130000 1 0.106024 0.130000 1 0.000000 0.000000 0 0.089157 0.136000 1 0.139759 0.168000 1 0.072289 0.166000 1 0.149398 0.208000 1 0.072289 0.212000 1 0.091566 0.210000 1 0.130120 0.198000 1 0.139759 0.234000 1 0.093976 0.236000 1 0.000000 0.000000 0 0.000000 0.000000 0 0.000000 0.000000 0 0.000000 0.000000 0
0 0.210096 0.178080 0.111422 0.152000 0.200000 0.140000 1 0.207229 0.136000 1 0.192771 0.136000 1 0.000000 0.000000 0 0.180723 0.138000 1 0.221687 0.164000 1 0.163855 0.162000 1 0.000000 0.000000 0 0.171084 0.210000 1 0.000000 0.000000 0 0.216867 0.212000 1 0.224096 0.240000 1 0.185542 0.240000 1 0.000000 0.000000 0 0.000000 0.000000 0 0.000000 0.000000 0 0.000000 0.000000 0
0 0.524434 0.131310 0.103566 0.130060 0.518072 0.094000 1 0.522892 0.090000 1 0.513253 0.090000 1 0.000000 0.000000 0 0.498795 0.094000 1 0.530120 0.120000 1 0.481928 0.112000 1 0.000000 0.000000 0 0.496386 0.148000 1 0.539759 0.122000 1 0.000000 0.000000 0 0.000000 0.000000 0 0.000000 0.000000 0 0.000000 0.000000 0 0.000000 0.000000 0 0.000000 0.000000 0 0.000000 0.000000 0
0 0.086494 0.106560 0.066627 0.115920 0.000000 0.000000 0 0.000000 0.000000 0 0.000000 0.000000 0 0.000000 0.000000 0 0.000000 0.000000 0 0.000000 0.000000 0 0.000000 0.000000 0 0.000000 0.000000 0 0.000000 0.000000 0 0.000000 0.000000 0 0.000000 0.000000 0 0.000000 0.000000 0 0.000000 0.000000 0 0.000000 0.000000 0 0.000000 0.000000 0 0.000000 0.000000 0 0.000000 0.000000 0
0 0.438819 0.131470 0.089735 0.132500 0.436145 0.094000 1 0.438554 0.088000 1 0.428916 0.088000 1 0.416867 0.086000 1 0.000000 0.000000 0 0.450602 0.118000 1 0.402410 0.120000 1 0.462651 0.142000 1 0.000000 0.000000 0 0.469880 0.168000 1 0.000000 0.000000 0 0.000000 0.000000 0 0.000000 0.000000 0 0.000000 0.000000 0 0.000000 0.000000 0 0.000000 0.000000 0 0.000000 0.000000 0
0 0.521880 0.182510 0.081301 0.107780 0.000000 0.000000 0 0.000000 0.000000 0 0.000000 0.000000 0 0.000000 0.000000 0 0.000000 0.000000 0 0.000000 0.000000 0 0.000000 0.000000 0 0.000000 0.000000 0 0.000000 0.000000 0 0.000000 0.000000 0 0.000000 0.000000 0 0.000000 0.000000 0 0.000000 0.000000 0 0.000000 0.000000 0 0.000000 0.000000 0 0.000000 0.000000 0 0.000000 0.000000 0
0 0.174976 0.094800 0.107735 0.116440 0.161446 0.066000 1 0.166265 0.060000 1 0.154217 0.060000 1 0.178313 0.062000 1 0.142169 0.064000 1 0.195181 0.088000 1 0.134940 0.096000 1 0.219277 0.136000 1 0.154217 0.146000 1 0.156627 0.128000 1 0.173494 0.104000 1 0.000000 0.000000 0 0.000000 0.000000 0 0.000000 0.000000 0 0.000000 0.000000 0 0.000000 0.000000 0 0.000000 0.000000 0
0 0.616422 0.192010 0.086675 0.123900 0.000000 0.000000 0 0.000000 0.000000 0 0.000000 0.000000 0 0.000000 0.000000 0 0.000000 0.000000 0 0.000000 0.000000 0 0.000000 0.000000 0 0.000000 0.000000 0 0.000000 0.000000 0 0.000000 0.000000 0 0.000000 0.000000 0 0.000000 0.000000 0 0.000000 0.000000 0 0.000000 0.000000 0 0.000000 0.000000 0 0.000000 0.000000 0 0.000000 0.000000 0
0 0.933048 0.182950 0.112988 0.200500 0.913253 0.108000 1 0.918072 0.104000 1 0.908434 0.104000 1 0.000000 0.000000 0 0.896386 0.104000 1 0.927711 0.134000 1 0.877108 0.128000 1 0.000000 0.000000 0 0.884337 0.154000 1 0.000000 0.000000 0 0.915663 0.136000 1 0.934940 0.200000 1 0.901205 0.202000 1 0.985542 0.208000 1 0.915663 0.212000 1 0.956627 0.254000 1 0.915663 0.264000 1
0 0.973446 0.178570 0.053108 0.181900 0.000000 0.000000 0 0.000000 0.000000 0 0.000000 0.000000 0 0.000000 0.000000 0 0.000000 0.000000 0 0.000000 0.000000 0 0.000000 0.000000 0 0.000000 0.000000 0 0.000000 0.000000 0 0.000000 0.000000 0 0.000000 0.000000 0 0.000000 0.000000 0 0.000000 0.000000 0 0.000000 0.000000 0 0.000000 0.000000 0 0.000000 0.000000 0 0.000000 0.000000 0