0 0.548961 0.690012 0.077672 0.329906 0.543750 0.571429 1 0.546875 0.559719 1 0.537500 0.564403 1 0.553125 0.559719 1 0.531250 0.566745 1 0.564063 0.601874 1 0.526563 0.601874 1 0.575000 0.646370 1 0.517188 0.653396 1 0.581250 0.686183 1 0.515625 0.690867 1 0.559375 0.686183 1 0.534375 0.688525 1 0.567187 0.758782 1 0.539062 0.761124 1 0.559375 0.807963 1 0.540625 0.819672 1
0 0.616289 0.691967 0.070078 0.331522 0.000000 0.000000 0 0.000000 0.000000 0 0.000000 0.000000 0 0.000000 0.000000 0 0.000000 0.000000 0 0.629687 0.587822 1 0.587500 0.592506 1 0.637500 0.622951 1 0.585938 0.627635 1 0.642188 0.667447 1 0.582812 0.660422 1 0.620313 0.667447 1 0.604688 0.672131 1 0.631250 0.725995 1 0.604688 0.733021 1 0.621875 0.782201 1 0.607812 0.800937 1
0 0.791039 0.663208 0.088859 0.511850 0.806250 0.451991 1 0.807813 0.444965 1 0.796875 0.447307 1 0.000000 0.000000 0 0.779687 0.461358 1 0.820312 0.505855 1 0.759375 0.519906 1 0.000000 0.000000 0 0.765625 0.606557 1 0.000000 0.000000 0 0.000000 0.000000 0 0.801562 0.672131 1 0.779687 0.672131 1 0.784375 0.824356 1 0.803125 0.819672 1 0.767188 0.903981 1 0.814063 0.960187 1
0 0.729203 0.605480 0.038812 0.275550 0.000000 0.000000 0 0.000000 0.000000 0 0.000000 0.000000 0 0.000000 0.000000 0 0.000000 0.000000 0 0.717187 0.501171 1 0.734375 0.508197 1 0.000000 0.000000 0 0.726562 0.545667 1 0.000000 0.000000 0 0.742188 0.548009 1 0.717187 0.580796 1 0.726562 0.580796 1 0.720313 0.644028 1 0.726562 0.651054 1 0.717187 0.709602 1 0.720313 0.714286 1
0 0.654586 0.593770 0.058453 0.299766 0.000000 0.000000 0 0.000000 0.000000 0 0.000000 0.000000 0 0.000000 0.000000 0 0.000000 0.000000 0 0.645312 0.503513 1 0.679688 0.508197 1 0.634375 0.536300 1 0.679688 0.545667 1 0.621875 0.552693 1 0.676562 0.569087 1 0.653125 0.573770 1 0.673438 0.576112 1 0.645312 0.644028 1 0.667188 0.653396 1 0.651563 0.690867 1 0.664062 0.707260 1
0 0.568539 0.527166 0.062422 0.153068 0.564063 0.491803 1 0.568750 0.482436 1 0.560937 0.484778 1 0.576562 0.484778 1 0.556250 0.484778 1 0.592187 0.515222 1 0.548438 0.524590 1 0.000000 0.000000 0 0.000000 0.000000 0 0.000000 0.000000 0 0.000000 0.000000 0 0.000000 0.000000 0 0.000000 0.000000 0 0.000000 0.000000 0 0.000000 0.000000 0 0.000000 0.000000 0 0.000000 0.000000 0
0 0.502164 0.587354 0.061078 0.244824 0.500000 0.487119 1 0.501563 0.482436 1 0.495312 0.484778 1 0.504687 0.482436 1 0.492188 0.489461 1 0.518750 0.503513 1 0.487500 0.517564 1 0.529687 0.529274 1 0.482812 0.557377 1 0.537500 0.562061 1 0.478125 0.590164 1 0.518750 0.573770 1 0.493750 0.573770 1 0.521875 0.629977 1 0.500000 0.629977 1 0.518750 0.676815 1 0.503125 0.688525 1
0 0.930367 0.610960 0.060828 0.304871 0.934375 0.484778 1 0.000000 0.000000 0 0.929688 0.482436 1 0.000000 0.000000 0 0.917188 0.484778 1 0.915625 0.517564 1 0.912500 0.517564 1 0.923438 0.557377 1 0.918750 0.557377 1 0.942187 0.548009 1 0.939063 0.548009 1 0.921875 0.613583 1 0.918750 0.611241 1 0.926562 0.679157 1 0.925000 0.676815 1 0.918750 0.744731 1 0.915625 0.744731 1
0 0.529016 0.467904 0.042844 0.078993 0.000000 0.000000 0 0.000000 0.000000 0 0.000000 0.000000 0 0.000000 0.000000 0 0.000000 0.000000 0 0.000000 0.000000 0 0.000000 0.000000 0 0.000000 0.000000 0 0.000000 0.000000 0 0.000000 0.000000 0 0.000000 0.000000 0 0.000000 0.000000 0 0.000000 0.000000 0 0.000000 0.000000 0 0.000000 0.000000 0 0.000000 0.000000 0 0.000000 0.000000 0
0 0.543586 0.502998 0.019703 0.052084 0.000000 0.000000 0 0.000000 0.000000 0 0.000000 0.000000 0 0.000000 0.000000 0 0.000000 0.000000 0 0.000000 0.000000 0 0.000000 0.000000 0 0.000000 0.000000 0 0.000000 0.000000 0 0.000000 0.000000 0 0.000000 0.000000 0 0.000000 0.000000 0 0.000000 0.000000 0 0.000000 0.000000 0 0.000000 0.000000 0 0.000000 0.000000 0 0.000000 0.000000 0
0 0.899742 0.641288 0.065203 0.312787 0.000000 0.000000 0 0.000000 0.000000 0 0.900000 0.508197 1 0.000000 0.000000 0 0.893750 0.515222 1 0.871875 0.543326 1 0.892188 0.545667 1 0.000000 0.000000 0 0.896875 0.587822 1 0.000000 0.000000 0 0.914062 0.590164 1 0.876563 0.622951 1 0.890625 0.622951 1 0.887500 0.681499 1 0.898438 0.686183 1 0.000000 0.000000 0 0.000000 0.000000 0
0 0.619875 0.500211 0.034187 0.062857 0.000000 0.000000 0 0.000000 0.000000 0 0.000000 0.000000 0 0.000000 0.000000 0 0.000000 0.000000 0 0.000000 0.000000 0 0.000000 0.000000 0 0.000000 0.000000 0 0.000000 0.000000 0 0.000000 0.000000 0 0.000000 0.000000 0 0.000000 0.000000 0 0.000000 0.000000 0 0.000000 0.000000 0 0.000000 0.000000 0 0.000000 0.000000 0 0.000000 0.000000 0
0 0.842320 0.598735 0.060984 0.314895 0.829688 0.480094 1 0.831250 0.473068 1 0.823438 0.475410 1 0.000000 0.000000 0 0.000000 0.000000 0 0.000000 0.000000 0 0.000000 0.000000 0 0.000000 0.000000 0 0.000000 0.000000 0 0.000000 0.000000 0 0.000000 0.000000 0 0.000000 0.000000 0 0.000000 0.000000 0 0.000000 0.000000 0 0.000000 0.000000 0 0.000000 0.000000 0 0.000000 0.000000 0