0 0.169859 0.625313 0.109719 0.305406 0.153125 0.504687 1 0.160938 0.498437 1 0.146875 0.500000 1 0.175000 0.506250 1 0.139063 0.506250 1 0.190625 0.542188 1 0.132812 0.545312 1 0.204687 0.596875 1 0.121875 0.584375 1 0.157812 0.603125 1 0.120313 0.600000 1 0.171875 0.645312 1 0.000000 0.000000 0 0.131250 0.715625 1 0.000000 0.000000 0 0.000000 0.000000 0 0.000000 0.000000 0
0 0.092367 0.624414 0.084516 0.292078 0.098437 0.510938 1 0.104688 0.507812 1 0.090625 0.507812 1 0.114062 0.510938 1 0.079687 0.512500 1 0.139063 0.539062 1 0.054688 0.537500 1 0.000000 0.000000 0 0.054688 0.606250 1 0.000000 0.000000 0 0.098437 0.598437 1 0.120313 0.637500 1 0.087500 0.637500 1 0.120313 0.714063 1 0.093750 0.714063 1 0.125000 0.803125 1 0.096875 0.803125 1
0 0.032937 0.613641 0.056594 0.323937 0.014063 0.484375 1 0.021875 0.479687 1 0.009375 0.478125 1 0.032813 0.485938 1 0.000000 0.000000 0 0.050000 0.525000 1 0.000000 0.000000 0 0.048438 0.587500 1 0.000000 0.000000 0 0.010937 0.585938 1 0.000000 0.000000 0 0.037500 0.612500 1 0.000000 0.000000 0 0.026562 0.693750 1 0.000000 0.000000 0 0.021875 0.771875 1 0.000000 0.000000 0
0 0.221094 0.512055 0.055438 0.089609 0.000000 0.000000 0 0.000000 0.000000 0 0.000000 0.000000 0 0.000000 0.000000 0 0.000000 0.000000 0 0.000000 0.000000 0 0.000000 0.000000 0 0.000000 0.000000 0 0.000000 0.000000 0 0.000000 0.000000 0 0.000000 0.000000 0 0.000000 0.000000 0 0.000000 0.000000 0 0.000000 0.000000 0 0.000000 0.000000 0 0.000000 0.000000 0 0.000000 0.000000 0
0 0.239719 0.633781 0.059625 0.259156 0.000000 0.000000 0 0.000000 0.000000 0 0.000000 0.000000 0 0.000000 0.000000 0 0.000000 0.000000 0 0.225000 0.556250 1 0.260937 0.559375 1 0.000000 0.000000 0 0.000000 0.000000 0 0.000000 0.000000 0 0.000000 0.000000 0 0.231250 0.618750 1 0.260937 0.615625 1 0.235937 0.695312 1 0.259375 0.701562 1 0.231250 0.751563 1 0.257812 0.762500 1
0 0.966148 0.578695 0.067703 0.343922 0.953125 0.443750 1 0.954688 0.439063 1 0.000000 0.000000 0 0.975000 0.440625 1 0.000000 0.000000 0 0.000000 0.000000 0 0.968750 0.479687 1 0.000000 0.000000 0 0.000000 0.000000 0 0.965625 0.554688 1 0.000000 0.000000 0 0.987500 0.592187 1 0.979688 0.589063 1 0.000000 0.000000 0 0.000000 0.000000 0 0.000000 0.000000 0 0.000000 0.000000 0
0 0.397664 0.644023 0.066703 0.227328 0.000000 0.000000 0 0.000000 0.000000 0 0.000000 0.000000 0 0.000000 0.000000 0 0.000000 0.000000 0 0.000000 0.000000 0 0.370312 0.532813 1 0.000000 0.000000 0 0.000000 0.000000 0 0.000000 0.000000 0 0.000000 0.000000 0 0.421875 0.615625 1 0.384375 0.620313 1 0.412500 0.689063 1 0.384375 0.690625 1 0.000000 0.000000 0 0.000000 0.000000 0
0 0.487453 0.412281 0.774125 0.726531 0.471875 0.135937 1 0.489063 0.120313 1 0.457813 0.121875 1 0.515625 0.129688 1 0.437500 0.137500 1 0.553125 0.212500 1 0.414062 0.217188 1 0.675000 0.231250 1 0.296875 0.251563 1 0.787500 0.246875 1 0.189062 0.262500 1 0.539062 0.450000 1 0.442188 0.456250 1 0.528125 0.648438 1 0.464062 0.657813 1 0.518750 0.831250 1 0.482812 0.831250 1
0 0.337461 0.481773 0.027453 0.052859 0.000000 0.000000 0 0.000000 0.000000 0 0.000000 0.000000 0 0.000000 0.000000 0 0.000000 0.000000 0 0.000000 0.000000 0 0.000000 0.000000 0 0.000000 0.000000 0 0.000000 0.000000 0 0.000000 0.000000 0 0.000000 0.000000 0 0.000000 0.000000 0 0.000000 0.000000 0 0.000000 0.000000 0 0.000000 0.000000 0 0.000000 0.000000 0 0.000000 0.000000 0
0 0.328141 0.607977 0.132719 0.295141 0.315625 0.490625 1 0.321875 0.484375 1 0.307812 0.484375 1 0.332813 0.485938 1 0.300000 0.487500 1 0.354687 0.521875 1 0.284375 0.521875 1 0.384375 0.585938 1 0.270313 0.571875 1 0.346875 0.581250 1 0.279687 0.575000 1 0.345313 0.617188 1 0.298438 0.617188 1 0.357812 0.706250 1 0.303125 0.707812 1 0.379688 0.775000 1 0.320312 0.779687 1
0 0.877766 0.521836 0.126469 0.178547 0.857812 0.462500 1 0.865625 0.457813 1 0.848437 0.456250 1 0.876563 0.464062 1 0.840625 0.464062 1 0.889062 0.514062 1 0.818750 0.509375 1 0.934375 0.556250 1 0.000000 0.000000 0 0.898438 0.579688 1 0.000000 0.000000 0 0.871875 0.601562 1 0.831250 0.600000 1 0.000000 0.000000 0 0.000000 0.000000 0 0.000000 0.000000 0 0.000000 0.000000 0