0 0.517640 0.708934 0.218720 0.559610 0.518000 0.486486 1 0.516000 0.474474 1 0.506000 0.480480 1 0.000000 0.000000 0 0.478000 0.489489 1 0.468000 0.570571 1 0.510000 0.600601 1 0.000000 0.000000 0 0.564000 0.669670 1 0.540000 0.603604 1 0.594000 0.597598 1 0.488000 0.786787 1 0.528000 0.825826 1 0.518000 0.954955 1 0.534000 0.993994 1 0.000000 0.000000 0 0.000000 0.000000 0
0 0.338240 0.779399 0.260400 0.404505 0.340000 0.654655 1 0.000000 0.000000 0 0.324000 0.648649 1 0.000000 0.000000 0 0.292000 0.705706 1 0.356000 0.762763 1 0.268000 0.819820 1 0.404000 0.876877 1 0.258000 0.951952 1 0.442000 0.966967 1 0.000000 0.000000 0 0.000000 0.000000 0 0.000000 0.000000 0 0.000000 0.000000 0 0.000000 0.000000 0 0.000000 0.000000 0 0.000000 0.000000 0
0 0.333220 0.506201 0.214560 0.446517 0.368000 0.363363 1 0.000000 0.000000 0 0.368000 0.348348 1 0.000000 0.000000 0 0.344000 0.330330 1 0.296000 0.372372 1 0.318000 0.393393 1 0.000000 0.000000 0 0.378000 0.531532 1 0.000000 0.000000 0 0.422000 0.507508 1 0.288000 0.543544 1 0.322000 0.606607 1 0.000000 0.000000 0 0.000000 0.000000 0 0.000000 0.000000 0 0.000000 0.000000 0
0 0.100280 0.593709 0.197560 0.748318 0.040000 0.279279 1 0.044000 0.264264 1 0.024000 0.270270 1 0.000000 0.000000 0 0.000000 0.000000 0 0.080000 0.375375 1 0.014000 0.387387 1 0.132000 0.492492 1 0.000000 0.000000 0 0.126000 0.561562 1 0.000000 0.000000 0 0.106000 0.633634 1 0.054000 0.654655 1 0.124000 0.798799 1 0.000000 0.000000 0 0.136000 0.906907 1 0.000000 0.000000 0
0 0.201140 0.546066 0.113240 0.648769 0.200000 0.273273 1 0.204000 0.264264 1 0.190000 0.264264 1 0.000000 0.000000 0 0.166000 0.282282 1 0.232000 0.357357 1 0.168000 0.384384 1 0.000000 0.000000 0 0.162000 0.495495 1 0.000000 0.000000 0 0.194000 0.582583 1 0.254000 0.564565 1 0.216000 0.579580 1 0.000000 0.000000 0 0.212000 0.726727 1 0.000000 0.000000 0 0.214000 0.846847 1
0 0.522730 0.376592 0.128980 0.378529 0.500000 0.222222 1 0.504000 0.210210 1 0.490000 0.219219 1 0.000000 0.000000 0 0.480000 0.246246 1 0.540000 0.282282 1 0.468000 0.324324 1 0.564000 0.357357 1 0.466000 0.420420 1 0.572000 0.444444 1 0.000000 0.000000 0 0.542000 0.450450 1 0.500000 0.468468 1 0.556000 0.564565 1 0.506000 0.576577 1 0.000000 0.000000 0 0.000000 0.000000 0
0 0.814910 0.532583 0.193060 0.912372 0.760000 0.192192 1 0.768000 0.165165 1 0.000000 0.000000 0 0.806000 0.156156 1 0.000000 0.000000 0 0.860000 0.246246 1 0.780000 0.273273 1 0.902000 0.369369 1 0.772000 0.378378 1 0.824000 0.369369 1 0.760000 0.414414 1 0.864000 0.528529 1 0.828000 0.537538 1 0.848000 0.759760 1 0.802000 0.750751 1 0.860000 0.915916 1 0.828000 0.894895 1
0 0.690740 0.703213 0.137200 0.514294 0.678000 0.501502 1 0.680000 0.483483 1 0.664000 0.495495 1 0.000000 0.000000 0 0.646000 0.525526 1 0.710000 0.546547 1 0.640000 0.588589 1 0.736000 0.636637 1 0.648000 0.681682 1 0.740000 0.705706 1 0.668000 0.744745 1 0.726000 0.720721 1 0.686000 0.735736 1 0.730000 0.813814 1 0.678000 0.834835 1 0.730000 0.876877 1 0.680000 0.900901 1
0 0.473540 0.400901 0.051560 0.066607 0.000000 0.000000 0 0.000000 0.000000 0 0.000000 0.000000 0 0.000000 0.000000 0 0.000000 0.000000 0 0.000000 0.000000 0 0.000000 0.000000 0 0.000000 0.000000 0 0.000000 0.000000 0 0.000000 0.000000 0 0.000000 0.000000 0 0.000000 0.000000 0 0.000000 0.000000 0 0.000000 0.000000 0 0.000000 0.000000 0 0.000000 0.000000 0 0.000000 0.000000 0
0 0.630080 0.448318 0.074840 0.182042 0.644000 0.390390 1 0.642000 0.381381 1 0.634000 0.384384 1 0.000000 0.000000 0 0.620000 0.414414 1 0.668000 0.432432 1 0.612000 0.459459 1 0.000000 0.000000 0 0.624000 0.495495 1 0.000000 0.000000 0 0.646000 0.435435 1 0.668000 0.546547 1 0.632000 0.561562 1 0.000000 0.000000 0 0.000000 0.000000 0 0.000000 0.000000 0 0.000000 0.000000 0
0 0.766710 0.279414 0.015100 0.050901 0.000000 0.000000 0 0.000000 0.000000 0 0.000000 0.000000 0 0.000000 0.000000 0 0.000000 0.000000 0 0.000000 0.000000 0 0.000000 0.000000 0 0.000000 0.000000 0 0.000000 0.000000 0 0.000000 0.000000 0 0.000000 0.000000 0 0.000000 0.000000 0 0.000000 0.000000 0 0.000000 0.000000 0 0.000000 0.000000 0 0.000000 0.000000 0 0.000000 0.000000 0
0 0.690130 0.319700 0.105380 0.165165 0.658000 0.303303 1 0.666000 0.291291 1 0.656000 0.291291 1 0.688000 0.285285 1 0.000000 0.000000 0 0.718000 0.336336 1 0.668000 0.321321 1 0.722000 0.429429 1 0.000000 0.000000 0 0.000000 0.000000 0 0.000000 0.000000 0 0.000000 0.000000 0 0.000000 0.000000 0 0.000000 0.000000 0 0.000000 0.000000 0 0.000000 0.000000 0 0.000000 0.000000 0
0 0.920360 0.678784 0.159280 0.615586 0.000000 0.000000 0 0.000000 0.000000 0 0.000000 0.000000 0 0.000000 0.000000 0 0.000000 0.000000 0 0.000000 0.000000 0 0.000000 0.000000 0 0.000000 0.000000 0 0.926000 0.720721 1 0.000000 0.000000 0 0.000000 0.000000 0 0.000000 0.000000 0 0.000000 0.000000 0 0.000000 0.000000 0 0.000000 0.000000 0 0.000000 0.000000 0 0.000000 0.000000 0