0 0.424945 0.538027 0.115391 0.567829 0.429688 0.319415 1 0.434375 0.304802 1 0.421875 0.304802 1 0.000000 0.000000 0 0.403125 0.308977 1 0.443750 0.356994 1 0.381250 0.390397 1 0.462500 0.425887 1 0.381250 0.473904 1 0.000000 0.000000 0 0.385937 0.503132 1 0.456250 0.536534 1 0.403125 0.549061 1 0.464062 0.643006 1 0.401562 0.651357 1 0.470313 0.770355 1 0.401562 0.764092 1
0 0.172398 0.604489 0.200141 0.624718 0.206250 0.342380 1 0.209375 0.329854 1 0.195312 0.329854 1 0.000000 0.000000 0 0.173437 0.340292 1 0.231250 0.405010 1 0.134375 0.413361 1 0.254688 0.478079 1 0.087500 0.482255 1 0.251563 0.551148 1 0.128125 0.563674 1 0.220312 0.586639 1 0.150000 0.594990 1 0.215625 0.716075 1 0.148438 0.722338 1 0.217188 0.839248 1 0.135937 0.858038 1
0 0.649148 0.540480 0.106016 0.539833 0.642188 0.319415 1 0.650000 0.313152 1 0.635938 0.311065 1 0.000000 0.000000 0 0.620313 0.311065 1 0.682813 0.361169 1 0.600000 0.363257 1 0.690625 0.465553 1 0.000000 0.000000 0 0.689063 0.526096 1 0.000000 0.000000 0 0.667188 0.521921 1 0.620313 0.524008 1 0.671875 0.663883 1 0.610938 0.657620 1 0.667188 0.755741 1 0.610938 0.749478 1
0 0.328969 0.583079 0.102594 0.543820 0.353125 0.382046 1 0.357812 0.369520 1 0.343750 0.369520 1 0.000000 0.000000 0 0.329688 0.375783 1 0.368750 0.434238 1 0.314063 0.430063 1 0.000000 0.000000 0 0.289062 0.496868 1 0.000000 0.000000 0 0.285938 0.569937 1 0.354687 0.582463 1 0.318750 0.578288 1 0.339062 0.693111 1 0.320312 0.701461 1 0.329688 0.759916 1 0.309375 0.810021 1
0 0.347406 0.324614 0.105062 0.172234 0.370312 0.283925 1 0.378125 0.277662 1 0.360938 0.277662 1 0.384375 0.279749 1 0.348438 0.281837 1 0.403125 0.344468 1 0.325000 0.338205 1 0.000000 0.000000 0 0.000000 0.000000 0 0.000000 0.000000 0 0.000000 0.000000 0 0.000000 0.000000 0 0.000000 0.000000 0 0.000000 0.000000 0 0.000000 0.000000 0 0.000000 0.000000 0 0.000000 0.000000 0
0 0.270711 0.531775 0.096672 0.560292 0.285938 0.304802 1 0.292187 0.294363 1 0.276562 0.294363 1 0.000000 0.000000 0 0.254688 0.290188 1 0.290625 0.363257 1 0.220312 0.348643 1 0.304688 0.444676 1 0.193750 0.411273 1 0.000000 0.000000 0 0.157812 0.379958 1 0.264062 0.559499 1 0.217188 0.563674 1 0.248438 0.678497 1 0.212500 0.691023 1 0.234375 0.780793 1 0.209375 0.807933 1
0 0.574359 0.556180 0.129500 0.550564 0.571875 0.331942 1 0.579688 0.323591 1 0.565625 0.323591 1 0.000000 0.000000 0 0.548438 0.323591 1 0.609375 0.386221 1 0.529687 0.390397 1 0.625000 0.475992 1 0.518750 0.475992 1 0.623437 0.549061 1 0.000000 0.000000 0 0.592187 0.594990 1 0.556250 0.597077 1 0.585938 0.693111 1 0.535937 0.686848 1 0.587500 0.780793 1 0.523438 0.793319 1
0 0.476680 0.351002 0.047109 0.104342 0.000000 0.000000 0 0.000000 0.000000 0 0.000000 0.000000 0 0.000000 0.000000 0 0.000000 0.000000 0 0.000000 0.000000 0 0.000000 0.000000 0 0.000000 0.000000 0 0.000000 0.000000 0 0.000000 0.000000 0 0.000000 0.000000 0 0.000000 0.000000 0 0.000000 0.000000 0 0.000000 0.000000 0 0.000000 0.000000 0 0.000000 0.000000 0 0.000000 0.000000 0
0 0.498258 0.611242 0.122891 0.481733 0.493750 0.411273 1 0.500000 0.405010 1 0.485938 0.405010 1 0.000000 0.000000 0 0.475000 0.411273 1 0.526563 0.461378 1 0.465625 0.465553 1 0.542188 0.534447 1 0.454688 0.542797 1 0.540625 0.599165 1 0.450000 0.601253 1 0.514062 0.611691 1 0.476562 0.605428 1 0.509375 0.722338 1 0.487500 0.711900 1 0.515625 0.807933 1 0.493750 0.799582 1
0 0.883906 0.403998 0.022375 0.037724 0.000000 0.000000 0 0.000000 0.000000 0 0.000000 0.000000 0 0.000000 0.000000 0 0.000000 0.000000 0 0.000000 0.000000 0 0.000000 0.000000 0 0.000000 0.000000 0 0.000000 0.000000 0 0.000000 0.000000 0 0.000000 0.000000 0 0.000000 0.000000 0 0.000000 0.000000 0 0.000000 0.000000 0 0.000000 0.000000 0 0.000000 0.000000 0 0.000000 0.000000 0
0 0.909320 0.405365 0.019266 0.043173 0.000000 0.000000 0 0.000000 0.000000 0 0.000000 0.000000 0 0.000000 0.000000 0 0.000000 0.000000 0 0.000000 0.000000 0 0.000000 0.000000 0 0.000000 0.000000 0 0.000000 0.000000 0 0.000000 0.000000 0 0.000000 0.000000 0 0.000000 0.000000 0 0.000000 0.000000 0 0.000000 0.000000 0 0.000000 0.000000 0 0.000000 0.000000 0 0.000000 0.000000 0