0 0.689625 0.511344 0.166437 0.441038 0.673438 0.339623 1 0.679688 0.330189 1 0.671875 0.332547 1 0.698438 0.327830 1 0.000000 0.000000 0 0.715625 0.372642 1 0.671875 0.377358 1 0.759375 0.422170 1 0.653125 0.457547 1 0.743750 0.483491 1 0.628125 0.459906 1 0.710938 0.516509 1 0.682813 0.518868 1 0.678125 0.601415 1 0.685937 0.622642 1 0.734375 0.662736 1 0.732812 0.695755 1
0 0.568711 0.513750 0.076922 0.250236 0.560937 0.426887 1 0.565625 0.419811 1 0.557813 0.419811 1 0.000000 0.000000 0 0.000000 0.000000 0 0.582812 0.459906 1 0.537500 0.459906 1 0.582812 0.507075 1 0.539062 0.507075 1 0.573438 0.533019 1 0.556250 0.530660 1 0.568750 0.516509 1 0.546875 0.521226 1 0.596875 0.547170 1 0.548438 0.544811 1 0.587500 0.603774 1 0.559375 0.610849 1
0 0.104961 0.510118 0.147391 0.532594 0.000000 0.000000 0 0.000000 0.000000 0 0.000000 0.000000 0 0.100000 0.304245 1 0.132812 0.299528 1 0.106250 0.341981 1 0.148438 0.341981 1 0.103125 0.412736 1 0.000000 0.000000 0 0.073438 0.466981 1 0.000000 0.000000 0 0.143750 0.516509 1 0.175000 0.511792 1 0.081250 0.615566 1 0.000000 0.000000 0 0.067187 0.759434 1 0.000000 0.000000 0
0 0.227039 0.579776 0.200984 0.728090 0.000000 0.000000 0 0.000000 0.000000 0 0.000000 0.000000 0 0.175000 0.287736 1 0.217188 0.287736 1 0.185938 0.367925 1 0.225000 0.339623 1 0.223438 0.471698 1 0.209375 0.448113 1 0.184375 0.525943 1 0.162500 0.448113 1 0.215625 0.542453 1 0.239063 0.516509 1 0.140625 0.698113 1 0.243750 0.709906 1 0.198437 0.858491 1 0.301563 0.863208 1
0 0.413289 0.517936 0.087234 0.244882 0.403125 0.431604 1 0.406250 0.426887 1 0.400000 0.424528 1 0.000000 0.000000 0 0.392188 0.424528 1 0.415625 0.455189 1 0.382812 0.452830 1 0.423438 0.488208 1 0.378125 0.492925 1 0.409375 0.530660 1 0.403125 0.528302 1 0.412500 0.528302 1 0.389062 0.528302 1 0.440625 0.542453 1 0.401562 0.544811 1 0.439063 0.620283 1 0.395313 0.620283 1
0 0.264930 0.373243 0.040391 0.074410 0.000000 0.000000 0 0.000000 0.000000 0 0.000000 0.000000 0 0.000000 0.000000 0 0.000000 0.000000 0 0.000000 0.000000 0 0.000000 0.000000 0 0.000000 0.000000 0 0.000000 0.000000 0 0.000000 0.000000 0 0.000000 0.000000 0 0.000000 0.000000 0 0.000000 0.000000 0 0.000000 0.000000 0 0.000000 0.000000 0 0.000000 0.000000 0 0.000000 0.000000 0
0 0.046891 0.217653 0.050281 0.134646 0.043750 0.181604 1 0.048438 0.176887 1 0.039062 0.179245 1 0.051562 0.176887 1 0.034375 0.179245 1 0.060937 0.207547 1 0.029687 0.207547 1 0.064062 0.247642 1 0.023438 0.240566 1 0.054688 0.273585 1 0.039062 0.268868 1 0.000000 0.000000 0 0.000000 0.000000 0 0.000000 0.000000 0 0.000000 0.000000 0 0.000000 0.000000 0 0.000000 0.000000 0
0 0.782297 0.167925 0.058219 0.192075 0.785937 0.110849 1 0.789062 0.106132 1 0.782813 0.103774 1 0.000000 0.000000 0 0.778125 0.106132 1 0.801562 0.127358 1 0.770312 0.127358 1 0.803125 0.155660 1 0.787500 0.158019 1 0.000000 0.000000 0 0.793750 0.125000 1 0.798438 0.191038 1 0.771875 0.193396 1 0.790625 0.174528 1 0.765625 0.198113 1 0.792188 0.240566 1 0.768750 0.266509 1
0 0.049867 0.517653 0.085328 0.240920 0.057813 0.429245 1 0.059375 0.422170 1 0.054688 0.422170 1 0.067187 0.422170 1 0.045312 0.424528 1 0.067187 0.457547 1 0.040625 0.457547 1 0.071875 0.495283 1 0.040625 0.507075 1 0.078125 0.523585 1 0.070312 0.530660 1 0.054688 0.521226 1 0.031250 0.523585 1 0.085938 0.535377 1 0.062500 0.537736 1 0.000000 0.000000 0 0.062500 0.599057 1
0 0.350516 0.530425 0.170438 0.456368 0.000000 0.000000 0 0.000000 0.000000 0 0.000000 0.000000 0 0.290625 0.349057 1 0.314063 0.346698 1 0.284375 0.396226 1 0.329688 0.396226 1 0.289062 0.459906 1 0.365625 0.455189 1 0.273438 0.542453 1 0.359375 0.516509 1 0.317188 0.537736 1 0.325000 0.537736 1 0.334375 0.646226 1 0.293750 0.622642 1 0.403125 0.608491 1 0.298438 0.740566 1
0 0.895602 0.522217 0.080141 0.219764 0.896875 0.452830 1 0.901563 0.445755 1 0.893750 0.443396 1 0.909375 0.445755 1 0.887500 0.438679 1 0.914062 0.466981 1 0.879687 0.464623 1 0.920312 0.507075 1 0.875000 0.511792 1 0.917188 0.525943 1 0.900000 0.525943 1 0.898438 0.528302 1 0.868750 0.525943 1 0.923438 0.537736 1 0.881250 0.537736 1 0.926562 0.617925 1 0.882812 0.620283 1
0 0.638203 0.518809 0.076687 0.241156 0.000000 0.000000 0 0.000000 0.000000 0 0.645312 0.422170 1 0.000000 0.000000 0 0.000000 0.000000 0 0.656250 0.448113 1 0.625000 0.445755 1 0.000000 0.000000 0 0.610938 0.495283 1 0.000000 0.000000 0 0.615625 0.528302 1 0.645312 0.511792 1 0.629687 0.516509 1 0.667188 0.535377 1 0.634375 0.537736 1 0.665625 0.610849 1 0.639062 0.610849 1
0 0.271352 0.577889 0.021766 0.271863 0.000000 0.000000 0 0.000000 0.000000 0 0.000000 0.000000 0 0.000000 0.000000 0 0.000000 0.000000 0 0.000000 0.000000 0 0.000000 0.000000 0 0.000000 0.000000 0 0.000000 0.000000 0 0.000000 0.000000 0 0.000000 0.000000 0 0.000000 0.000000 0 0.000000 0.000000 0 0.000000 0.000000 0 0.000000 0.000000 0 0.000000 0.000000 0 0.000000 0.000000 0