0 0.634891 0.449795 0.061375 0.208333 0.623437 0.391304 1 0.628125 0.386473 1 0.615625 0.386473 1 0.634375 0.381643 1 0.606250 0.386473 1 0.648438 0.449275 1 0.000000 0.000000 0 0.654687 0.512077 1 0.000000 0.000000 0 0.657813 0.550725 1 0.000000 0.000000 0 0.000000 0.000000 0 0.000000 0.000000 0 0.000000 0.000000 0 0.000000 0.000000 0 0.000000 0.000000 0 0.000000 0.000000 0
0 0.911602 0.647234 0.104797 0.328382 0.895312 0.528986 1 0.900000 0.521739 1 0.890625 0.521739 1 0.907813 0.526570 1 0.882812 0.526570 1 0.915625 0.560386 1 0.879687 0.565217 1 0.934375 0.574879 1 0.860938 0.594203 1 0.946875 0.555556 1 0.871875 0.557971 1 0.910937 0.659420 1 0.884375 0.661836 1 0.948438 0.669082 1 0.893750 0.731884 1 0.932813 0.741546 1 0.895312 0.804348 1
0 0.088734 0.535640 0.085344 0.408043 0.056250 0.374396 1 0.060937 0.362319 1 0.000000 0.000000 0 0.079687 0.362319 1 0.000000 0.000000 0 0.106250 0.405797 1 0.062500 0.415459 1 0.125000 0.478261 1 0.062500 0.492754 1 0.095312 0.492754 1 0.054688 0.521739 1 0.100000 0.550725 1 0.065625 0.548309 1 0.107813 0.652174 1 0.070312 0.657005 1 0.121875 0.748792 1 0.084375 0.748792 1
0 0.127258 0.437874 0.055109 0.193623 0.101562 0.381643 1 0.104688 0.374396 1 0.103125 0.374396 1 0.121875 0.379227 1 0.000000 0.000000 0 0.137500 0.432367 1 0.100000 0.405797 1 0.143750 0.500000 1 0.000000 0.000000 0 0.139063 0.555556 1 0.000000 0.000000 0 0.123438 0.538647 1 0.000000 0.000000 0 0.000000 0.000000 0 0.000000 0.000000 0 0.000000 0.000000 0 0.000000 0.000000 0
0 0.042125 0.527995 0.064406 0.413720 0.050000 0.367150 1 0.000000 0.000000 0 0.046875 0.359903 1 0.000000 0.000000 0 0.029687 0.364734 1 0.042188 0.415459 1 0.015625 0.425121 1 0.000000 0.000000 0 0.000000 0.000000 0 0.000000 0.000000 0 0.000000 0.000000 0 0.000000 0.000000 0 0.000000 0.000000 0 0.000000 0.000000 0 0.000000 0.000000 0 0.000000 0.000000 0 0.000000 0.000000 0
0 0.286008 0.473949 0.056734 0.102198 0.000000 0.000000 0 0.000000 0.000000 0 0.000000 0.000000 0 0.000000 0.000000 0 0.000000 0.000000 0 0.000000 0.000000 0 0.000000 0.000000 0 0.000000 0.000000 0 0.000000 0.000000 0 0.000000 0.000000 0 0.000000 0.000000 0 0.000000 0.000000 0 0.000000 0.000000 0 0.000000 0.000000 0 0.000000 0.000000 0 0.000000 0.000000 0 0.000000 0.000000 0
0 0.941156 0.574626 0.092188 0.441522 0.940625 0.398551 1 0.945312 0.391304 1 0.935937 0.391304 1 0.000000 0.000000 0 0.925000 0.391304 1 0.964063 0.434783 1 0.910937 0.444444 1 0.975000 0.487923 1 0.000000 0.000000 0 0.978125 0.524155 1 0.000000 0.000000 0 0.957812 0.555556 1 0.920312 0.560386 1 0.954688 0.618357 1 0.921875 0.664251 1 0.956250 0.727053 1 0.926562 0.768116 1
0 0.972758 0.768357 0.054484 0.204251 0.000000 0.000000 0 0.000000 0.000000 0 0.000000 0.000000 0 0.000000 0.000000 0 0.000000 0.000000 0 0.000000 0.000000 0 0.000000 0.000000 0 0.000000 0.000000 0 0.996875 0.688406 1 0.000000 0.000000 0 0.962500 0.768116 1 0.000000 0.000000 0 0.000000 0.000000 0 0.000000 0.000000 0 0.000000 0.000000 0 0.000000 0.000000 0 0.000000 0.000000 0
0 0.184406 0.590616 0.117719 0.432778 0.190625 0.429952 1 0.195312 0.422705 1 0.181250 0.420290 1 0.000000 0.000000 0 0.171875 0.425121 1 0.212500 0.468599 1 0.153125 0.466184 1 0.229687 0.519324 1 0.145313 0.524155 1 0.207813 0.541063 1 0.151562 0.596618 1 0.192188 0.591787 1 0.164062 0.586957 1 0.193750 0.676329 1 0.157812 0.676329 1 0.143750 0.765700 1 0.160938 0.782609 1
0 0.753461 0.565543 0.104578 0.474614 0.757812 0.374396 1 0.764062 0.364734 1 0.751563 0.364734 1 0.771875 0.369565 1 0.743750 0.369565 1 0.787500 0.429952 1 0.723437 0.429952 1 0.789062 0.504831 1 0.714063 0.502415 1 0.790625 0.579710 1 0.718750 0.577295 1 0.773438 0.553140 1 0.734375 0.550725 1 0.765625 0.676329 1 0.732812 0.673913 1 0.760938 0.787440 1 0.734375 0.787440 1
0 0.015969 0.536751 0.031938 0.299106 0.000000 0.000000 0 0.000000 0.000000 0 0.000000 0.000000 0 0.000000 0.000000 0 0.000000 0.000000 0 0.004687 0.408213 1 0.000000 0.000000 0 0.026562 0.471014 1 0.000000 0.000000 0 0.000000 0.000000 0 0.000000 0.000000 0 0.004687 0.572464 1 0.000000 0.000000 0 0.015625 0.673913 1 0.000000 0.000000 0 0.034375 0.751208 1 0.000000 0.000000 0