0 0.515198 0.735383 0.195146 0.477266 0.500000 0.507812 1 0.518750 0.503125 1 0.493750 0.498437 1 0.550000 0.515625 1 0.000000 0.000000 0 0.579167 0.570312 1 0.477083 0.553125 1 0.587500 0.648438 1 0.460417 0.614062 1 0.543750 0.626563 1 0.000000 0.000000 0 0.552083 0.710938 1 0.487500 0.706250 1 0.535417 0.832812 1 0.452083 0.825000 1 0.545833 0.914062 1 0.506250 0.896875 1
0 0.797073 0.529242 0.074896 0.137859 0.795833 0.473438 1 0.797917 0.468750 1 0.793750 0.468750 1 0.000000 0.000000 0 0.000000 0.000000 0 0.810417 0.490625 1 0.775000 0.489063 1 0.814583 0.512500 1 0.770833 0.507812 1 0.822917 0.525000 1 0.768750 0.520312 1 0.802083 0.528125 1 0.785417 0.529687 1 0.802083 0.560937 1 0.781250 0.557813 1 0.797917 0.582812 1 0.777083 0.579688 1
0 0.057833 0.568055 0.115667 0.232828 0.000000 0.000000 0 0.033333 0.468750 1 0.000000 0.000000 0 0.043750 0.471875 1 0.060417 0.473438 1 0.025000 0.500000 1 0.089583 0.500000 1 0.014583 0.534375 1 0.095833 0.532813 1 0.006250 0.567187 1 0.102083 0.562500 1 0.031250 0.573438 1 0.079167 0.575000 1 0.033333 0.621875 1 0.062500 0.623437 1 0.039583 0.668750 1 0.056250 0.668750 1
0 0.145240 0.504758 0.028812 0.108609 0.000000 0.000000 0 0.000000 0.000000 0 0.000000 0.000000 0 0.000000 0.000000 0 0.000000 0.000000 0 0.000000 0.000000 0 0.000000 0.000000 0 0.000000 0.000000 0 0.000000 0.000000 0 0.000000 0.000000 0 0.000000 0.000000 0 0.000000 0.000000 0 0.000000 0.000000 0 0.000000 0.000000 0 0.000000 0.000000 0 0.000000 0.000000 0 0.000000 0.000000 0
0 0.327021 0.513039 0.034833 0.104516 0.000000 0.000000 0 0.000000 0.000000 0 0.000000 0.000000 0 0.000000 0.000000 0 0.000000 0.000000 0 0.000000 0.000000 0 0.000000 0.000000 0 0.000000 0.000000 0 0.000000 0.000000 0 0.000000 0.000000 0 0.000000 0.000000 0 0.000000 0.000000 0 0.000000 0.000000 0 0.000000 0.000000 0 0.000000 0.000000 0 0.000000 0.000000 0 0.000000 0.000000 0
0 0.363031 0.518719 0.045688 0.095750 0.000000 0.000000 0 0.000000 0.000000 0 0.000000 0.000000 0 0.000000 0.000000 0 0.000000 0.000000 0 0.000000 0.000000 0 0.000000 0.000000 0 0.000000 0.000000 0 0.000000 0.000000 0 0.000000 0.000000 0 0.000000 0.000000 0 0.000000 0.000000 0 0.000000 0.000000 0 0.000000 0.000000 0 0.000000 0.000000 0 0.000000 0.000000 0 0.000000 0.000000 0
0 0.121208 0.510531 0.033042 0.093625 0.000000 0.000000 0 0.000000 0.000000 0 0.000000 0.000000 0 0.000000 0.000000 0 0.000000 0.000000 0 0.000000 0.000000 0 0.000000 0.000000 0 0.000000 0.000000 0 0.000000 0.000000 0 0.000000 0.000000 0 0.000000 0.000000 0 0.000000 0.000000 0 0.000000 0.000000 0 0.000000 0.000000 0 0.000000 0.000000 0 0.000000 0.000000 0 0.000000 0.000000 0
0 0.158156 0.531398 0.075646 0.157484 0.156250 0.468750 1 0.160417 0.467187 1 0.000000 0.000000 0 0.170833 0.471875 1 0.000000 0.000000 0 0.181250 0.489063 1 0.158333 0.489063 1 0.183333 0.514062 1 0.000000 0.000000 0 0.185417 0.531250 1 0.000000 0.000000 0 0.168750 0.529687 1 0.154167 0.528125 1 0.177083 0.565625 1 0.143750 0.560937 1 0.175000 0.595313 1 0.147917 0.592187 1
0 0.283604 0.509281 0.033875 0.105906 0.000000 0.000000 0 0.000000 0.000000 0 0.000000 0.000000 0 0.000000 0.000000 0 0.000000 0.000000 0 0.000000 0.000000 0 0.000000 0.000000 0 0.000000 0.000000 0 0.000000 0.000000 0 0.000000 0.000000 0 0.000000 0.000000 0 0.000000 0.000000 0 0.000000 0.000000 0 0.000000 0.000000 0 0.000000 0.000000 0 0.000000 0.000000 0 0.000000 0.000000 0
0 0.207021 0.516797 0.048250 0.133469 0.000000 0.000000 0 0.000000 0.000000 0 0.000000 0.000000 0 0.200000 0.465625 1 0.000000 0.000000 0 0.195833 0.479687 1 0.222917 0.479687 1 0.187500 0.498437 1 0.227083 0.500000 1 0.000000 0.000000 0 0.000000 0.000000 0 0.200000 0.515625 1 0.218750 0.517188 1 0.197917 0.543750 1 0.216667 0.543750 1 0.197917 0.573438 1 0.220833 0.571875 1
0 0.249719 0.512359 0.039896 0.124437 0.000000 0.000000 0 0.000000 0.000000 0 0.000000 0.000000 0 0.250000 0.460938 1 0.000000 0.000000 0 0.239583 0.473438 1 0.260417 0.471875 1 0.241667 0.484375 1 0.262500 0.484375 1 0.000000 0.000000 0 0.000000 0.000000 0 0.250000 0.510938 1 0.260417 0.510938 1 0.245833 0.532813 1 0.258333 0.532813 1 0.250000 0.567187 1 0.262500 0.562500 1
0 0.224021 0.460422 0.020167 0.033437 0.000000 0.000000 0 0.000000 0.000000 0 0.000000 0.000000 0 0.000000 0.000000 0 0.000000 0.000000 0 0.000000 0.000000 0 0.000000 0.000000 0 0.000000 0.000000 0 0.000000 0.000000 0 0.000000 0.000000 0 0.000000 0.000000 0 0.000000 0.000000 0 0.000000 0.000000 0 0.000000 0.000000 0 0.000000 0.000000 0 0.000000 0.000000 0 0.000000 0.000000 0