0 0.033102 0.522804 0.063078 0.327407 0.057813 0.388889 1 0.000000 0.000000 0 0.056250 0.383598 1 0.000000 0.000000 0 0.050000 0.383598 1 0.056250 0.423280 1 0.037500 0.407407 1 0.000000 0.000000 0 0.029687 0.415344 1 0.000000 0.000000 0 0.025000 0.425926 1 0.040625 0.513228 1 0.025000 0.505291 1 0.031250 0.589947 1 0.018750 0.571429 1 0.029687 0.661376 1 0.000000 0.000000 0
0 0.203305 0.543519 0.073297 0.258519 0.000000 0.000000 0 0.000000 0.000000 0 0.000000 0.000000 0 0.000000 0.000000 0 0.198437 0.433862 1 0.178125 0.460317 1 0.206250 0.462963 1 0.000000 0.000000 0 0.215625 0.494709 1 0.000000 0.000000 0 0.228125 0.470899 1 0.181250 0.537037 1 0.203125 0.537037 1 0.182812 0.589947 1 0.200000 0.592593 1 0.184375 0.645503 1 0.200000 0.642857 1
0 0.488742 0.743347 0.080484 0.337910 0.000000 0.000000 0 0.000000 0.000000 0 0.000000 0.000000 0 0.479687 0.613757 1 0.503125 0.613757 1 0.468750 0.658730 1 0.510938 0.664021 1 0.460938 0.708995 1 0.520312 0.716931 1 0.457813 0.751323 1 0.507812 0.746032 1 0.471875 0.767196 1 0.496875 0.772487 1 0.462500 0.817460 1 0.490625 0.828042 1 0.454688 0.875661 1 0.479687 0.894180 1
0 0.804977 0.706045 0.075641 0.325847 0.000000 0.000000 0 0.000000 0.000000 0 0.000000 0.000000 0 0.812500 0.560847 1 0.000000 0.000000 0 0.801562 0.605820 1 0.831250 0.600529 1 0.792188 0.650794 1 0.000000 0.000000 0 0.779687 0.682540 1 0.000000 0.000000 0 0.804688 0.693122 1 0.828125 0.693122 1 0.792188 0.769841 1 0.812500 0.775132 1 0.782813 0.846561 1 0.804688 0.846561 1
0 0.692195 0.745754 0.053078 0.208598 0.000000 0.000000 0 0.000000 0.000000 0 0.000000 0.000000 0 0.000000 0.000000 0 0.707812 0.674603 1 0.687500 0.693122 1 0.709375 0.698413 1 0.678125 0.724868 1 0.714063 0.730159 1 0.673438 0.746032 1 0.715625 0.751323 1 0.685937 0.753968 1 0.703125 0.759259 1 0.681250 0.791005 1 0.700000 0.796296 1 0.679688 0.830688 1 0.696875 0.833333 1
0 0.623578 0.652593 0.040500 0.194339 0.000000 0.000000 0 0.000000 0.000000 0 0.000000 0.000000 0 0.000000 0.000000 0 0.000000 0.000000 0 0.632812 0.595238 1 0.643750 0.611111 1 0.614062 0.611111 1 0.000000 0.000000 0 0.000000 0.000000 0 0.000000 0.000000 0 0.618750 0.653439 1 0.634375 0.658730 1 0.614062 0.698413 1 0.631250 0.706349 1 0.610938 0.732804 1 0.629687 0.738095 1
0 0.744273 0.767857 0.063328 0.187143 0.000000 0.000000 0 0.000000 0.000000 0 0.000000 0.000000 0 0.739062 0.701058 1 0.756250 0.703704 1 0.740625 0.724868 1 0.756250 0.727513 1 0.729688 0.756614 1 0.768750 0.722222 1 0.715625 0.764550 1 0.775000 0.701058 1 0.737500 0.769841 1 0.750000 0.769841 1 0.735938 0.809524 1 0.746875 0.809524 1 0.731250 0.843915 1 0.742188 0.843915 1
0 0.887164 0.662778 0.017109 0.103810 0.000000 0.000000 0 0.000000 0.000000 0 0.000000 0.000000 0 0.000000 0.000000 0 0.000000 0.000000 0 0.000000 0.000000 0 0.000000 0.000000 0 0.000000 0.000000 0 0.000000 0.000000 0 0.000000 0.000000 0 0.000000 0.000000 0 0.000000 0.000000 0 0.000000 0.000000 0 0.000000 0.000000 0 0.000000 0.000000 0 0.000000 0.000000 0 0.000000 0.000000 0
0 0.593805 0.633690 0.035484 0.103624 0.000000 0.000000 0 0.000000 0.000000 0 0.000000 0.000000 0 0.000000 0.000000 0 0.000000 0.000000 0 0.000000 0.000000 0 0.000000 0.000000 0 0.000000 0.000000 0 0.000000 0.000000 0 0.000000 0.000000 0 0.000000 0.000000 0 0.000000 0.000000 0 0.000000 0.000000 0 0.000000 0.000000 0 0.000000 0.000000 0 0.000000 0.000000 0 0.000000 0.000000 0
0 0.850391 0.693796 0.050656 0.269603 0.851562 0.589947 1 0.854688 0.587302 1 0.000000 0.000000 0 0.865625 0.584656 1 0.000000 0.000000 0 0.868750 0.619048 1 0.853125 0.619048 1 0.860938 0.656085 1 0.000000 0.000000 0 0.845313 0.650794 1 0.000000 0.000000 0 0.851562 0.698413 1 0.839063 0.695767 1 0.845313 0.759259 1 0.829688 0.748677 1 0.843750 0.804233 1 0.825000 0.796296 1
0 0.136375 0.507870 0.030469 0.161720 0.000000 0.000000 0 0.000000 0.000000 0 0.000000 0.000000 0 0.000000 0.000000 0 0.000000 0.000000 0 0.000000 0.000000 0 0.000000 0.000000 0 0.000000 0.000000 0 0.000000 0.000000 0 0.000000 0.000000 0 0.000000 0.000000 0 0.000000 0.000000 0 0.000000 0.000000 0 0.000000 0.000000 0 0.000000 0.000000 0 0.000000 0.000000 0 0.000000 0.000000 0
0 0.345062 0.675384 0.101250 0.476534 0.000000 0.000000 0 0.000000 0.000000 0 0.000000 0.000000 0 0.323437 0.465608 1 0.354687 0.470899 1 0.307812 0.521164 1 0.360938 0.531746 1 0.287500 0.597884 1 0.000000 0.000000 0 0.279687 0.671958 1 0.000000 0.000000 0 0.310937 0.661376 1 0.345313 0.671958 1 0.309375 0.772487 1 0.351562 0.764550 1 0.310937 0.880952 1 0.357812 0.875661 1
0 0.943641 0.686442 0.022469 0.138333 0.000000 0.000000 0 0.000000 0.000000 0 0.000000 0.000000 0 0.000000 0.000000 0 0.000000 0.000000 0 0.000000 0.000000 0 0.000000 0.000000 0 0.000000 0.000000 0 0.000000 0.000000 0 0.000000 0.000000 0 0.000000 0.000000 0 0.000000 0.000000 0 0.000000 0.000000 0 0.000000 0.000000 0 0.000000 0.000000 0 0.000000 0.000000 0 0.000000 0.000000 0