0 0.799719 0.646813 0.261250 0.539333 0.000000 0.000000 0 0.000000 0.000000 0 0.000000 0.000000 0 0.826562 0.447917 1 0.000000 0.000000 0 0.853125 0.520833 1 0.906250 0.506250 1 0.842187 0.668750 1 0.000000 0.000000 0 0.771875 0.681250 1 0.817187 0.560417 1 0.865625 0.750000 1 0.898438 0.735417 1 0.701562 0.716667 1 0.745313 0.664583 1 0.734375 0.872917 1 0.790625 0.841667 1
0 0.712742 0.469729 0.117859 0.167542 0.685937 0.435417 1 0.695312 0.429167 1 0.684375 0.427083 1 0.714063 0.431250 1 0.000000 0.000000 0 0.735938 0.481250 1 0.692187 0.470833 1 0.759375 0.537500 1 0.662500 0.510417 1 0.714063 0.539583 1 0.668750 0.527083 1 0.000000 0.000000 0 0.000000 0.000000 0 0.000000 0.000000 0 0.000000 0.000000 0 0.000000 0.000000 0 0.000000 0.000000 0
0 0.627773 0.444406 0.106578 0.158271 0.617188 0.408333 1 0.625000 0.400000 1 0.614062 0.400000 1 0.000000 0.000000 0 0.000000 0.000000 0 0.653125 0.445833 1 0.610938 0.447917 1 0.684375 0.483333 1 0.595313 0.516667 1 0.648438 0.502083 1 0.585938 0.483333 1 0.646875 0.545833 1 0.615625 0.537500 1 0.000000 0.000000 0 0.000000 0.000000 0 0.000000 0.000000 0 0.000000 0.000000 0
0 0.277875 0.429052 0.092906 0.162146 0.000000 0.000000 0 0.000000 0.000000 0 0.312500 0.395833 1 0.000000 0.000000 0 0.304688 0.393750 1 0.248438 0.435417 1 0.289062 0.435417 1 0.000000 0.000000 0 0.310937 0.504167 1 0.000000 0.000000 0 0.000000 0.000000 0 0.000000 0.000000 0 0.000000 0.000000 0 0.000000 0.000000 0 0.000000 0.000000 0 0.000000 0.000000 0 0.000000 0.000000 0
0 0.376680 0.549438 0.109547 0.330333 0.412500 0.443750 1 0.415625 0.431250 1 0.403125 0.431250 1 0.000000 0.000000 0 0.376563 0.433333 1 0.385937 0.468750 1 0.384375 0.479167 1 0.000000 0.000000 0 0.415625 0.566667 1 0.000000 0.000000 0 0.000000 0.000000 0 0.000000 0.000000 0 0.398438 0.662500 1 0.000000 0.000000 0 0.478125 0.668750 1 0.000000 0.000000 0 0.426563 0.804167 1
0 0.559555 0.443813 0.087641 0.132583 0.553125 0.412500 1 0.559375 0.408333 1 0.546875 0.408333 1 0.565625 0.412500 1 0.539062 0.412500 1 0.581250 0.443750 1 0.532813 0.443750 1 0.000000 0.000000 0 0.528125 0.485417 1 0.000000 0.000000 0 0.000000 0.000000 0 0.000000 0.000000 0 0.000000 0.000000 0 0.000000 0.000000 0 0.000000 0.000000 0 0.000000 0.000000 0 0.000000 0.000000 0
0 0.180883 0.405885 0.121766 0.251771 0.170313 0.297917 1 0.175000 0.289583 1 0.162500 0.295833 1 0.184375 0.295833 1 0.153125 0.308333 1 0.200000 0.341667 1 0.142187 0.347917 1 0.223438 0.391667 1 0.125000 0.395833 1 0.235937 0.450000 1 0.150000 0.404167 1 0.210938 0.477083 1 0.160938 0.479167 1 0.000000 0.000000 0 0.000000 0.000000 0 0.000000 0.000000 0 0.000000 0.000000 0
0 0.333867 0.469198 0.082734 0.177521 0.354687 0.425000 1 0.360938 0.414583 1 0.345313 0.416667 1 0.371875 0.416667 1 0.335938 0.422917 1 0.000000 0.000000 0 0.325000 0.468750 1 0.000000 0.000000 0 0.300000 0.543750 1 0.000000 0.000000 0 0.000000 0.000000 0 0.000000 0.000000 0 0.000000 0.000000 0 0.000000 0.000000 0 0.000000 0.000000 0 0.000000 0.000000 0 0.000000 0.000000 0
0 0.244602 0.436052 0.066016 0.132021 0.000000 0.000000 0 0.000000 0.000000 0 0.000000 0.000000 0 0.000000 0.000000 0 0.000000 0.000000 0 0.000000 0.000000 0 0.000000 0.000000 0 0.000000 0.000000 0 0.000000 0.000000 0 0.000000 0.000000 0 0.000000 0.000000 0 0.000000 0.000000 0 0.000000 0.000000 0 0.000000 0.000000 0 0.000000 0.000000 0 0.000000 0.000000 0 0.000000 0.000000 0
0 0.479414 0.432833 0.091422 0.143292 0.000000 0.000000 0 0.000000 0.000000 0 0.000000 0.000000 0 0.000000 0.000000 0 0.000000 0.000000 0 0.000000 0.000000 0 0.000000 0.000000 0 0.000000 0.000000 0 0.000000 0.000000 0 0.000000 0.000000 0 0.000000 0.000000 0 0.000000 0.000000 0 0.000000 0.000000 0 0.000000 0.000000 0 0.000000 0.000000 0 0.000000 0.000000 0 0.000000 0.000000 0
0 0.525828 0.693115 0.239469 0.613771 0.000000 0.000000 0 0.000000 0.000000 0 0.000000 0.000000 0 0.446875 0.450000 1 0.501563 0.450000 1 0.415625 0.537500 1 0.518750 0.554167 1 0.479687 0.616667 1 0.575000 0.639583 1 0.506250 0.543750 1 0.543750 0.547917 1 0.468750 0.702083 1 0.550000 0.714583 1 0.551562 0.643750 1 0.606250 0.656250 1 0.578125 0.781250 1 0.609375 0.818750 1