0 0.395375 0.340664 0.139542 0.222047 0.404167 0.259375 1 0.410417 0.256250 1 0.395833 0.254688 1 0.000000 0.000000 0 0.381250 0.254688 1 0.427083 0.290625 1 0.356250 0.290625 1 0.447917 0.325000 1 0.341667 0.323437 1 0.452083 0.356250 1 0.362500 0.340625 1 0.414583 0.354687 1 0.362500 0.354687 1 0.418750 0.378125 1 0.350000 0.356250 1 0.420833 0.440625 1 0.364583 0.420312 1
0 0.132385 0.513484 0.159479 0.151281 0.156250 0.482812 1 0.160417 0.475000 1 0.145833 0.475000 1 0.164583 0.478125 1 0.118750 0.476562 1 0.187500 0.515625 1 0.081250 0.515625 1 0.206250 0.559375 1 0.054167 0.556250 1 0.000000 0.000000 0 0.000000 0.000000 0 0.000000 0.000000 0 0.000000 0.000000 0 0.000000 0.000000 0 0.000000 0.000000 0 0.000000 0.000000 0 0.000000 0.000000 0
0 0.848656 0.565289 0.078687 0.237703 0.825000 0.468750 1 0.827083 0.464062 1 0.000000 0.000000 0 0.845833 0.464062 1 0.000000 0.000000 0 0.847917 0.489063 1 0.866667 0.490625 1 0.841667 0.526563 1 0.000000 0.000000 0 0.000000 0.000000 0 0.000000 0.000000 0 0.839583 0.559375 1 0.858333 0.559375 1 0.841667 0.614062 1 0.852083 0.612500 1 0.843750 0.665625 1 0.854167 0.662500 1
0 0.938240 0.566617 0.123521 0.241391 0.935417 0.478125 1 0.943750 0.470313 1 0.925000 0.471875 1 0.950000 0.473438 1 0.908333 0.475000 1 0.968750 0.510938 1 0.900000 0.514062 1 0.991667 0.578125 1 0.914583 0.551562 1 0.000000 0.000000 0 0.956250 0.589063 1 0.966667 0.610938 1 0.912500 0.610938 1 0.954167 0.701562 1 0.920833 0.703125 1 0.945833 0.789062 1 0.900000 0.785937 1
0 0.788750 0.578984 0.068083 0.218844 0.770833 0.490625 1 0.777083 0.487500 1 0.770833 0.487500 1 0.791667 0.489063 1 0.000000 0.000000 0 0.800000 0.509375 1 0.791667 0.509375 1 0.785417 0.540625 1 0.000000 0.000000 0 0.768750 0.520312 1 0.000000 0.000000 0 0.789583 0.579688 1 0.783333 0.579688 1 0.787500 0.623437 1 0.000000 0.000000 0 0.802083 0.681250 1 0.000000 0.000000 0
0 0.186198 0.638961 0.108479 0.206172 0.227083 0.578125 1 0.000000 0.000000 0 0.222917 0.571875 1 0.000000 0.000000 0 0.189583 0.578125 1 0.231250 0.621875 1 0.122917 0.625000 1 0.000000 0.000000 0 0.000000 0.000000 0 0.000000 0.000000 0 0.000000 0.000000 0 0.225000 0.740625 1 0.131250 0.742188 1 0.000000 0.000000 0 0.000000 0.000000 0 0.000000 0.000000 0 0.000000 0.000000 0
0 0.285958 0.454789 0.050792 0.045953 0.000000 0.000000 0 0.000000 0.000000 0 0.000000 0.000000 0 0.000000 0.000000 0 0.000000 0.000000 0 0.000000 0.000000 0 0.000000 0.000000 0 0.000000 0.000000 0 0.000000 0.000000 0 0.000000 0.000000 0 0.000000 0.000000 0 0.000000 0.000000 0 0.000000 0.000000 0 0.000000 0.000000 0 0.000000 0.000000 0 0.000000 0.000000 0 0.000000 0.000000 0
0 0.328083 0.462781 0.038750 0.027375 0.000000 0.000000 0 0.000000 0.000000 0 0.000000 0.000000 0 0.000000 0.000000 0 0.000000 0.000000 0 0.000000 0.000000 0 0.000000 0.000000 0 0.000000 0.000000 0 0.000000 0.000000 0 0.000000 0.000000 0 0.000000 0.000000 0 0.000000 0.000000 0 0.000000 0.000000 0 0.000000 0.000000 0 0.000000 0.000000 0 0.000000 0.000000 0 0.000000 0.000000 0
0 0.863479 0.820461 0.273042 0.359078 0.000000 0.000000 0 0.000000 0.000000 0 0.000000 0.000000 0 0.916667 0.790625 1 0.000000 0.000000 0 0.800000 0.973437 1 0.000000 0.000000 0 0.000000 0.000000 0 0.000000 0.000000 0 0.000000 0.000000 0 0.000000 0.000000 0 0.000000 0.000000 0 0.000000 0.000000 0 0.000000 0.000000 0 0.000000 0.000000 0 0.000000 0.000000 0 0.000000 0.000000 0
0 0.501719 0.858477 0.446021 0.283047 0.000000 0.000000 0 0.000000 0.000000 0 0.000000 0.000000 0 0.000000 0.000000 0 0.000000 0.000000 0 0.339583 0.948438 1 0.639583 0.951562 1 0.000000 0.000000 0 0.000000 0.000000 0 0.000000 0.000000 0 0.000000 0.000000 0 0.000000 0.000000 0 0.000000 0.000000 0 0.000000 0.000000 0 0.000000 0.000000 0 0.000000 0.000000 0 0.000000 0.000000 0
0 0.811625 0.487836 0.033708 0.060391 0.000000 0.000000 0 0.000000 0.000000 0 0.000000 0.000000 0 0.000000 0.000000 0 0.000000 0.000000 0 0.000000 0.000000 0 0.000000 0.000000 0 0.000000 0.000000 0 0.000000 0.000000 0 0.000000 0.000000 0 0.000000 0.000000 0 0.000000 0.000000 0 0.000000 0.000000 0 0.000000 0.000000 0 0.000000 0.000000 0 0.000000 0.000000 0 0.000000 0.000000 0
0 0.976729 0.481930 0.046542 0.071359 0.000000 0.000000 0 0.000000 0.000000 0 0.000000 0.000000 0 0.000000 0.000000 0 0.000000 0.000000 0 0.000000 0.000000 0 0.000000 0.000000 0 0.000000 0.000000 0 0.000000 0.000000 0 0.000000 0.000000 0 0.000000 0.000000 0 0.000000 0.000000 0 0.000000 0.000000 0 0.000000 0.000000 0 0.000000 0.000000 0 0.000000 0.000000 0 0.000000 0.000000 0
0 0.272885 0.786141 0.345438 0.401562 0.387500 0.714063 1 0.400000 0.689063 1 0.358333 0.698438 1 0.000000 0.000000 0 0.272917 0.695312 1 0.177083 0.756250 1 0.260417 0.818750 1 0.000000 0.000000 0 0.283333 0.990625 1 0.000000 0.000000 0 0.000000 0.000000 0 0.000000 0.000000 0 0.000000 0.000000 0 0.000000 0.000000 0 0.000000 0.000000 0 0.000000 0.000000 0 0.000000 0.000000 0