0 0.318750 0.572564 0.142000 0.325597 0.378125 0.451991 1 0.000000 0.000000 0 0.367188 0.447307 1 0.000000 0.000000 0 0.353125 0.451991 1 0.364063 0.487119 1 0.326562 0.484778 1 0.345313 0.510539 1 0.282813 0.505855 1 0.365625 0.552693 1 0.293750 0.559719 1 0.323437 0.545667 1 0.298438 0.543326 1 0.371875 0.580796 1 0.293750 0.606557 1 0.373437 0.683841 1 0.259375 0.704918 1
0 0.443852 0.627869 0.180859 0.228571 0.460938 0.557377 1 0.000000 0.000000 0 0.456250 0.552693 1 0.000000 0.000000 0 0.439063 0.555035 1 0.445312 0.571429 1 0.414062 0.576112 1 0.470313 0.637002 1 0.375000 0.613583 1 0.506250 0.634660 1 0.370312 0.679157 1 0.392188 0.651054 1 0.367188 0.651054 1 0.450000 0.627635 1 0.404687 0.637002 1 0.418750 0.709602 1 0.378125 0.718970 1
0 0.685867 0.558653 0.172453 0.380492 0.684375 0.412178 1 0.684375 0.405152 1 0.676562 0.409836 1 0.000000 0.000000 0 0.660937 0.409836 1 0.692187 0.426230 1 0.651563 0.419204 1 0.648438 0.487119 1 0.640625 0.426230 1 0.620313 0.451991 1 0.626563 0.419204 1 0.710938 0.533958 1 0.668750 0.529274 1 0.735938 0.625293 1 0.642188 0.629977 1 0.751563 0.707260 1 0.629687 0.697892 1
0 0.547695 0.192190 0.078859 0.262834 0.565625 0.110070 1 0.567187 0.103044 1 0.562500 0.103044 1 0.000000 0.000000 0 0.550000 0.098361 1 0.565625 0.121780 1 0.535937 0.119438 1 0.578125 0.133489 1 0.534375 0.154567 1 0.539062 0.128806 1 0.557813 0.131148 1 0.551562 0.229508 1 0.526563 0.231850 1 0.550000 0.309133 1 0.535937 0.313817 1 0.000000 0.000000 0 0.000000 0.000000 0
0 0.708070 0.165890 0.113391 0.284754 0.687500 0.060890 1 0.689063 0.053864 1 0.682813 0.053864 1 0.000000 0.000000 0 0.673438 0.056206 1 0.704688 0.081967 1 0.665625 0.086651 1 0.728125 0.114754 1 0.664062 0.138173 1 0.721875 0.156909 1 0.703125 0.135831 1 0.707812 0.175644 1 0.681250 0.185012 1 0.748437 0.187354 1 0.682813 0.248244 1 0.751563 0.281030 1 0.690625 0.323185 1
0 0.838211 0.179052 0.069328 0.250562 0.850000 0.088993 1 0.853125 0.079625 1 0.846875 0.079625 1 0.859375 0.084309 1 0.839063 0.081967 1 0.859375 0.110070 1 0.821875 0.105386 1 0.860938 0.161593 1 0.809375 0.147541 1 0.865625 0.131148 1 0.820312 0.199063 1 0.843750 0.189696 1 0.823438 0.187354 1 0.835938 0.257611 1 0.823438 0.220141 1 0.000000 0.000000 0 0.821875 0.295082 1
0 0.939375 0.169133 0.087844 0.217237 0.942187 0.096019 1 0.945312 0.086651 1 0.937500 0.086651 1 0.000000 0.000000 0 0.928125 0.093677 1 0.967187 0.128806 1 0.918750 0.131148 1 0.979688 0.173302 1 0.903125 0.170960 1 0.967187 0.206089 1 0.920312 0.208431 1 0.959375 0.241218 1 0.929688 0.241218 1 0.957812 0.318501 1 0.929688 0.320843 1 0.000000 0.000000 0 0.000000 0.000000 0
0 0.334531 0.104637 0.069344 0.074426 0.000000 0.000000 0 0.000000 0.000000 0 0.000000 0.000000 0 0.000000 0.000000 0 0.000000 0.000000 0 0.000000 0.000000 0 0.000000 0.000000 0 0.000000 0.000000 0 0.000000 0.000000 0 0.000000 0.000000 0 0.000000 0.000000 0 0.000000 0.000000 0 0.000000 0.000000 0 0.000000 0.000000 0 0.000000 0.000000 0 0.000000 0.000000 0 0.000000 0.000000 0
0 0.324867 0.070246 0.097234 0.096838 0.334375 0.039813 1 0.335938 0.035129 1 0.326562 0.037471 1 0.000000 0.000000 0 0.315625 0.044496 1 0.351562 0.070258 1 0.293750 0.067916 1 0.365625 0.103044 1 0.281250 0.117096 1 0.342187 0.063232 1 0.000000 0.000000 0 0.000000 0.000000 0 0.000000 0.000000 0 0.000000 0.000000 0 0.000000 0.000000 0 0.000000 0.000000 0 0.000000 0.000000 0
0 0.265586 0.107412 0.065547 0.083208 0.000000 0.000000 0 0.000000 0.000000 0 0.000000 0.000000 0 0.000000 0.000000 0 0.000000 0.000000 0 0.000000 0.000000 0 0.000000 0.000000 0 0.000000 0.000000 0 0.000000 0.000000 0 0.000000 0.000000 0 0.000000 0.000000 0 0.000000 0.000000 0 0.000000 0.000000 0 0.000000 0.000000 0 0.000000 0.000000 0 0.000000 0.000000 0 0.000000 0.000000 0
0 0.209016 0.121499 0.053687 0.057049 0.000000 0.000000 0 0.000000 0.000000 0 0.000000 0.000000 0 0.000000 0.000000 0 0.000000 0.000000 0 0.000000 0.000000 0 0.000000 0.000000 0 0.000000 0.000000 0 0.000000 0.000000 0 0.000000 0.000000 0 0.000000 0.000000 0 0.000000 0.000000 0 0.000000 0.000000 0 0.000000 0.000000 0 0.000000 0.000000 0 0.000000 0.000000 0 0.000000 0.000000 0
0 0.230938 0.074859 0.037000 0.088033 0.000000 0.000000 0 0.000000 0.000000 0 0.000000 0.000000 0 0.000000 0.000000 0 0.000000 0.000000 0 0.000000 0.000000 0 0.000000 0.000000 0 0.000000 0.000000 0 0.000000 0.000000 0 0.000000 0.000000 0 0.000000 0.000000 0 0.000000 0.000000 0 0.000000 0.000000 0 0.000000 0.000000 0 0.000000 0.000000 0 0.000000 0.000000 0 0.000000 0.000000 0
0 0.061914 0.117717 0.061453 0.073513 0.000000 0.000000 0 0.000000 0.000000 0 0.000000 0.000000 0 0.000000 0.000000 0 0.000000 0.000000 0 0.000000 0.000000 0 0.000000 0.000000 0 0.000000 0.000000 0 0.000000 0.000000 0 0.000000 0.000000 0 0.000000 0.000000 0 0.000000 0.000000 0 0.000000 0.000000 0 0.000000 0.000000 0 0.000000 0.000000 0 0.000000 0.000000 0 0.000000 0.000000 0