0 0.498594 0.524719 0.337188 0.667424 0.000000 0.000000 0 0.000000 0.000000 0 0.000000 0.000000 0 0.000000 0.000000 0 0.000000 0.000000 0 0.471875 0.330211 1 0.543750 0.323185 1 0.000000 0.000000 0 0.606250 0.405152 1 0.000000 0.000000 0 0.000000 0.000000 0 0.496875 0.522248 1 0.546875 0.524590 1 0.409375 0.660422 1 0.582812 0.669789 1 0.370312 0.812646 1 0.650000 0.819672 1
0 0.840578 0.621077 0.284000 0.474754 0.829688 0.451991 1 0.845313 0.433255 1 0.000000 0.000000 0 0.870313 0.449649 1 0.000000 0.000000 0 0.868750 0.489461 1 0.906250 0.494145 1 0.793750 0.559719 1 0.964063 0.590164 1 0.728125 0.501171 1 0.000000 0.000000 0 0.917188 0.704918 1 0.940625 0.683841 1 0.785937 0.702576 1 0.823438 0.660422 1 0.895312 0.793911 1 0.909375 0.793911 1
0 0.630453 0.461429 0.076469 0.208993 0.000000 0.000000 0 0.000000 0.000000 0 0.000000 0.000000 0 0.000000 0.000000 0 0.000000 0.000000 0 0.000000 0.000000 0 0.585938 0.362998 1 0.000000 0.000000 0 0.000000 0.000000 0 0.000000 0.000000 0 0.000000 0.000000 0 0.625000 0.430913 1 0.660937 0.421546 1 0.606250 0.557377 1 0.642188 0.555035 1 0.000000 0.000000 0 0.000000 0.000000 0
0 0.647320 0.326206 0.091734 0.236862 0.000000 0.000000 0 0.648438 0.248244 1 0.639062 0.248244 1 0.000000 0.000000 0 0.000000 0.000000 0 0.673438 0.299766 1 0.621875 0.302108 1 0.667188 0.358314 1 0.000000 0.000000 0 0.646875 0.292740 1 0.000000 0.000000 0 0.657813 0.405152 1 0.628125 0.405152 1 0.000000 0.000000 0 0.000000 0.000000 0 0.000000 0.000000 0 0.000000 0.000000 0
0 0.760281 0.380515 0.092125 0.272927 0.750000 0.290398 1 0.754687 0.281030 1 0.746875 0.281030 1 0.762500 0.285714 1 0.739062 0.283372 1 0.779687 0.327869 1 0.731250 0.330211 1 0.770312 0.393443 1 0.000000 0.000000 0 0.751563 0.372365 1 0.000000 0.000000 0 0.782813 0.430913 1 0.000000 0.000000 0 0.000000 0.000000 0 0.000000 0.000000 0 0.000000 0.000000 0 0.000000 0.000000 0
0 0.344883 0.363958 0.125609 0.331522 0.357812 0.241218 1 0.362500 0.234192 1 0.353125 0.236534 1 0.375000 0.241218 1 0.000000 0.000000 0 0.389062 0.292740 1 0.340625 0.285714 1 0.393750 0.362998 1 0.329688 0.348946 1 0.354687 0.381733 1 0.323437 0.367681 1 0.378125 0.407494 1 0.346875 0.400468 1 0.362500 0.393443 1 0.295312 0.395785 1 0.365625 0.491803 1 0.310937 0.489461 1
0 0.423867 0.382752 0.079953 0.281054 0.464062 0.264637 1 0.467187 0.252927 1 0.459375 0.252927 1 0.000000 0.000000 0 0.000000 0.000000 0 0.000000 0.000000 0 0.445312 0.297424 1 0.000000 0.000000 0 0.431250 0.348946 1 0.000000 0.000000 0 0.440625 0.398126 1 0.000000 0.000000 0 0.451562 0.400468 1 0.000000 0.000000 0 0.410938 0.381733 1 0.000000 0.000000 0 0.412500 0.487119 1
0 0.801375 0.080890 0.076469 0.089883 0.804688 0.063232 1 0.810937 0.058548 1 0.801562 0.056206 1 0.817187 0.065574 1 0.793750 0.060890 1 0.831250 0.107728 1 0.776563 0.098361 1 0.821875 0.159251 1 0.760938 0.147541 1 0.000000 0.000000 0 0.000000 0.000000 0 0.000000 0.000000 0 0.000000 0.000000 0 0.000000 0.000000 0 0.000000 0.000000 0 0.000000 0.000000 0 0.000000 0.000000 0
0 0.048844 0.344180 0.090312 0.277728 0.023438 0.255269 1 0.025000 0.248244 1 0.000000 0.000000 0 0.037500 0.248244 1 0.000000 0.000000 0 0.071875 0.281030 1 0.031250 0.269321 1 0.076563 0.341920 1 0.014063 0.330211 1 0.043750 0.377049 1 0.031250 0.355972 1 0.081250 0.374707 1 0.045312 0.374707 1 0.071875 0.365340 1 0.003125 0.362998 1 0.048438 0.461358 1 0.021875 0.456674 1
0 0.566586 0.277002 0.058641 0.090398 0.000000 0.000000 0 0.000000 0.000000 0 0.000000 0.000000 0 0.000000 0.000000 0 0.000000 0.000000 0 0.000000 0.000000 0 0.000000 0.000000 0 0.000000 0.000000 0 0.000000 0.000000 0 0.000000 0.000000 0 0.000000 0.000000 0 0.000000 0.000000 0 0.000000 0.000000 0 0.000000 0.000000 0 0.000000 0.000000 0 0.000000 0.000000 0 0.000000 0.000000 0
0 0.574391 0.480995 0.037031 0.076792 0.000000 0.000000 0 0.000000 0.000000 0 0.000000 0.000000 0 0.000000 0.000000 0 0.000000 0.000000 0 0.000000 0.000000 0 0.000000 0.000000 0 0.000000 0.000000 0 0.000000 0.000000 0 0.000000 0.000000 0 0.000000 0.000000 0 0.000000 0.000000 0 0.000000 0.000000 0 0.000000 0.000000 0 0.000000 0.000000 0 0.000000 0.000000 0 0.000000 0.000000 0
0 0.310109 0.054110 0.098844 0.101944 0.295312 0.025761 1 0.300000 0.021077 1 0.000000 0.000000 0 0.317188 0.023419 1 0.000000 0.000000 0 0.337500 0.070258 1 0.287500 0.053864 1 0.000000 0.000000 0 0.268750 0.016393 1 0.000000 0.000000 0 0.295312 0.000000 1 0.000000 0.000000 0 0.000000 0.000000 0 0.000000 0.000000 0 0.000000 0.000000 0 0.000000 0.000000 0 0.000000 0.000000 0
0 0.872695 0.094286 0.062891 0.078829 0.000000 0.000000 0 0.000000 0.000000 0 0.000000 0.000000 0 0.000000 0.000000 0 0.000000 0.000000 0 0.000000 0.000000 0 0.000000 0.000000 0 0.000000 0.000000 0 0.000000 0.000000 0 0.000000 0.000000 0 0.000000 0.000000 0 0.000000 0.000000 0 0.000000 0.000000 0 0.000000 0.000000 0 0.000000 0.000000 0 0.000000 0.000000 0 0.000000 0.000000 0