0 0.391336 0.394684 0.047297 0.077424 0.000000 0.000000 0 0.000000 0.000000 0 0.000000 0.000000 0 0.000000 0.000000 0 0.000000 0.000000 0 0.000000 0.000000 0 0.000000 0.000000 0 0.000000 0.000000 0 0.000000 0.000000 0 0.000000 0.000000 0 0.000000 0.000000 0 0.000000 0.000000 0 0.000000 0.000000 0 0.000000 0.000000 0 0.000000 0.000000 0 0.000000 0.000000 0 0.000000 0.000000 0
0 0.250180 0.495597 0.094703 0.269789 0.240625 0.393443 1 0.243750 0.386417 1 0.237500 0.386417 1 0.253125 0.388759 1 0.231250 0.391101 1 0.262500 0.412178 1 0.223438 0.416862 1 0.281250 0.447307 1 0.210938 0.461358 1 0.287500 0.484778 1 0.210938 0.501171 1 0.253125 0.489461 1 0.229687 0.489461 1 0.268750 0.538642 1 0.243750 0.538642 1 0.265625 0.590164 1 0.243750 0.604215 1
0 0.133656 0.460047 0.060062 0.215738 0.114062 0.379391 1 0.000000 0.000000 0 0.000000 0.000000 0 0.121875 0.372365 1 0.000000 0.000000 0 0.132812 0.398126 1 0.118750 0.402810 1 0.146875 0.428571 1 0.117188 0.440281 1 0.146875 0.454333 1 0.110937 0.463700 1 0.145313 0.459016 1 0.134375 0.459016 1 0.135937 0.503513 1 0.143750 0.498829 1 0.134375 0.548009 1 0.154688 0.536300 1
0 0.769984 0.352166 0.028406 0.057916 0.000000 0.000000 0 0.000000 0.000000 0 0.000000 0.000000 0 0.000000 0.000000 0 0.000000 0.000000 0 0.000000 0.000000 0 0.000000 0.000000 0 0.000000 0.000000 0 0.000000 0.000000 0 0.000000 0.000000 0 0.000000 0.000000 0 0.000000 0.000000 0 0.000000 0.000000 0 0.000000 0.000000 0 0.000000 0.000000 0 0.000000 0.000000 0 0.000000 0.000000 0
0 0.662891 0.621487 0.133188 0.543911 0.607812 0.440281 1 0.617188 0.430913 1 0.000000 0.000000 0 0.634375 0.407494 1 0.000000 0.000000 0 0.637500 0.470726 1 0.675000 0.466042 1 0.635938 0.552693 1 0.715625 0.522248 1 0.610938 0.618267 1 0.718750 0.587822 1 0.660937 0.615925 1 0.695312 0.620609 1 0.640625 0.744731 1 0.690625 0.747073 1 0.645312 0.817330 1 0.687500 0.840749 1
0 0.804898 0.442623 0.076609 0.262342 0.000000 0.000000 0 0.000000 0.000000 0 0.000000 0.000000 0 0.000000 0.000000 0 0.000000 0.000000 0 0.784375 0.360656 1 0.823438 0.351288 1 0.775000 0.400468 1 0.831250 0.402810 1 0.773438 0.426230 1 0.835938 0.435597 1 0.795312 0.440281 1 0.820312 0.440281 1 0.795312 0.484778 1 0.820312 0.496487 1 0.800000 0.517564 1 0.817187 0.557377 1
0 0.659805 0.325410 0.052641 0.141639 0.000000 0.000000 0 0.000000 0.000000 0 0.000000 0.000000 0 0.654687 0.271663 1 0.000000 0.000000 0 0.662500 0.292740 1 0.000000 0.000000 0 0.656250 0.323185 1 0.000000 0.000000 0 0.637500 0.323185 1 0.000000 0.000000 0 0.662500 0.367681 1 0.000000 0.000000 0 0.000000 0.000000 0 0.000000 0.000000 0 0.000000 0.000000 0 0.000000 0.000000 0
0 0.587516 0.371604 0.043313 0.113934 0.000000 0.000000 0 0.000000 0.000000 0 0.000000 0.000000 0 0.000000 0.000000 0 0.000000 0.000000 0 0.000000 0.000000 0 0.000000 0.000000 0 0.000000 0.000000 0 0.000000 0.000000 0 0.000000 0.000000 0 0.000000 0.000000 0 0.000000 0.000000 0 0.000000 0.000000 0 0.000000 0.000000 0 0.000000 0.000000 0 0.000000 0.000000 0 0.000000 0.000000 0
0 0.307547 0.412260 0.033406 0.216230 0.000000 0.000000 0 0.000000 0.000000 0 0.000000 0.000000 0 0.000000 0.000000 0 0.000000 0.000000 0 0.306250 0.341920 1 0.000000 0.000000 0 0.307812 0.377049 1 0.000000 0.000000 0 0.296875 0.400468 1 0.000000 0.000000 0 0.307812 0.402810 1 0.000000 0.000000 0 0.306250 0.447307 1 0.000000 0.000000 0 0.310937 0.496487 1 0.000000 0.000000 0
0 0.353031 0.388009 0.057969 0.173770 0.000000 0.000000 0 0.000000 0.000000 0 0.000000 0.000000 0 0.339062 0.318501 1 0.000000 0.000000 0 0.345313 0.332553 1 0.337500 0.337237 1 0.351562 0.360656 1 0.000000 0.000000 0 0.353125 0.384075 1 0.342187 0.388759 1 0.350000 0.384075 1 0.343750 0.386417 1 0.354687 0.412178 1 0.340625 0.419204 1 0.367188 0.451991 1 0.350000 0.456674 1
0 0.458625 0.380644 0.050563 0.087096 0.000000 0.000000 0 0.000000 0.000000 0 0.000000 0.000000 0 0.000000 0.000000 0 0.000000 0.000000 0 0.000000 0.000000 0 0.000000 0.000000 0 0.000000 0.000000 0 0.000000 0.000000 0 0.000000 0.000000 0 0.000000 0.000000 0 0.000000 0.000000 0 0.000000 0.000000 0 0.000000 0.000000 0 0.000000 0.000000 0 0.000000 0.000000 0 0.000000 0.000000 0
0 0.590078 0.275597 0.027656 0.048899 0.000000 0.000000 0 0.000000 0.000000 0 0.000000 0.000000 0 0.000000 0.000000 0 0.000000 0.000000 0 0.000000 0.000000 0 0.000000 0.000000 0 0.000000 0.000000 0 0.000000 0.000000 0 0.000000 0.000000 0 0.000000 0.000000 0 0.000000 0.000000 0 0.000000 0.000000 0 0.000000 0.000000 0 0.000000 0.000000 0 0.000000 0.000000 0 0.000000 0.000000 0
0 0.623062 0.315293 0.039313 0.097705 0.000000 0.000000 0 0.000000 0.000000 0 0.000000 0.000000 0 0.000000 0.000000 0 0.000000 0.000000 0 0.000000 0.000000 0 0.000000 0.000000 0 0.000000 0.000000 0 0.000000 0.000000 0 0.000000 0.000000 0 0.000000 0.000000 0 0.000000 0.000000 0 0.000000 0.000000 0 0.000000 0.000000 0 0.000000 0.000000 0 0.000000 0.000000 0 0.000000 0.000000 0