0 0.323547 0.299765 0.055875 0.155529 0.331250 0.272941 1 0.337500 0.263529 1 0.326562 0.263529 1 0.348438 0.270588 1 0.317188 0.272941 1 0.370312 0.331765 1 0.303125 0.329412 1 0.000000 0.000000 0 0.000000 0.000000 0 0.000000 0.000000 0 0.000000 0.000000 0 0.000000 0.000000 0 0.000000 0.000000 0 0.000000 0.000000 0 0.000000 0.000000 0 0.000000 0.000000 0 0.000000 0.000000 0
0 0.267117 0.541576 0.119391 0.552800 0.275000 0.320000 1 0.281250 0.310588 1 0.265625 0.310588 1 0.292187 0.315294 1 0.257812 0.315294 1 0.304688 0.378824 1 0.237500 0.376471 1 0.000000 0.000000 0 0.226562 0.456471 1 0.000000 0.000000 0 0.220312 0.531765 1 0.295312 0.538824 1 0.251563 0.538824 1 0.300000 0.649412 1 0.254688 0.647059 1 0.306250 0.764706 1 0.254688 0.764706 1
0 0.381281 0.557306 0.132812 0.584259 0.356250 0.329412 1 0.364063 0.322353 1 0.348438 0.322353 1 0.375000 0.327059 1 0.337500 0.329412 1 0.400000 0.383529 1 0.314063 0.400000 1 0.412500 0.468235 1 0.000000 0.000000 0 0.400000 0.567059 1 0.000000 0.000000 0 0.381250 0.548235 1 0.340625 0.548235 1 0.403125 0.684706 1 0.351562 0.658824 1 0.421875 0.797647 1 0.362500 0.776471 1
0 0.290727 0.263435 0.054016 0.123671 0.000000 0.000000 0 0.000000 0.000000 0 0.000000 0.000000 0 0.000000 0.000000 0 0.000000 0.000000 0 0.000000 0.000000 0 0.000000 0.000000 0 0.000000 0.000000 0 0.000000 0.000000 0 0.000000 0.000000 0 0.000000 0.000000 0 0.000000 0.000000 0 0.000000 0.000000 0 0.000000 0.000000 0 0.000000 0.000000 0 0.000000 0.000000 0 0.000000 0.000000 0
0 0.830445 0.528094 0.153703 0.647200 0.825000 0.284706 1 0.831250 0.268235 1 0.817187 0.268235 1 0.846875 0.275294 1 0.000000 0.000000 0 0.867188 0.352941 1 0.801562 0.338824 1 0.892188 0.451765 1 0.000000 0.000000 0 0.879687 0.550588 1 0.000000 0.000000 0 0.846875 0.548235 1 0.795312 0.545882 1 0.840625 0.668235 1 0.795312 0.665882 1 0.834375 0.785882 1 0.800000 0.767059 1
0 0.520547 0.519482 0.134375 0.602918 0.517188 0.275294 1 0.526563 0.263529 1 0.509375 0.265882 1 0.537500 0.270588 1 0.500000 0.270588 1 0.559375 0.343529 1 0.473438 0.338824 1 0.571875 0.416471 1 0.462500 0.425882 1 0.575000 0.487059 1 0.470313 0.465882 1 0.545312 0.505882 1 0.498437 0.501176 1 0.535937 0.649412 1 0.495312 0.644706 1 0.528125 0.767059 1 0.501563 0.778824 1
0 0.631234 0.547200 0.098500 0.573035 0.620313 0.334118 1 0.629687 0.324706 1 0.614062 0.324706 1 0.639062 0.329412 1 0.607812 0.331765 1 0.662500 0.383529 1 0.593750 0.383529 1 0.673438 0.470588 1 0.000000 0.000000 0 0.665625 0.564706 1 0.000000 0.000000 0 0.643750 0.541176 1 0.610938 0.543529 1 0.646875 0.675294 1 0.610938 0.680000 1 0.643750 0.774118 1 0.620313 0.769412 1
0 0.684211 0.499882 0.080109 0.566071 0.673438 0.277647 1 0.682813 0.261176 1 0.667188 0.258824 1 0.695312 0.275294 1 0.657813 0.272941 1 0.717187 0.329412 1 0.640625 0.334118 1 0.000000 0.000000 0 0.000000 0.000000 0 0.000000 0.000000 0 0.000000 0.000000 0 0.703125 0.527059 1 0.654687 0.529412 1 0.000000 0.000000 0 0.000000 0.000000 0 0.000000 0.000000 0 0.000000 0.000000 0
0 0.736961 0.530647 0.154547 0.666565 0.757812 0.261176 1 0.767188 0.251765 1 0.751563 0.251765 1 0.778125 0.265882 1 0.739062 0.263529 1 0.790625 0.348235 1 0.715625 0.334118 1 0.800000 0.451765 1 0.701562 0.402353 1 0.787500 0.555294 1 0.700000 0.458824 1 0.764062 0.550588 1 0.718750 0.543529 1 0.753125 0.661176 1 0.701562 0.661176 1 0.731250 0.795294 1 0.696875 0.818824 1
0 0.044312 0.352541 0.049594 0.191294 0.000000 0.000000 0 0.000000 0.000000 0 0.000000 0.000000 0 0.000000 0.000000 0 0.000000 0.000000 0 0.056250 0.296471 1 0.025000 0.298824 1 0.064062 0.317647 1 0.023438 0.322353 1 0.060937 0.343529 1 0.025000 0.348235 1 0.053125 0.355294 1 0.040625 0.357647 1 0.056250 0.395294 1 0.042188 0.395294 1 0.053125 0.430588 1 0.040625 0.432941 1
0 0.438258 0.500412 0.092109 0.574941 0.437500 0.265882 1 0.445312 0.256471 1 0.431250 0.256471 1 0.457813 0.263529 1 0.423438 0.263529 1 0.478125 0.336471 1 0.403125 0.336471 1 0.000000 0.000000 0 0.000000 0.000000 0 0.000000 0.000000 0 0.000000 0.000000 0 0.465625 0.491765 1 0.412500 0.491765 1 0.451562 0.637647 1 0.412500 0.642353 1 0.456250 0.745882 1 0.409375 0.757647 1
0 0.206680 0.483141 0.079078 0.539318 0.220312 0.265882 1 0.226562 0.254118 1 0.209375 0.256471 1 0.237500 0.265882 1 0.201563 0.268235 1 0.246875 0.324706 1 0.193750 0.331765 1 0.000000 0.000000 0 0.178125 0.416471 1 0.000000 0.000000 0 0.171875 0.444706 1 0.245312 0.501176 1 0.201563 0.505882 1 0.254688 0.616471 1 0.206250 0.618824 1 0.259375 0.705882 1 0.214062 0.722353 1
0 0.579727 0.299965 0.042422 0.196588 0.575000 0.258824 1 0.582812 0.247059 1 0.568750 0.247059 1 0.592187 0.261176 1 0.557813 0.261176 1 0.612500 0.320000 1 0.534375 0.320000 1 0.000000 0.000000 0 0.000000 0.000000 0 0.000000 0.000000 0 0.000000 0.000000 0 0.000000 0.000000 0 0.000000 0.000000 0 0.000000 0.000000 0 0.000000 0.000000 0 0.000000 0.000000 0 0.000000 0.000000 0