0 0.680141 0.592819 0.157500 0.327401 0.000000 0.000000 0 0.000000 0.000000 0 0.000000 0.000000 0 0.731250 0.489559 1 0.685937 0.487239 1 0.742188 0.480278 1 0.664062 0.508121 1 0.742188 0.554524 1 0.673438 0.621810 1 0.748437 0.552204 1 0.678125 0.700696 1 0.692187 0.568445 1 0.640625 0.552204 1 0.684375 0.684455 1 0.617188 0.656613 1 0.679688 0.791183 1 0.614062 0.728538 1
0 0.551000 0.523596 0.135844 0.271926 0.543750 0.466357 1 0.550000 0.457077 1 0.539062 0.457077 1 0.568750 0.440835 1 0.000000 0.000000 0 0.595313 0.480278 1 0.523438 0.473318 1 0.000000 0.000000 0 0.490625 0.517401 1 0.631250 0.519722 1 0.495312 0.596288 1 0.589063 0.600928 1 0.535937 0.598608 1 0.609375 0.645012 1 0.575000 0.624130 1 0.000000 0.000000 0 0.000000 0.000000 0
0 0.660383 0.454501 0.101641 0.186032 0.668750 0.419954 1 0.670312 0.406032 1 0.659375 0.410673 1 0.000000 0.000000 0 0.640625 0.415313 1 0.695312 0.431555 1 0.631250 0.466357 1 0.000000 0.000000 0 0.628125 0.554524 1 0.000000 0.000000 0 0.000000 0.000000 0 0.000000 0.000000 0 0.000000 0.000000 0 0.760938 0.607889 1 0.000000 0.000000 0 0.000000 0.000000 0 0.000000 0.000000 0
0 0.559453 0.375812 0.087844 0.151671 0.554688 0.348028 1 0.557813 0.338747 1 0.545312 0.343387 1 0.000000 0.000000 0 0.534375 0.343387 1 0.582812 0.368910 1 0.526563 0.387471 1 0.598437 0.422274 1 0.000000 0.000000 0 0.000000 0.000000 0 0.000000 0.000000 0 0.000000 0.000000 0 0.000000 0.000000 0 0.000000 0.000000 0 0.000000 0.000000 0 0.000000 0.000000 0 0.000000 0.000000 0
0 0.627625 0.368295 0.076250 0.192367 0.604688 0.329466 1 0.612500 0.317865 1 0.598437 0.322506 1 0.628125 0.310905 1 0.000000 0.000000 0 0.646875 0.373550 1 0.607812 0.364269 1 0.000000 0.000000 0 0.000000 0.000000 0 0.000000 0.000000 0 0.000000 0.000000 0 0.640625 0.494200 1 0.609375 0.484919 1 0.000000 0.000000 0 0.000000 0.000000 0 0.000000 0.000000 0 0.000000 0.000000 0
0 0.479070 0.445603 0.106234 0.233712 0.492188 0.399072 1 0.496875 0.392111 1 0.484375 0.392111 1 0.000000 0.000000 0 0.471875 0.373550 1 0.514062 0.408353 1 0.453125 0.408353 1 0.000000 0.000000 0 0.434375 0.484919 1 0.000000 0.000000 0 0.473438 0.494200 1 0.506250 0.503480 1 0.457813 0.503480 1 0.531250 0.540603 1 0.464062 0.545244 1 0.000000 0.000000 0 0.000000 0.000000 0
0 0.499141 0.322564 0.062656 0.115151 0.000000 0.000000 0 0.000000 0.000000 0 0.000000 0.000000 0 0.000000 0.000000 0 0.000000 0.000000 0 0.000000 0.000000 0 0.000000 0.000000 0 0.000000 0.000000 0 0.000000 0.000000 0 0.000000 0.000000 0 0.000000 0.000000 0 0.000000 0.000000 0 0.000000 0.000000 0 0.000000 0.000000 0 0.000000 0.000000 0 0.000000 0.000000 0 0.000000 0.000000 0
0 0.412914 0.392285 0.121516 0.251346 0.432812 0.324826 1 0.435937 0.310905 1 0.425000 0.315545 1 0.443750 0.310905 1 0.415625 0.320186 1 0.457813 0.354988 1 0.396875 0.357309 1 0.000000 0.000000 0 0.357812 0.389791 1 0.000000 0.000000 0 0.382812 0.452436 1 0.445312 0.454756 1 0.401562 0.461717 1 0.000000 0.000000 0 0.429688 0.494200 1 0.000000 0.000000 0 0.000000 0.000000 0
0 0.380648 0.334710 0.072672 0.214153 0.406250 0.266821 1 0.410938 0.257541 1 0.400000 0.259861 1 0.000000 0.000000 0 0.385937 0.266821 1 0.432812 0.313225 1 0.376563 0.313225 1 0.000000 0.000000 0 0.353125 0.306265 1 0.000000 0.000000 0 0.371875 0.262181 1 0.423438 0.433875 1 0.389062 0.433875 1 0.000000 0.000000 0 0.000000 0.000000 0 0.000000 0.000000 0 0.000000 0.000000 0
0 0.431297 0.239188 0.055531 0.080464 0.000000 0.000000 0 0.000000 0.000000 0 0.000000 0.000000 0 0.000000 0.000000 0 0.000000 0.000000 0 0.000000 0.000000 0 0.000000 0.000000 0 0.000000 0.000000 0 0.000000 0.000000 0 0.000000 0.000000 0 0.000000 0.000000 0 0.000000 0.000000 0 0.000000 0.000000 0 0.000000 0.000000 0 0.000000 0.000000 0 0.000000 0.000000 0 0.000000 0.000000 0
0 0.467227 0.285371 0.056359 0.132506 0.467187 0.264501 1 0.473438 0.252900 1 0.464062 0.250580 1 0.489063 0.255220 1 0.000000 0.000000 0 0.496875 0.285383 1 0.439063 0.299304 1 0.000000 0.000000 0 0.000000 0.000000 0 0.000000 0.000000 0 0.000000 0.000000 0 0.484375 0.366589 1 0.451562 0.382831 1 0.000000 0.000000 0 0.000000 0.000000 0 0.000000 0.000000 0 0.000000 0.000000 0
0 0.314836 0.280858 0.054672 0.091555 0.000000 0.000000 0 0.000000 0.000000 0 0.000000 0.000000 0 0.000000 0.000000 0 0.000000 0.000000 0 0.000000 0.000000 0 0.000000 0.000000 0 0.000000 0.000000 0 0.000000 0.000000 0 0.000000 0.000000 0 0.000000 0.000000 0 0.000000 0.000000 0 0.000000 0.000000 0 0.000000 0.000000 0 0.000000 0.000000 0 0.000000 0.000000 0 0.000000 0.000000 0
0 0.327992 0.307239 0.098109 0.202135 0.000000 0.000000 0 0.000000 0.000000 0 0.000000 0.000000 0 0.000000 0.000000 0 0.343750 0.248260 1 0.370312 0.283063 1 0.326562 0.283063 1 0.000000 0.000000 0 0.307812 0.327146 1 0.000000 0.000000 0 0.293750 0.338747 1 0.364063 0.375870 1 0.326562 0.378190 1 0.000000 0.000000 0 0.000000 0.000000 0 0.000000 0.000000 0 0.000000 0.000000 0