0 0.826187 0.493792 0.142219 0.659125 0.785937 0.262500 1 0.789062 0.252083 1 0.000000 0.000000 0 0.810937 0.256250 1 0.000000 0.000000 0 0.795312 0.325000 1 0.870313 0.291667 1 0.787500 0.447917 1 0.871875 0.245833 1 0.781250 0.518750 1 0.840625 0.202083 1 0.828125 0.491667 1 0.875000 0.479167 1 0.790625 0.647917 1 0.860938 0.643750 1 0.795312 0.779167 1 0.846875 0.789583 1
0 0.381758 0.519146 0.283797 0.693708 0.000000 0.000000 0 0.000000 0.000000 0 0.000000 0.000000 0 0.340625 0.222917 1 0.381250 0.229167 1 0.298438 0.310417 1 0.396875 0.291667 1 0.278125 0.433333 1 0.434375 0.370833 1 0.273438 0.518750 1 0.481250 0.343750 1 0.315625 0.493750 1 0.373437 0.489583 1 0.296875 0.652083 1 0.364063 0.654167 1 0.273438 0.831250 1 0.364063 0.831250 1
0 0.458609 0.496625 0.312500 0.668917 0.000000 0.000000 0 0.000000 0.000000 0 0.000000 0.000000 0 0.428125 0.222917 1 0.459375 0.225000 1 0.426563 0.304167 1 0.498437 0.293750 1 0.410938 0.397917 1 0.568750 0.347917 1 0.335938 0.414583 1 0.603125 0.335417 1 0.443750 0.508333 1 0.493750 0.508333 1 0.445312 0.643750 1 0.495312 0.643750 1 0.454688 0.820833 1 0.496875 0.812500 1
0 0.140734 0.485396 0.146625 0.593250 0.170313 0.268750 1 0.175000 0.258333 1 0.159375 0.258333 1 0.162500 0.245833 1 0.140625 0.247917 1 0.187500 0.295833 1 0.107813 0.285417 1 0.200000 0.377083 1 0.104688 0.354167 1 0.185938 0.314583 1 0.142187 0.291667 1 0.167187 0.456250 1 0.114062 0.445833 1 0.165625 0.591667 1 0.098437 0.595833 1 0.170313 0.722917 1 0.089063 0.718750 1
0 0.722328 0.292760 0.053375 0.091187 0.000000 0.000000 0 0.000000 0.000000 0 0.000000 0.000000 0 0.000000 0.000000 0 0.000000 0.000000 0 0.000000 0.000000 0 0.000000 0.000000 0 0.000000 0.000000 0 0.000000 0.000000 0 0.000000 0.000000 0 0.000000 0.000000 0 0.000000 0.000000 0 0.000000 0.000000 0 0.000000 0.000000 0 0.000000 0.000000 0 0.000000 0.000000 0 0.000000 0.000000 0
0 0.049867 0.266906 0.051547 0.182229 0.053125 0.195833 1 0.056250 0.191667 1 0.050000 0.191667 1 0.000000 0.000000 0 0.000000 0.000000 0 0.059375 0.214583 1 0.048438 0.210417 1 0.065625 0.243750 1 0.000000 0.000000 0 0.064062 0.262500 1 0.000000 0.000000 0 0.056250 0.262500 1 0.046875 0.262500 1 0.064062 0.304167 1 0.048438 0.306250 1 0.071875 0.335417 1 0.048438 0.337500 1
0 0.972461 0.343677 0.055078 0.315562 0.000000 0.000000 0 0.000000 0.000000 0 0.000000 0.000000 0 0.000000 0.000000 0 0.000000 0.000000 0 0.000000 0.000000 0 0.992188 0.237500 1 0.000000 0.000000 0 0.953125 0.281250 1 0.000000 0.000000 0 0.981250 0.220833 1 0.000000 0.000000 0 0.993750 0.389583 1 0.000000 0.000000 0 0.979688 0.529167 1 0.000000 0.000000 0 0.959375 0.643750 1
0 0.525617 0.499385 0.203609 0.666438 0.000000 0.000000 0 0.521875 0.218750 1 0.000000 0.000000 0 0.537500 0.225000 1 0.000000 0.000000 0 0.557813 0.279167 1 0.592187 0.281250 1 0.540625 0.297917 1 0.000000 0.000000 0 0.470313 0.277083 1 0.000000 0.000000 0 0.564063 0.472917 1 0.615625 0.466667 1 0.568750 0.641667 1 0.000000 0.000000 0 0.596875 0.795833 1 0.000000 0.000000 0
0 0.679711 0.142281 0.027766 0.063229 0.000000 0.000000 0 0.000000 0.000000 0 0.000000 0.000000 0 0.000000 0.000000 0 0.000000 0.000000 0 0.000000 0.000000 0 0.000000 0.000000 0 0.000000 0.000000 0 0.000000 0.000000 0 0.000000 0.000000 0 0.000000 0.000000 0 0.000000 0.000000 0 0.000000 0.000000 0 0.000000 0.000000 0 0.000000 0.000000 0 0.000000 0.000000 0 0.000000 0.000000 0
0 0.657500 0.134052 0.028000 0.049729 0.000000 0.000000 0 0.000000 0.000000 0 0.000000 0.000000 0 0.000000 0.000000 0 0.000000 0.000000 0 0.000000 0.000000 0 0.000000 0.000000 0 0.000000 0.000000 0 0.000000 0.000000 0 0.000000 0.000000 0 0.000000 0.000000 0 0.000000 0.000000 0 0.000000 0.000000 0 0.000000 0.000000 0 0.000000 0.000000 0 0.000000 0.000000 0 0.000000 0.000000 0
0 0.632922 0.137354 0.020844 0.035583 0.000000 0.000000 0 0.000000 0.000000 0 0.000000 0.000000 0 0.000000 0.000000 0 0.000000 0.000000 0 0.000000 0.000000 0 0.000000 0.000000 0 0.000000 0.000000 0 0.000000 0.000000 0 0.000000 0.000000 0 0.000000 0.000000 0 0.000000 0.000000 0 0.000000 0.000000 0 0.000000 0.000000 0 0.000000 0.000000 0 0.000000 0.000000 0 0.000000 0.000000 0
0 0.921273 0.170823 0.040078 0.064729 0.000000 0.000000 0 0.000000 0.000000 0 0.000000 0.000000 0 0.000000 0.000000 0 0.000000 0.000000 0 0.000000 0.000000 0 0.000000 0.000000 0 0.000000 0.000000 0 0.000000 0.000000 0 0.000000 0.000000 0 0.000000 0.000000 0 0.000000 0.000000 0 0.000000 0.000000 0 0.000000 0.000000 0 0.000000 0.000000 0 0.000000 0.000000 0 0.000000 0.000000 0
0 0.327016 0.240781 0.021250 0.036687 0.000000 0.000000 0 0.000000 0.000000 0 0.000000 0.000000 0 0.000000 0.000000 0 0.000000 0.000000 0 0.000000 0.000000 0 0.000000 0.000000 0 0.000000 0.000000 0 0.000000 0.000000 0 0.000000 0.000000 0 0.000000 0.000000 0 0.000000 0.000000 0 0.000000 0.000000 0 0.000000 0.000000 0 0.000000 0.000000 0 0.000000 0.000000 0 0.000000 0.000000 0