0 0.496352 0.361615 0.244391 0.723229 0.000000 0.000000 0 0.000000 0.000000 0 0.000000 0.000000 0 0.000000 0.000000 0 0.000000 0.000000 0 0.437500 0.070833 1 0.535937 0.083333 1 0.406250 0.214583 1 0.559375 0.245833 1 0.392188 0.314583 1 0.590625 0.356250 1 0.432812 0.329167 1 0.500000 0.327083 1 0.468750 0.470833 1 0.490625 0.522917 1 0.000000 0.000000 0 0.467187 0.668750 1
0 0.931063 0.101333 0.120844 0.201625 0.910937 0.037500 1 0.920312 0.029167 1 0.910937 0.029167 1 0.939063 0.025000 1 0.000000 0.000000 0 0.960938 0.072917 1 0.903125 0.072917 1 0.979688 0.133333 1 0.892188 0.150000 1 0.953125 0.187500 1 0.890625 0.204167 1 0.950000 0.187500 1 0.918750 0.187500 1 0.000000 0.000000 0 0.000000 0.000000 0 0.000000 0.000000 0 0.000000 0.000000 0
0 0.798547 0.279927 0.079219 0.263104 0.000000 0.000000 0 0.000000 0.000000 0 0.000000 0.000000 0 0.806250 0.175000 1 0.000000 0.000000 0 0.803125 0.214583 1 0.817187 0.210417 1 0.795312 0.243750 1 0.000000 0.000000 0 0.779687 0.250000 1 0.000000 0.000000 0 0.803125 0.283333 1 0.818750 0.283333 1 0.803125 0.335417 1 0.787500 0.322917 1 0.810937 0.385417 1 0.784375 0.377083 1
0 0.743398 0.204760 0.117141 0.342187 0.756250 0.068750 1 0.759375 0.062500 1 0.750000 0.062500 1 0.000000 0.000000 0 0.735938 0.066667 1 0.768750 0.118750 1 0.712500 0.112500 1 0.789062 0.156250 1 0.693750 0.160417 1 0.784375 0.187500 1 0.693750 0.152083 1 0.745313 0.212500 1 0.720313 0.206250 1 0.723437 0.272917 1 0.717187 0.283333 1 0.715625 0.366667 1 0.734375 0.343750 1
0 0.677586 0.149260 0.060672 0.255312 0.662500 0.043750 1 0.668750 0.037500 1 0.662500 0.037500 1 0.678125 0.043750 1 0.000000 0.000000 0 0.690625 0.070833 1 0.657813 0.066667 1 0.000000 0.000000 0 0.000000 0.000000 0 0.000000 0.000000 0 0.000000 0.000000 0 0.676562 0.137500 1 0.653125 0.135417 1 0.668750 0.195833 1 0.654687 0.200000 1 0.665625 0.254167 1 0.000000 0.000000 0
0 0.582516 0.100167 0.044344 0.181000 0.578125 0.035417 1 0.582812 0.031250 1 0.575000 0.029167 1 0.589063 0.033333 1 0.570312 0.031250 1 0.595313 0.062500 1 0.564063 0.060417 1 0.596875 0.106250 1 0.000000 0.000000 0 0.589063 0.141667 1 0.000000 0.000000 0 0.581250 0.139583 1 0.000000 0.000000 0 0.576562 0.197917 1 0.000000 0.000000 0 0.000000 0.000000 0 0.000000 0.000000 0
0 0.808211 0.099573 0.058734 0.116104 0.000000 0.000000 0 0.000000 0.000000 0 0.000000 0.000000 0 0.000000 0.000000 0 0.000000 0.000000 0 0.000000 0.000000 0 0.000000 0.000000 0 0.000000 0.000000 0 0.000000 0.000000 0 0.000000 0.000000 0 0.000000 0.000000 0 0.000000 0.000000 0 0.000000 0.000000 0 0.000000 0.000000 0 0.000000 0.000000 0 0.000000 0.000000 0 0.000000 0.000000 0
0 0.838703 0.105438 0.039594 0.116667 0.000000 0.000000 0 0.000000 0.000000 0 0.000000 0.000000 0 0.000000 0.000000 0 0.000000 0.000000 0 0.000000 0.000000 0 0.000000 0.000000 0 0.000000 0.000000 0 0.000000 0.000000 0 0.000000 0.000000 0 0.000000 0.000000 0 0.000000 0.000000 0 0.000000 0.000000 0 0.000000 0.000000 0 0.000000 0.000000 0 0.000000 0.000000 0 0.000000 0.000000 0
0 0.987195 0.112469 0.025609 0.145688 0.000000 0.000000 0 0.000000 0.000000 0 0.000000 0.000000 0 0.000000 0.000000 0 0.000000 0.000000 0 0.000000 0.000000 0 0.000000 0.000000 0 0.000000 0.000000 0 0.000000 0.000000 0 0.000000 0.000000 0 0.000000 0.000000 0 0.000000 0.000000 0 0.000000 0.000000 0 0.000000 0.000000 0 0.000000 0.000000 0 0.000000 0.000000 0 0.000000 0.000000 0
0 0.885219 0.107104 0.047656 0.172625 0.000000 0.000000 0 0.000000 0.000000 0 0.000000 0.000000 0 0.000000 0.000000 0 0.000000 0.000000 0 0.000000 0.000000 0 0.000000 0.000000 0 0.000000 0.000000 0 0.000000 0.000000 0 0.000000 0.000000 0 0.000000 0.000000 0 0.000000 0.000000 0 0.000000 0.000000 0 0.000000 0.000000 0 0.000000 0.000000 0 0.000000 0.000000 0 0.000000 0.000000 0
0 0.858234 0.092823 0.017781 0.071938 0.000000 0.000000 0 0.000000 0.000000 0 0.000000 0.000000 0 0.000000 0.000000 0 0.000000 0.000000 0 0.000000 0.000000 0 0.000000 0.000000 0 0.000000 0.000000 0 0.000000 0.000000 0 0.000000 0.000000 0 0.000000 0.000000 0 0.000000 0.000000 0 0.000000 0.000000 0 0.000000 0.000000 0 0.000000 0.000000 0 0.000000 0.000000 0 0.000000 0.000000 0
0 0.610492 0.131781 0.042328 0.213938 0.000000 0.000000 0 0.000000 0.000000 0 0.000000 0.000000 0 0.598437 0.039583 1 0.614062 0.041667 1 0.595313 0.056250 1 0.618750 0.060417 1 0.000000 0.000000 0 0.628125 0.097917 1 0.000000 0.000000 0 0.623437 0.122917 1 0.000000 0.000000 0 0.607812 0.125000 1 0.000000 0.000000 0 0.610938 0.166667 1 0.000000 0.000000 0 0.600000 0.204167 1
0 0.313055 0.075333 0.011797 0.021417 0.000000 0.000000 0 0.000000 0.000000 0 0.000000 0.000000 0 0.000000 0.000000 0 0.000000 0.000000 0 0.000000 0.000000 0 0.000000 0.000000 0 0.000000 0.000000 0 0.000000 0.000000 0 0.000000 0.000000 0 0.000000 0.000000 0 0.000000 0.000000 0 0.000000 0.000000 0 0.000000 0.000000 0 0.000000 0.000000 0 0.000000 0.000000 0 0.000000 0.000000 0