0 0.390383 0.483600 0.107297 0.199671 0.000000 0.000000 0 0.000000 0.000000 0 0.000000 0.000000 0 0.382812 0.390588 1 0.395313 0.397647 1 0.376563 0.400000 1 0.410938 0.416471 1 0.343750 0.395294 1 0.434375 0.449412 1 0.343750 0.407059 1 0.434375 0.458824 1 0.373437 0.451765 1 0.398438 0.449412 1 0.368750 0.501176 1 0.418750 0.489412 1 0.348438 0.560000 1 0.410938 0.555294 1
0 0.870102 0.460965 0.110109 0.276706 0.000000 0.000000 0 0.000000 0.000000 0 0.000000 0.000000 0 0.873437 0.341176 1 0.000000 0.000000 0 0.882812 0.360000 1 0.889062 0.357647 1 0.850000 0.362353 1 0.875000 0.383529 1 0.831250 0.343529 1 0.856250 0.364706 1 0.903125 0.444706 1 0.909375 0.444706 1 0.860938 0.501176 1 0.867188 0.498824 1 0.878125 0.576471 1 0.881250 0.560000 1
0 0.544609 0.444929 0.105000 0.198141 0.000000 0.000000 0 0.000000 0.000000 0 0.000000 0.000000 0 0.000000 0.000000 0 0.000000 0.000000 0 0.542188 0.362353 1 0.573438 0.376471 1 0.517188 0.381176 1 0.592187 0.428235 1 0.500000 0.383529 1 0.581250 0.449412 1 0.551562 0.451765 1 0.575000 0.454118 1 0.535937 0.475294 1 0.585938 0.470588 1 0.525000 0.538824 1 0.584375 0.534118 1
0 0.075781 0.526941 0.074500 0.322494 0.064062 0.444706 1 0.065625 0.437647 1 0.000000 0.000000 0 0.076563 0.432941 1 0.000000 0.000000 0 0.092188 0.437647 1 0.067187 0.458824 1 0.104688 0.416471 1 0.000000 0.000000 0 0.093750 0.385882 1 0.000000 0.000000 0 0.084375 0.522353 1 0.059375 0.524706 1 0.076563 0.590588 1 0.048438 0.583529 1 0.073438 0.651765 1 0.050000 0.642353 1
0 0.111187 0.585012 0.054125 0.238024 0.114062 0.487059 1 0.118750 0.482353 1 0.109375 0.482353 1 0.125000 0.487059 1 0.104688 0.487059 1 0.125000 0.503529 1 0.101562 0.505882 1 0.128125 0.531765 1 0.089063 0.524706 1 0.120313 0.512941 1 0.106250 0.508235 1 0.121875 0.560000 1 0.103125 0.562353 1 0.115625 0.630588 1 0.101562 0.628235 1 0.115625 0.677647 1 0.095312 0.687059 1
0 0.275945 0.529694 0.039297 0.062165 0.000000 0.000000 0 0.000000 0.000000 0 0.000000 0.000000 0 0.000000 0.000000 0 0.000000 0.000000 0 0.000000 0.000000 0 0.000000 0.000000 0 0.000000 0.000000 0 0.000000 0.000000 0 0.000000 0.000000 0 0.000000 0.000000 0 0.000000 0.000000 0 0.000000 0.000000 0 0.000000 0.000000 0 0.000000 0.000000 0 0.000000 0.000000 0 0.000000 0.000000 0
0 0.304133 0.507153 0.044578 0.112988 0.000000 0.000000 0 0.000000 0.000000 0 0.000000 0.000000 0 0.000000 0.000000 0 0.000000 0.000000 0 0.000000 0.000000 0 0.000000 0.000000 0 0.000000 0.000000 0 0.000000 0.000000 0 0.000000 0.000000 0 0.000000 0.000000 0 0.000000 0.000000 0 0.000000 0.000000 0 0.000000 0.000000 0 0.000000 0.000000 0 0.000000 0.000000 0 0.000000 0.000000 0
0 0.475656 0.532788 0.043063 0.059506 0.000000 0.000000 0 0.000000 0.000000 0 0.000000 0.000000 0 0.000000 0.000000 0 0.000000 0.000000 0 0.000000 0.000000 0 0.000000 0.000000 0 0.000000 0.000000 0 0.000000 0.000000 0 0.000000 0.000000 0 0.000000 0.000000 0 0.000000 0.000000 0 0.000000 0.000000 0 0.000000 0.000000 0 0.000000 0.000000 0 0.000000 0.000000 0 0.000000 0.000000 0
0 0.556312 0.528341 0.031219 0.057953 0.000000 0.000000 0 0.000000 0.000000 0 0.000000 0.000000 0 0.000000 0.000000 0 0.000000 0.000000 0 0.000000 0.000000 0 0.000000 0.000000 0 0.000000 0.000000 0 0.000000 0.000000 0 0.000000 0.000000 0 0.000000 0.000000 0 0.000000 0.000000 0 0.000000 0.000000 0 0.000000 0.000000 0 0.000000 0.000000 0 0.000000 0.000000 0 0.000000 0.000000 0
0 0.208758 0.465565 0.103391 0.263459 0.000000 0.000000 0 0.000000 0.000000 0 0.000000 0.000000 0 0.000000 0.000000 0 0.000000 0.000000 0 0.214062 0.369412 1 0.237500 0.378824 1 0.192188 0.360000 1 0.250000 0.407059 1 0.170313 0.352941 1 0.000000 0.000000 0 0.221875 0.451765 1 0.240625 0.461176 1 0.196875 0.512941 1 0.251563 0.515294 1 0.179688 0.571765 1 0.220312 0.574118 1
0 0.192531 0.485035 0.020969 0.037553 0.000000 0.000000 0 0.000000 0.000000 0 0.000000 0.000000 0 0.000000 0.000000 0 0.000000 0.000000 0 0.000000 0.000000 0 0.000000 0.000000 0 0.000000 0.000000 0 0.000000 0.000000 0 0.000000 0.000000 0 0.000000 0.000000 0 0.000000 0.000000 0 0.000000 0.000000 0 0.000000 0.000000 0 0.000000 0.000000 0 0.000000 0.000000 0 0.000000 0.000000 0
0 0.441352 0.532871 0.037734 0.058118 0.000000 0.000000 0 0.000000 0.000000 0 0.000000 0.000000 0 0.000000 0.000000 0 0.000000 0.000000 0 0.000000 0.000000 0 0.000000 0.000000 0 0.000000 0.000000 0 0.000000 0.000000 0 0.000000 0.000000 0 0.000000 0.000000 0 0.000000 0.000000 0 0.000000 0.000000 0 0.000000 0.000000 0 0.000000 0.000000 0 0.000000 0.000000 0 0.000000 0.000000 0
0 0.690305 0.419306 0.135891 0.241953 0.000000 0.000000 0 0.000000 0.000000 0 0.000000 0.000000 0 0.000000 0.000000 0 0.000000 0.000000 0 0.700000 0.324706 1 0.725000 0.327059 1 0.673438 0.331765 1 0.000000 0.000000 0 0.643750 0.345882 1 0.000000 0.000000 0 0.723437 0.400000 1 0.745313 0.402353 1 0.693750 0.451765 1 0.735938 0.440000 1 0.681250 0.517647 1 0.735938 0.505882 1