0 0.434125 0.721194 0.216625 0.555972 0.426563 0.501171 1 0.426563 0.487119 1 0.414062 0.496487 1 0.000000 0.000000 0 0.381250 0.510539 1 0.451562 0.576112 1 0.350000 0.641686 1 0.482812 0.690867 1 0.359375 0.777518 1 0.509375 0.800937 1 0.389062 0.913349 1 0.489063 0.826698 1 0.406250 0.878220 1 0.000000 0.000000 0 0.000000 0.000000 0 0.000000 0.000000 0 0.000000 0.000000 0
0 0.199906 0.695035 0.226812 0.609930 0.000000 0.000000 0 0.000000 0.000000 0 0.000000 0.000000 0 0.000000 0.000000 0 0.167187 0.456674 1 0.096875 0.608899 1 0.193750 0.571429 1 0.000000 0.000000 0 0.240625 0.754098 1 0.000000 0.000000 0 0.275000 0.913349 1 0.000000 0.000000 0 0.245312 0.957845 1 0.000000 0.000000 0 0.000000 0.000000 0 0.000000 0.000000 0 0.000000 0.000000 0
0 0.314852 0.624719 0.077953 0.292155 0.000000 0.000000 0 0.000000 0.000000 0 0.000000 0.000000 0 0.287500 0.510539 1 0.310937 0.503513 1 0.287500 0.545667 1 0.325000 0.522248 1 0.000000 0.000000 0 0.353125 0.562061 1 0.000000 0.000000 0 0.000000 0.000000 0 0.317188 0.622951 1 0.345313 0.604215 1 0.329688 0.718970 1 0.000000 0.000000 0 0.000000 0.000000 0 0.000000 0.000000 0
0 0.552055 0.535738 0.056234 0.238314 0.000000 0.000000 0 0.000000 0.000000 0 0.000000 0.000000 0 0.000000 0.000000 0 0.539062 0.433255 1 0.526563 0.463700 1 0.534375 0.463700 1 0.000000 0.000000 0 0.550000 0.505855 1 0.000000 0.000000 0 0.562500 0.503513 1 0.537500 0.522248 1 0.550000 0.522248 1 0.546875 0.573770 1 0.557813 0.576112 1 0.548438 0.627635 1 0.559375 0.627635 1
0 0.268383 0.728934 0.145641 0.542131 0.254688 0.512881 1 0.000000 0.000000 0 0.245312 0.503513 1 0.000000 0.000000 0 0.225000 0.526932 1 0.000000 0.000000 0 0.000000 0.000000 0 0.000000 0.000000 0 0.000000 0.000000 0 0.000000 0.000000 0 0.000000 0.000000 0 0.000000 0.000000 0 0.000000 0.000000 0 0.000000 0.000000 0 0.000000 0.000000 0 0.000000 0.000000 0 0.000000 0.000000 0
0 0.521344 0.534192 0.046719 0.227073 0.520312 0.435597 1 0.000000 0.000000 0 0.517188 0.430913 1 0.000000 0.000000 0 0.509375 0.437939 1 0.518750 0.461358 1 0.504687 0.466042 1 0.000000 0.000000 0 0.512500 0.503513 1 0.000000 0.000000 0 0.521875 0.548009 1 0.532813 0.536300 1 0.523438 0.533958 1 0.537500 0.587822 1 0.523438 0.587822 1 0.537500 0.627635 1 0.523438 0.632319 1
0 0.642477 0.355562 0.046141 0.108642 0.000000 0.000000 0 0.000000 0.000000 0 0.000000 0.000000 0 0.000000 0.000000 0 0.000000 0.000000 0 0.000000 0.000000 0 0.000000 0.000000 0 0.000000 0.000000 0 0.000000 0.000000 0 0.000000 0.000000 0 0.000000 0.000000 0 0.000000 0.000000 0 0.000000 0.000000 0 0.000000 0.000000 0 0.000000 0.000000 0 0.000000 0.000000 0 0.000000 0.000000 0
0 0.351047 0.515539 0.041531 0.113794 0.000000 0.000000 0 0.000000 0.000000 0 0.000000 0.000000 0 0.000000 0.000000 0 0.000000 0.000000 0 0.000000 0.000000 0 0.000000 0.000000 0 0.000000 0.000000 0 0.000000 0.000000 0 0.000000 0.000000 0 0.000000 0.000000 0 0.000000 0.000000 0 0.000000 0.000000 0 0.000000 0.000000 0 0.000000 0.000000 0 0.000000 0.000000 0 0.000000 0.000000 0
0 0.682117 0.330703 0.048328 0.159204 0.696875 0.271663 1 0.000000 0.000000 0 0.692187 0.269321 1 0.000000 0.000000 0 0.681250 0.274005 1 0.690625 0.302108 1 0.676562 0.306792 1 0.000000 0.000000 0 0.668750 0.351288 1 0.000000 0.000000 0 0.667188 0.388759 1 0.690625 0.381733 1 0.679688 0.391101 1 0.000000 0.000000 0 0.000000 0.000000 0 0.000000 0.000000 0 0.000000 0.000000 0
0 0.505219 0.556686 0.064531 0.236838 0.496875 0.456674 1 0.000000 0.000000 0 0.495312 0.451991 1 0.000000 0.000000 0 0.485938 0.456674 1 0.482812 0.477752 1 0.485938 0.484778 1 0.000000 0.000000 0 0.492188 0.524590 1 0.000000 0.000000 0 0.504687 0.536300 1 0.492188 0.548009 1 0.495312 0.552693 1 0.495312 0.601874 1 0.507812 0.604215 1 0.500000 0.632319 1 0.509375 0.644028 1
0 0.323852 0.494590 0.024797 0.041358 0.000000 0.000000 0 0.000000 0.000000 0 0.000000 0.000000 0 0.000000 0.000000 0 0.000000 0.000000 0 0.000000 0.000000 0 0.000000 0.000000 0 0.000000 0.000000 0 0.000000 0.000000 0 0.000000 0.000000 0 0.000000 0.000000 0 0.000000 0.000000 0 0.000000 0.000000 0 0.000000 0.000000 0 0.000000 0.000000 0 0.000000 0.000000 0 0.000000 0.000000 0
0 0.457297 0.508794 0.039125 0.124988 0.000000 0.000000 0 0.000000 0.000000 0 0.000000 0.000000 0 0.000000 0.000000 0 0.000000 0.000000 0 0.000000 0.000000 0 0.000000 0.000000 0 0.000000 0.000000 0 0.000000 0.000000 0 0.000000 0.000000 0 0.000000 0.000000 0 0.000000 0.000000 0 0.000000 0.000000 0 0.000000 0.000000 0 0.000000 0.000000 0 0.000000 0.000000 0 0.000000 0.000000 0
0 0.059898 0.763197 0.119297 0.472155 0.000000 0.000000 0 0.000000 0.000000 0 0.000000 0.000000 0 0.000000 0.000000 0 0.018750 0.564403 1 0.000000 0.000000 0 0.026562 0.606557 1 0.000000 0.000000 0 0.060937 0.672131 1 0.000000 0.000000 0 0.000000 0.000000 0 0.014063 0.798595 1 0.051562 0.777518 1 0.048438 0.878220 1 0.081250 0.864169 1 0.068750 0.988290 1 0.090625 0.960187 1