0 0.686219 0.630246 0.263969 0.739508 0.676562 0.341920 1 0.692187 0.320843 1 0.671875 0.318501 1 0.726562 0.348946 1 0.000000 0.000000 0 0.712500 0.449649 1 0.743750 0.430913 1 0.665625 0.576112 1 0.000000 0.000000 0 0.593750 0.676815 1 0.000000 0.000000 0 0.745313 0.716628 1 0.721875 0.690867 1 0.654687 0.880562 1 0.631250 0.749415 1 0.000000 0.000000 0 0.650000 0.941452 1
0 0.234508 0.637646 0.228078 0.638009 0.184375 0.386417 1 0.190625 0.377049 1 0.176563 0.377049 1 0.198437 0.391101 1 0.160938 0.388759 1 0.228125 0.454333 1 0.143750 0.461358 1 0.262500 0.519906 1 0.139063 0.557377 1 0.303125 0.569087 1 0.134375 0.648712 1 0.206250 0.606557 1 0.165625 0.608899 1 0.209375 0.763466 1 0.159375 0.754098 1 0.209375 0.901639 1 0.175000 0.859485 1
0 0.026453 0.553009 0.052094 0.285878 0.000000 0.000000 0 0.000000 0.000000 0 0.000000 0.000000 0 0.000000 0.000000 0 0.000000 0.000000 0 0.000000 0.000000 0 0.023438 0.456674 1 0.000000 0.000000 0 0.000000 0.000000 0 0.000000 0.000000 0 0.000000 0.000000 0 0.004687 0.644028 1 0.035937 0.634660 1 0.000000 0.000000 0 0.000000 0.000000 0 0.000000 0.000000 0 0.000000 0.000000 0
0 0.056859 0.539555 0.085656 0.432037 0.012500 0.379391 1 0.017188 0.358314 1 0.000000 0.000000 0 0.031250 0.365340 1 0.000000 0.000000 0 0.032813 0.416862 1 0.059375 0.402810 1 0.015625 0.470726 1 0.000000 0.000000 0 0.000000 0.000000 0 0.000000 0.000000 0 0.060937 0.526932 1 0.082812 0.519906 1 0.053125 0.622951 1 0.000000 0.000000 0 0.062500 0.709602 1 0.000000 0.000000 0
0 0.534664 0.592892 0.177734 0.473794 0.535937 0.412178 1 0.537500 0.402810 1 0.000000 0.000000 0 0.553125 0.407494 1 0.000000 0.000000 0 0.543750 0.484778 1 0.595313 0.463700 1 0.514062 0.543326 1 0.571875 0.540984 1 0.468750 0.590164 1 0.535937 0.583138 1 0.567187 0.615925 1 0.609375 0.611241 1 0.493750 0.674473 1 0.546875 0.711944 1 0.509375 0.812646 1 0.578125 0.826698 1
0 0.775297 0.386639 0.057594 0.159508 0.000000 0.000000 0 0.000000 0.000000 0 0.000000 0.000000 0 0.000000 0.000000 0 0.000000 0.000000 0 0.000000 0.000000 0 0.000000 0.000000 0 0.000000 0.000000 0 0.000000 0.000000 0 0.000000 0.000000 0 0.000000 0.000000 0 0.000000 0.000000 0 0.000000 0.000000 0 0.000000 0.000000 0 0.000000 0.000000 0 0.000000 0.000000 0 0.000000 0.000000 0
0 0.917812 0.410585 0.045688 0.137424 0.000000 0.000000 0 0.000000 0.000000 0 0.000000 0.000000 0 0.000000 0.000000 0 0.000000 0.000000 0 0.000000 0.000000 0 0.000000 0.000000 0 0.000000 0.000000 0 0.000000 0.000000 0 0.000000 0.000000 0 0.000000 0.000000 0 0.000000 0.000000 0 0.000000 0.000000 0 0.000000 0.000000 0 0.000000 0.000000 0 0.000000 0.000000 0 0.000000 0.000000 0
0 0.869914 0.432471 0.038766 0.201710 0.878125 0.346604 1 0.878125 0.341920 1 0.875000 0.341920 1 0.000000 0.000000 0 0.867188 0.348946 1 0.876563 0.377049 1 0.862500 0.374707 1 0.000000 0.000000 0 0.856250 0.409836 1 0.000000 0.000000 0 0.856250 0.437939 1 0.879687 0.433255 1 0.870313 0.437939 1 0.878125 0.482436 1 0.876563 0.480094 1 0.867188 0.512881 1 0.865625 0.517564 1
0 0.380625 0.494965 0.073000 0.310679 0.392188 0.365340 1 0.393750 0.358314 1 0.387500 0.358314 1 0.000000 0.000000 0 0.376563 0.365340 1 0.396875 0.400468 1 0.370312 0.402810 1 0.000000 0.000000 0 0.370312 0.449649 1 0.000000 0.000000 0 0.390625 0.477752 1 0.395313 0.498829 1 0.381250 0.496487 1 0.400000 0.569087 1 0.382812 0.564403 1 0.398438 0.637002 1 0.350000 0.597190 1
0 0.312969 0.455820 0.063187 0.198899 0.293750 0.374707 1 0.295312 0.372365 1 0.292187 0.372365 1 0.301563 0.372365 1 0.000000 0.000000 0 0.315625 0.393443 1 0.303125 0.393443 1 0.317188 0.423888 1 0.000000 0.000000 0 0.317188 0.449649 1 0.000000 0.000000 0 0.314063 0.461358 1 0.301563 0.459016 1 0.317188 0.496487 1 0.293750 0.491803 1 0.334375 0.533958 1 0.303125 0.540984 1
0 0.642500 0.411944 0.028969 0.137939 0.000000 0.000000 0 0.000000 0.000000 0 0.000000 0.000000 0 0.000000 0.000000 0 0.000000 0.000000 0 0.000000 0.000000 0 0.000000 0.000000 0 0.000000 0.000000 0 0.000000 0.000000 0 0.000000 0.000000 0 0.000000 0.000000 0 0.000000 0.000000 0 0.000000 0.000000 0 0.000000 0.000000 0 0.000000 0.000000 0 0.000000 0.000000 0 0.000000 0.000000 0
0 0.281398 0.442166 0.025172 0.135246 0.000000 0.000000 0 0.000000 0.000000 0 0.000000 0.000000 0 0.000000 0.000000 0 0.000000 0.000000 0 0.000000 0.000000 0 0.000000 0.000000 0 0.000000 0.000000 0 0.000000 0.000000 0 0.000000 0.000000 0 0.000000 0.000000 0 0.000000 0.000000 0 0.000000 0.000000 0 0.000000 0.000000 0 0.000000 0.000000 0 0.000000 0.000000 0 0.000000 0.000000 0
0 0.843930 0.349508 0.010172 0.029040 0.000000 0.000000 0 0.000000 0.000000 0 0.000000 0.000000 0 0.000000 0.000000 0 0.000000 0.000000 0 0.000000 0.000000 0 0.000000 0.000000 0 0.000000 0.000000 0 0.000000 0.000000 0 0.000000 0.000000 0 0.000000 0.000000 0 0.000000 0.000000 0 0.000000 0.000000 0 0.000000 0.000000 0 0.000000 0.000000 0 0.000000 0.000000 0 0.000000 0.000000 0