0 0.200563 0.786115 0.112250 0.332562 0.000000 0.000000 0 0.000000 0.000000 0 0.000000 0.000000 0 0.000000 0.000000 0 0.000000 0.000000 0 0.165625 0.687500 1 0.214062 0.689583 1 0.151562 0.741667 1 0.231250 0.718750 1 0.000000 0.000000 0 0.000000 0.000000 0 0.181250 0.779167 1 0.214062 0.777083 1 0.184375 0.868750 1 0.223438 0.843750 1 0.184375 0.922917 1 0.240625 0.891667 1
0 0.802047 0.687281 0.092281 0.204104 0.773438 0.614583 1 0.000000 0.000000 0 0.771875 0.610417 1 0.000000 0.000000 0 0.776563 0.602083 1 0.789062 0.606250 1 0.795312 0.606250 1 0.793750 0.641667 1 0.000000 0.000000 0 0.782813 0.656250 1 0.773438 0.654167 1 0.814063 0.668750 1 0.820312 0.666667 1 0.826562 0.722917 1 0.806250 0.718750 1 0.840625 0.770833 1 0.815625 0.762500 1
0 0.852414 0.663344 0.047359 0.222229 0.000000 0.000000 0 0.000000 0.000000 0 0.000000 0.000000 0 0.848437 0.566667 1 0.000000 0.000000 0 0.848437 0.591667 1 0.870313 0.593750 1 0.839063 0.622917 1 0.000000 0.000000 0 0.832812 0.645833 1 0.000000 0.000000 0 0.846875 0.666667 1 0.864062 0.666667 1 0.846875 0.708333 1 0.864062 0.708333 1 0.848437 0.741667 1 0.865625 0.756250 1
0 0.359594 0.619740 0.065344 0.165854 0.000000 0.000000 0 0.000000 0.000000 0 0.000000 0.000000 0 0.351562 0.552083 1 0.000000 0.000000 0 0.353125 0.562500 1 0.368750 0.564583 1 0.345313 0.587500 1 0.000000 0.000000 0 0.335938 0.608333 1 0.000000 0.000000 0 0.356250 0.614583 1 0.373437 0.612500 1 0.354687 0.652083 1 0.370312 0.650000 1 0.357812 0.689583 1 0.382812 0.689583 1
0 0.517172 0.635802 0.057375 0.163812 0.000000 0.000000 0 0.000000 0.000000 0 0.000000 0.000000 0 0.000000 0.000000 0 0.000000 0.000000 0 0.501563 0.581250 1 0.525000 0.581250 1 0.495312 0.600000 1 0.532813 0.602083 1 0.492188 0.620833 1 0.537500 0.620833 1 0.506250 0.629167 1 0.521875 0.629167 1 0.507812 0.664583 1 0.525000 0.664583 1 0.510938 0.700000 1 0.531250 0.695833 1
0 0.480727 0.577229 0.052422 0.075792 0.000000 0.000000 0 0.000000 0.000000 0 0.000000 0.000000 0 0.000000 0.000000 0 0.000000 0.000000 0 0.000000 0.000000 0 0.000000 0.000000 0 0.000000 0.000000 0 0.000000 0.000000 0 0.000000 0.000000 0 0.000000 0.000000 0 0.000000 0.000000 0 0.000000 0.000000 0 0.000000 0.000000 0 0.000000 0.000000 0 0.000000 0.000000 0 0.000000 0.000000 0
0 0.974586 0.592375 0.017359 0.080042 0.000000 0.000000 0 0.000000 0.000000 0 0.000000 0.000000 0 0.000000 0.000000 0 0.000000 0.000000 0 0.000000 0.000000 0 0.000000 0.000000 0 0.000000 0.000000 0 0.000000 0.000000 0 0.000000 0.000000 0 0.000000 0.000000 0 0.000000 0.000000 0 0.000000 0.000000 0 0.000000 0.000000 0 0.000000 0.000000 0 0.000000 0.000000 0 0.000000 0.000000 0
0 0.273695 0.610927 0.054703 0.158104 0.000000 0.000000 0 0.000000 0.000000 0 0.000000 0.000000 0 0.000000 0.000000 0 0.000000 0.000000 0 0.259375 0.556250 1 0.281250 0.554167 1 0.250000 0.579167 1 0.298438 0.579167 1 0.000000 0.000000 0 0.000000 0.000000 0 0.267188 0.602083 1 0.285938 0.602083 1 0.265625 0.639583 1 0.281250 0.643750 1 0.267188 0.670833 1 0.282813 0.675000 1
0 0.240859 0.613208 0.037312 0.154750 0.000000 0.000000 0 0.000000 0.000000 0 0.000000 0.000000 0 0.000000 0.000000 0 0.000000 0.000000 0 0.000000 0.000000 0 0.000000 0.000000 0 0.000000 0.000000 0 0.000000 0.000000 0 0.000000 0.000000 0 0.000000 0.000000 0 0.000000 0.000000 0 0.000000 0.000000 0 0.000000 0.000000 0 0.000000 0.000000 0 0.000000 0.000000 0 0.000000 0.000000 0
0 0.211852 0.598781 0.036578 0.150854 0.000000 0.000000 0 0.000000 0.000000 0 0.000000 0.000000 0 0.000000 0.000000 0 0.000000 0.000000 0 0.198437 0.562500 1 0.218750 0.562500 1 0.000000 0.000000 0 0.000000 0.000000 0 0.000000 0.000000 0 0.000000 0.000000 0 0.203125 0.612500 1 0.218750 0.610417 1 0.206250 0.652083 1 0.221875 0.647917 1 0.207813 0.683333 1 0.221875 0.683333 1
0 0.378305 0.609594 0.034234 0.135271 0.000000 0.000000 0 0.000000 0.000000 0 0.000000 0.000000 0 0.000000 0.000000 0 0.000000 0.000000 0 0.000000 0.000000 0 0.000000 0.000000 0 0.000000 0.000000 0 0.000000 0.000000 0 0.000000 0.000000 0 0.000000 0.000000 0 0.000000 0.000000 0 0.000000 0.000000 0 0.000000 0.000000 0 0.000000 0.000000 0 0.000000 0.000000 0 0.000000 0.000000 0
0 0.178484 0.593313 0.028406 0.086958 0.000000 0.000000 0 0.000000 0.000000 0 0.000000 0.000000 0 0.000000 0.000000 0 0.000000 0.000000 0 0.000000 0.000000 0 0.000000 0.000000 0 0.000000 0.000000 0 0.000000 0.000000 0 0.000000 0.000000 0 0.000000 0.000000 0 0.000000 0.000000 0 0.000000 0.000000 0 0.000000 0.000000 0 0.000000 0.000000 0 0.000000 0.000000 0 0.000000 0.000000 0