0 0.094453 0.774157 0.128937 0.420211 0.084375 0.627635 1 0.089063 0.613583 1 0.078125 0.613583 1 0.106250 0.611241 1 0.000000 0.000000 0 0.121875 0.672131 1 0.065625 0.669789 1 0.135937 0.758782 1 0.043750 0.709602 1 0.117188 0.819672 1 0.059375 0.754098 1 0.112500 0.843091 1 0.075000 0.840749 1 0.000000 0.000000 0 0.000000 0.000000 0 0.000000 0.000000 0 0.000000 0.000000 0
0 0.113437 0.287728 0.153094 0.459859 0.164062 0.103044 1 0.000000 0.000000 0 0.160938 0.088993 1 0.000000 0.000000 0 0.148438 0.091335 1 0.106250 0.135831 1 0.142187 0.126464 1 0.000000 0.000000 0 0.109375 0.185012 1 0.000000 0.000000 0 0.126562 0.269321 1 0.054688 0.262295 1 0.092188 0.259953 1 0.082812 0.365340 1 0.123438 0.360656 1 0.064062 0.480094 1 0.092188 0.461358 1
0 0.198656 0.673033 0.091469 0.379789 0.000000 0.000000 0 0.000000 0.000000 0 0.000000 0.000000 0 0.184375 0.526932 1 0.218750 0.529274 1 0.203125 0.601874 1 0.000000 0.000000 0 0.218750 0.697892 1 0.000000 0.000000 0 0.209375 0.763466 1 0.000000 0.000000 0 0.192188 0.784543 1 0.171875 0.782201 1 0.000000 0.000000 0 0.160938 0.894614 1 0.000000 0.000000 0 0.000000 0.000000 0
0 0.342844 0.455094 0.022000 0.158478 0.000000 0.000000 0 0.000000 0.000000 0 0.000000 0.000000 0 0.000000 0.000000 0 0.000000 0.000000 0 0.000000 0.000000 0 0.000000 0.000000 0 0.000000 0.000000 0 0.000000 0.000000 0 0.000000 0.000000 0 0.000000 0.000000 0 0.000000 0.000000 0 0.000000 0.000000 0 0.000000 0.000000 0 0.000000 0.000000 0 0.000000 0.000000 0 0.000000 0.000000 0
0 0.500008 0.341686 0.228922 0.668150 0.446875 0.032787 1 0.453125 0.023419 1 0.437500 0.025761 1 0.460938 0.030445 1 0.418750 0.032787 1 0.482812 0.103044 1 0.407813 0.133489 1 0.532813 0.159251 1 0.401562 0.236534 1 0.578125 0.175644 1 0.401562 0.327869 1 0.476562 0.332553 1 0.431250 0.337237 1 0.476562 0.489461 1 0.420312 0.475410 1 0.470313 0.629977 1 0.412500 0.613583 1
0 0.756812 0.360433 0.184469 0.720867 0.000000 0.000000 0 0.000000 0.000000 0 0.000000 0.000000 0 0.000000 0.000000 0 0.000000 0.000000 0 0.795312 0.053864 1 0.693750 0.081967 1 0.771875 0.096019 1 0.684375 0.208431 1 0.000000 0.000000 0 0.715625 0.325527 1 0.785937 0.311475 1 0.714063 0.318501 1 0.796875 0.498829 1 0.725000 0.519906 1 0.806250 0.655738 1 0.726562 0.660422 1
0 0.891320 0.370785 0.217359 0.732576 0.000000 0.000000 0 0.000000 0.000000 0 0.000000 0.000000 0 0.000000 0.000000 0 0.000000 0.000000 0 0.000000 0.000000 0 0.000000 0.000000 0 0.982812 0.112412 1 0.850000 0.081967 1 0.915625 0.196721 1 0.817187 0.011710 1 0.960938 0.276347 1 0.901563 0.276347 1 0.957812 0.447307 1 0.910937 0.459016 1 0.973437 0.644028 1 0.931250 0.632319 1
0 0.355195 0.556136 0.091672 0.259532 0.395313 0.468384 1 0.000000 0.000000 0 0.389062 0.459016 1 0.000000 0.000000 0 0.371875 0.463700 1 0.356250 0.515222 1 0.389062 0.512881 1 0.000000 0.000000 0 0.387500 0.601874 1 0.000000 0.000000 0 0.418750 0.674473 1 0.353125 0.653396 1 0.387500 0.655738 1 0.000000 0.000000 0 0.000000 0.000000 0 0.000000 0.000000 0 0.000000 0.000000 0
0 0.077961 0.146593 0.031578 0.049438 0.000000 0.000000 0 0.000000 0.000000 0 0.000000 0.000000 0 0.000000 0.000000 0 0.000000 0.000000 0 0.000000 0.000000 0 0.000000 0.000000 0 0.000000 0.000000 0 0.000000 0.000000 0 0.000000 0.000000 0 0.000000 0.000000 0 0.000000 0.000000 0 0.000000 0.000000 0 0.000000 0.000000 0 0.000000 0.000000 0 0.000000 0.000000 0 0.000000 0.000000 0
0 0.382133 0.394157 0.031984 0.084333 0.000000 0.000000 0 0.000000 0.000000 0 0.000000 0.000000 0 0.000000 0.000000 0 0.000000 0.000000 0 0.000000 0.000000 0 0.000000 0.000000 0 0.000000 0.000000 0 0.000000 0.000000 0 0.000000 0.000000 0 0.000000 0.000000 0 0.000000 0.000000 0 0.000000 0.000000 0 0.000000 0.000000 0 0.000000 0.000000 0 0.000000 0.000000 0 0.000000 0.000000 0
0 0.037852 0.410890 0.054734 0.218501 0.000000 0.000000 0 0.000000 0.000000 0 0.000000 0.000000 0 0.000000 0.000000 0 0.000000 0.000000 0 0.000000 0.000000 0 0.000000 0.000000 0 0.000000 0.000000 0 0.000000 0.000000 0 0.000000 0.000000 0 0.000000 0.000000 0 0.057813 0.283372 1 0.037500 0.283372 1 0.050000 0.395785 1 0.032813 0.391101 1 0.040625 0.487119 1 0.025000 0.491803 1
0 0.360297 0.442447 0.026125 0.120023 0.000000 0.000000 0 0.000000 0.000000 0 0.000000 0.000000 0 0.000000 0.000000 0 0.000000 0.000000 0 0.000000 0.000000 0 0.000000 0.000000 0 0.000000 0.000000 0 0.000000 0.000000 0 0.000000 0.000000 0 0.000000 0.000000 0 0.000000 0.000000 0 0.000000 0.000000 0 0.000000 0.000000 0 0.000000 0.000000 0 0.000000 0.000000 0 0.000000 0.000000 0
0 0.446766 0.549098 0.029500 0.142740 0.000000 0.000000 0 0.000000 0.000000 0 0.000000 0.000000 0 0.000000 0.000000 0 0.000000 0.000000 0 0.000000 0.000000 0 0.000000 0.000000 0 0.000000 0.000000 0 0.000000 0.000000 0 0.000000 0.000000 0 0.000000 0.000000 0 0.000000 0.000000 0 0.000000 0.000000 0 0.000000 0.000000 0 0.000000 0.000000 0 0.000000 0.000000 0 0.000000 0.000000 0