0 0.668727 0.392220 0.509859 0.776516 0.640625 0.198091 1 0.643750 0.176611 1 0.629687 0.200477 1 0.675000 0.145585 1 0.632812 0.212411 1 0.740625 0.207637 1 0.643750 0.305489 1 0.850000 0.097852 1 0.560937 0.343675 1 0.000000 0.000000 0 0.464062 0.329356 1 0.795312 0.465394 1 0.714063 0.539379 1 0.654687 0.319809 1 0.571875 0.572792 1 0.798438 0.529833 1 0.595313 0.801909 1
0 0.877641 0.815346 0.052594 0.189547 0.000000 0.000000 0 0.000000 0.000000 0 0.000000 0.000000 0 0.000000 0.000000 0 0.000000 0.000000 0 0.857812 0.758950 1 0.878125 0.756563 1 0.000000 0.000000 0 0.000000 0.000000 0 0.000000 0.000000 0 0.000000 0.000000 0 0.867188 0.811456 1 0.879687 0.811456 1 0.871875 0.871122 1 0.887500 0.863962 1 0.875000 0.899761 1 0.890625 0.897375 1
0 0.905680 0.799666 0.050672 0.218711 0.903125 0.715990 1 0.904687 0.713604 1 0.900000 0.713604 1 0.000000 0.000000 0 0.893750 0.715990 1 0.910937 0.737470 1 0.885938 0.742243 1 0.000000 0.000000 0 0.882812 0.766110 1 0.000000 0.000000 0 0.889062 0.782816 1 0.915625 0.792363 1 0.900000 0.794749 1 0.918750 0.844869 1 0.904687 0.849642 1 0.923438 0.892601 1 0.910937 0.892601 1
0 0.948641 0.796706 0.058594 0.209690 0.929688 0.715990 1 0.932813 0.708831 1 0.926562 0.708831 1 0.935937 0.711217 1 0.000000 0.000000 0 0.943750 0.732697 1 0.923438 0.742243 1 0.957812 0.761337 1 0.921875 0.775656 1 0.959375 0.792363 1 0.929688 0.801909 1 0.951562 0.789976 1 0.935937 0.801909 1 0.953125 0.830549 1 0.945312 0.837709 1 0.968750 0.878282 1 0.965625 0.873508 1
0 0.984531 0.788675 0.030937 0.224702 0.000000 0.000000 0 0.000000 0.000000 0 0.000000 0.000000 0 0.000000 0.000000 0 0.000000 0.000000 0 0.000000 0.000000 0 0.000000 0.000000 0 0.000000 0.000000 0 0.000000 0.000000 0 0.000000 0.000000 0 0.000000 0.000000 0 0.000000 0.000000 0 0.000000 0.000000 0 0.000000 0.000000 0 0.000000 0.000000 0 0.000000 0.000000 0 0.000000 0.000000 0
0 0.497406 0.776062 0.022000 0.057041 0.000000 0.000000 0 0.000000 0.000000 0 0.000000 0.000000 0 0.000000 0.000000 0 0.000000 0.000000 0 0.000000 0.000000 0 0.000000 0.000000 0 0.000000 0.000000 0 0.000000 0.000000 0 0.000000 0.000000 0 0.000000 0.000000 0 0.000000 0.000000 0 0.000000 0.000000 0 0.000000 0.000000 0 0.000000 0.000000 0 0.000000 0.000000 0 0.000000 0.000000 0
0 0.276344 0.858890 0.082812 0.185895 0.309375 0.789976 1 0.000000 0.000000 0 0.307812 0.785203 1 0.000000 0.000000 0 0.301563 0.782816 1 0.000000 0.000000 0 0.295312 0.799523 1 0.000000 0.000000 0 0.287500 0.825776 1 0.000000 0.000000 0 0.287500 0.852029 1 0.264062 0.840095 1 0.270313 0.837709 1 0.260937 0.887828 1 0.285938 0.885442 1 0.246875 0.933174 1 0.287500 0.933174 1
0 0.102359 0.846850 0.030344 0.206635 0.000000 0.000000 0 0.000000 0.000000 0 0.000000 0.000000 0 0.000000 0.000000 0 0.000000 0.000000 0 0.096875 0.780430 1 0.000000 0.000000 0 0.098437 0.806683 1 0.000000 0.000000 0 0.092188 0.837709 1 0.000000 0.000000 0 0.101562 0.835322 1 0.107813 0.835322 1 0.093750 0.885442 1 0.098437 0.887828 1 0.092188 0.928401 1 0.106250 0.911695 1
0 0.045031 0.862076 0.023938 0.074320 0.000000 0.000000 0 0.000000 0.000000 0 0.000000 0.000000 0 0.000000 0.000000 0 0.000000 0.000000 0 0.000000 0.000000 0 0.000000 0.000000 0 0.000000 0.000000 0 0.000000 0.000000 0 0.000000 0.000000 0 0.000000 0.000000 0 0.000000 0.000000 0 0.000000 0.000000 0 0.000000 0.000000 0 0.000000 0.000000 0 0.000000 0.000000 0 0.000000 0.000000 0
0 0.386039 0.904821 0.023703 0.065871 0.000000 0.000000 0 0.000000 0.000000 0 0.000000 0.000000 0 0.000000 0.000000 0 0.000000 0.000000 0 0.000000 0.000000 0 0.000000 0.000000 0 0.000000 0.000000 0 0.000000 0.000000 0 0.000000 0.000000 0 0.000000 0.000000 0 0.000000 0.000000 0 0.000000 0.000000 0 0.000000 0.000000 0 0.000000 0.000000 0 0.000000 0.000000 0 0.000000 0.000000 0
0 0.974680 0.799308 0.048953 0.158616 0.000000 0.000000 0 0.000000 0.000000 0 0.000000 0.000000 0 0.000000 0.000000 0 0.000000 0.000000 0 0.000000 0.000000 0 0.000000 0.000000 0 0.000000 0.000000 0 0.000000 0.000000 0 0.000000 0.000000 0 0.000000 0.000000 0 0.000000 0.000000 0 0.000000 0.000000 0 0.000000 0.000000 0 0.000000 0.000000 0 0.000000 0.000000 0 0.000000 0.000000 0
0 0.158508 0.872578 0.021391 0.090883 0.000000 0.000000 0 0.000000 0.000000 0 0.000000 0.000000 0 0.000000 0.000000 0 0.000000 0.000000 0 0.000000 0.000000 0 0.000000 0.000000 0 0.000000 0.000000 0 0.000000 0.000000 0 0.000000 0.000000 0 0.000000 0.000000 0 0.000000 0.000000 0 0.000000 0.000000 0 0.000000 0.000000 0 0.000000 0.000000 0 0.000000 0.000000 0 0.000000 0.000000 0
0 0.127898 0.879809 0.021547 0.112220 0.000000 0.000000 0 0.000000 0.000000 0 0.000000 0.000000 0 0.000000 0.000000 0 0.000000 0.000000 0 0.000000 0.000000 0 0.000000 0.000000 0 0.000000 0.000000 0 0.000000 0.000000 0 0.000000 0.000000 0 0.000000 0.000000 0 0.000000 0.000000 0 0.000000 0.000000 0 0.000000 0.000000 0 0.000000 0.000000 0 0.000000 0.000000 0 0.000000 0.000000 0