0 0.535250 0.466300 0.296875 0.883138 0.501563 0.348946 1 0.525000 0.313817 1 0.479687 0.306792 1 0.567187 0.297424 1 0.000000 0.000000 0 0.639062 0.379391 1 0.410938 0.384075 1 0.643750 0.625293 1 0.428125 0.604215 1 0.581250 0.601874 1 0.435937 0.740047 1 0.587500 0.700234 1 0.476562 0.707260 1 0.576562 0.854801 1 0.490625 0.854801 1 0.667188 0.779859 1 0.395313 0.819672 1
0 0.706914 0.143817 0.088453 0.287635 0.000000 0.000000 0 0.000000 0.000000 0 0.000000 0.000000 0 0.000000 0.000000 0 0.000000 0.000000 0 0.000000 0.000000 0 0.000000 0.000000 0 0.739062 0.046838 1 0.668750 0.023419 1 0.740625 0.091335 1 0.695312 0.002342 1 0.725000 0.093677 1 0.704688 0.086651 1 0.718750 0.177986 1 0.715625 0.175644 1 0.707812 0.252927 1 0.714063 0.262295 1
0 0.266375 0.151136 0.048062 0.191311 0.000000 0.000000 0 0.000000 0.000000 0 0.000000 0.000000 0 0.000000 0.000000 0 0.000000 0.000000 0 0.245312 0.088993 1 0.268750 0.084309 1 0.000000 0.000000 0 0.279687 0.112412 1 0.000000 0.000000 0 0.000000 0.000000 0 0.250000 0.145199 1 0.268750 0.142857 1 0.251563 0.187354 1 0.265625 0.182670 1 0.259375 0.227166 1 0.265625 0.220141 1
0 0.324492 0.154192 0.052859 0.173208 0.000000 0.000000 0 0.000000 0.000000 0 0.000000 0.000000 0 0.000000 0.000000 0 0.000000 0.000000 0 0.332813 0.103044 1 0.315625 0.098361 1 0.000000 0.000000 0 0.303125 0.114754 1 0.000000 0.000000 0 0.307812 0.131148 1 0.331250 0.154567 1 0.315625 0.154567 1 0.332813 0.194379 1 0.312500 0.194379 1 0.337500 0.224824 1 0.309375 0.229508 1
0 0.803320 0.136686 0.103859 0.273372 0.000000 0.000000 0 0.000000 0.000000 0 0.000000 0.000000 0 0.000000 0.000000 0 0.000000 0.000000 0 0.000000 0.000000 0 0.000000 0.000000 0 0.835938 0.002342 1 0.757812 0.009368 1 0.840625 0.053864 1 0.753125 0.072600 1 0.807813 0.079625 1 0.773438 0.074941 1 0.800000 0.161593 1 0.782813 0.156909 1 0.796875 0.238876 1 0.771875 0.222482 1
0 0.416422 0.135187 0.046094 0.189204 0.000000 0.000000 0 0.000000 0.000000 0 0.000000 0.000000 0 0.000000 0.000000 0 0.000000 0.000000 0 0.428125 0.084309 1 0.404687 0.084309 1 0.434375 0.110070 1 0.398438 0.112412 1 0.425000 0.110070 1 0.414062 0.110070 1 0.425000 0.147541 1 0.407813 0.147541 1 0.423438 0.185012 1 0.409375 0.185012 1 0.423438 0.224824 1 0.409375 0.222482 1
0 0.446844 0.132752 0.037594 0.182365 0.000000 0.000000 0 0.000000 0.000000 0 0.000000 0.000000 0 0.460938 0.056206 1 0.446875 0.056206 1 0.460938 0.079625 1 0.440625 0.077283 1 0.000000 0.000000 0 0.000000 0.000000 0 0.000000 0.000000 0 0.000000 0.000000 0 0.459375 0.133489 1 0.442188 0.131148 1 0.000000 0.000000 0 0.442188 0.177986 1 0.000000 0.000000 0 0.442188 0.217799 1
0 0.223547 0.149555 0.056437 0.198923 0.000000 0.000000 0 0.000000 0.000000 0 0.000000 0.000000 0 0.000000 0.000000 0 0.000000 0.000000 0 0.212500 0.091335 1 0.234375 0.091335 1 0.200000 0.117096 1 0.246875 0.117096 1 0.000000 0.000000 0 0.000000 0.000000 0 0.218750 0.152225 1 0.235937 0.152225 1 0.223438 0.194379 1 0.226562 0.189696 1 0.225000 0.227166 1 0.000000 0.000000 0
0 0.126422 0.182436 0.037594 0.137143 0.000000 0.000000 0 0.000000 0.000000 0 0.000000 0.000000 0 0.000000 0.000000 0 0.000000 0.000000 0 0.000000 0.000000 0 0.000000 0.000000 0 0.000000 0.000000 0 0.000000 0.000000 0 0.000000 0.000000 0 0.000000 0.000000 0 0.000000 0.000000 0 0.000000 0.000000 0 0.000000 0.000000 0 0.000000 0.000000 0 0.000000 0.000000 0 0.000000 0.000000 0
0 0.369094 0.157354 0.043000 0.161593 0.000000 0.000000 0 0.000000 0.000000 0 0.000000 0.000000 0 0.000000 0.000000 0 0.000000 0.000000 0 0.378125 0.103044 1 0.351562 0.103044 1 0.385937 0.124122 1 0.348438 0.128806 1 0.384375 0.133489 1 0.351562 0.154567 1 0.375000 0.152225 1 0.364063 0.152225 1 0.371875 0.180328 1 0.362500 0.180328 1 0.376563 0.220141 1 0.362500 0.222482 1
0 0.177375 0.153009 0.052875 0.191546 0.000000 0.000000 0 0.000000 0.000000 0 0.000000 0.000000 0 0.000000 0.000000 0 0.182812 0.067916 1 0.165625 0.091335 1 0.193750 0.091335 1 0.157812 0.121780 1 0.000000 0.000000 0 0.153125 0.142857 1 0.000000 0.000000 0 0.178125 0.138173 1 0.192188 0.138173 1 0.175000 0.187354 1 0.190625 0.182670 1 0.173437 0.236534 1 0.189062 0.236534 1
0 0.086102 0.177904 0.035828 0.145457 0.000000 0.000000 0 0.000000 0.000000 0 0.000000 0.000000 0 0.000000 0.000000 0 0.000000 0.000000 0 0.000000 0.000000 0 0.000000 0.000000 0 0.000000 0.000000 0 0.000000 0.000000 0 0.000000 0.000000 0 0.000000 0.000000 0 0.000000 0.000000 0 0.000000 0.000000 0 0.000000 0.000000 0 0.000000 0.000000 0 0.000000 0.000000 0 0.000000 0.000000 0