0 0.424336 0.553740 0.294328 0.626146 0.467187 0.312500 1 0.482812 0.300000 1 0.465625 0.293750 1 0.512500 0.322917 1 0.000000 0.000000 0 0.509375 0.412500 1 0.454688 0.358333 1 0.532813 0.489583 1 0.531250 0.387500 1 0.537500 0.400000 1 0.545312 0.362500 1 0.454688 0.564583 1 0.393750 0.547917 1 0.495312 0.704167 1 0.390625 0.695833 1 0.503125 0.820833 1 0.307812 0.810417 1
0 0.320227 0.535958 0.178641 0.438208 0.354687 0.377083 1 0.364063 0.366667 1 0.342187 0.368750 1 0.379688 0.370833 1 0.332813 0.372917 1 0.393750 0.420833 1 0.310937 0.422917 1 0.406250 0.487500 1 0.298438 0.475000 1 0.375000 0.554167 1 0.276562 0.545833 1 0.376563 0.543750 1 0.323437 0.543750 1 0.357812 0.597917 1 0.273438 0.587500 1 0.367188 0.712500 1 0.271875 0.710417 1
0 0.200297 0.529031 0.156031 0.436271 0.207813 0.360417 1 0.217188 0.350000 1 0.201563 0.350000 1 0.231250 0.356250 1 0.187500 0.356250 1 0.253125 0.431250 1 0.167187 0.427083 1 0.257812 0.527083 1 0.142187 0.512500 1 0.187500 0.537500 1 0.156250 0.531250 1 0.239063 0.575000 1 0.185938 0.572917 1 0.228125 0.564583 1 0.137500 0.568750 1 0.225000 0.731250 1 0.145313 0.720833 1
0 0.070875 0.519094 0.139031 0.422937 0.098437 0.379167 1 0.109375 0.368750 1 0.087500 0.362500 1 0.120313 0.379167 1 0.068750 0.362500 1 0.125000 0.429167 1 0.032813 0.400000 1 0.121875 0.516667 1 0.000000 0.000000 0 0.084375 0.518750 1 0.000000 0.000000 0 0.085938 0.545833 1 0.028125 0.537500 1 0.106250 0.579167 1 0.000000 0.000000 0 0.092188 0.708333 1 0.000000 0.000000 0
0 0.349719 0.249344 0.166938 0.277021 0.346875 0.181250 1 0.359375 0.170833 1 0.337500 0.168750 1 0.373437 0.181250 1 0.000000 0.000000 0 0.401562 0.231250 1 0.301563 0.233333 1 0.398438 0.354167 1 0.282813 0.339583 1 0.000000 0.000000 0 0.306250 0.337500 1 0.409375 0.381250 1 0.310937 0.387500 1 0.381250 0.375000 1 0.260937 0.370833 1 0.384375 0.472917 1 0.262500 0.491667 1
0 0.363977 0.084031 0.136516 0.168063 0.000000 0.000000 0 0.000000 0.000000 0 0.000000 0.000000 0 0.000000 0.000000 0 0.000000 0.000000 0 0.000000 0.000000 0 0.000000 0.000000 0 0.423438 0.064583 1 0.300000 0.060417 1 0.398438 0.108333 1 0.335938 0.056250 1 0.382812 0.118750 1 0.323437 0.116667 1 0.371875 0.216667 1 0.320312 0.218750 1 0.000000 0.000000 0 0.000000 0.000000 0
0 0.830344 0.543354 0.153062 0.420500 0.821875 0.397917 1 0.834375 0.387500 1 0.815625 0.385417 1 0.856250 0.397917 1 0.000000 0.000000 0 0.871875 0.452083 1 0.789062 0.452083 1 0.870313 0.547917 1 0.759375 0.558333 1 0.835938 0.541667 1 0.767188 0.547917 1 0.871875 0.604167 1 0.818750 0.600000 1 0.839063 0.568750 1 0.782813 0.581250 1 0.834375 0.720833 1 0.795312 0.716667 1
0 0.031586 0.315625 0.063172 0.170667 0.010937 0.281250 1 0.017188 0.270833 1 0.001563 0.270833 1 0.028125 0.287500 1 0.000000 0.000000 0 0.051562 0.347917 1 0.000000 0.000000 0 0.060937 0.425000 1 0.000000 0.000000 0 0.000000 0.000000 0 0.000000 0.000000 0 0.000000 0.000000 0 0.000000 0.000000 0 0.000000 0.000000 0 0.000000 0.000000 0 0.000000 0.000000 0 0.000000 0.000000 0
0 0.570406 0.215302 0.162188 0.426354 0.000000 0.000000 0 0.000000 0.000000 0 0.000000 0.000000 0 0.000000 0.000000 0 0.000000 0.000000 0 0.000000 0.000000 0 0.000000 0.000000 0 0.648438 0.027083 1 0.000000 0.000000 0 0.590625 0.027083 1 0.000000 0.000000 0 0.590625 0.118750 1 0.529687 0.108333 1 0.585938 0.252083 1 0.521875 0.262500 1 0.564063 0.389583 1 0.510938 0.402083 1
0 0.933031 0.630437 0.132750 0.464333 0.984375 0.466667 1 0.992188 0.458333 1 0.000000 0.000000 0 0.000000 0.000000 0 0.000000 0.000000 0 0.000000 0.000000 0 0.000000 0.000000 0 0.960938 0.558333 1 0.000000 0.000000 0 0.896875 0.508333 1 0.000000 0.000000 0 0.000000 0.000000 0 0.989062 0.689583 1 0.914062 0.750000 1 0.882812 0.739583 1 0.000000 0.000000 0 0.989062 0.808333 1
0 0.110359 0.243625 0.161594 0.282625 0.115625 0.166667 1 0.126562 0.156250 1 0.106250 0.156250 1 0.142187 0.162500 1 0.093750 0.162500 1 0.167187 0.225000 1 0.062500 0.222917 1 0.146875 0.295833 1 0.043750 0.287500 1 0.078125 0.295833 1 0.104688 0.277083 1 0.000000 0.000000 0 0.000000 0.000000 0 0.000000 0.000000 0 0.000000 0.000000 0 0.000000 0.000000 0 0.000000 0.000000 0