0 0.843815 0.423595 0.110114 0.298889 0.885621 0.310458 1 0.000000 0.000000 0 0.880719 0.307190 1 0.000000 0.000000 0 0.862745 0.307190 1 0.877451 0.331699 1 0.820261 0.326797 1 0.000000 0.000000 0 0.856209 0.390523 1 0.000000 0.000000 0 0.000000 0.000000 0 0.856209 0.418301 1 0.826797 0.416667 1 0.843137 0.495098 1 0.818627 0.483660 1 0.833333 0.552288 1 0.802288 0.550654 1
0 0.164314 0.623162 0.327647 0.753676 0.000000 0.000000 0 0.000000 0.000000 0 0.000000 0.000000 0 0.000000 0.000000 0 0.228758 0.357843 1 0.014706 0.344771 1 0.222222 0.464052 1 0.000000 0.000000 0 0.215686 0.684641 1 0.000000 0.000000 0 0.294118 0.743464 1 0.000000 0.000000 0 0.091503 0.732026 1 0.000000 0.000000 0 0.000000 0.000000 0 0.000000 0.000000 0 0.000000 0.000000 0
0 0.320654 0.396454 0.129314 0.409248 0.295752 0.250000 1 0.300654 0.243464 1 0.000000 0.000000 0 0.325163 0.235294 1 0.000000 0.000000 0 0.361111 0.281046 1 0.297386 0.266340 1 0.348039 0.330065 1 0.000000 0.000000 0 0.282680 0.325163 1 0.000000 0.000000 0 0.320261 0.405229 1 0.284314 0.390523 1 0.312092 0.483660 1 0.276144 0.459150 1 0.312092 0.570261 1 0.000000 0.000000 0
0 0.643824 0.337075 0.065163 0.134837 0.000000 0.000000 0 0.000000 0.000000 0 0.000000 0.000000 0 0.000000 0.000000 0 0.000000 0.000000 0 0.638889 0.297386 1 0.665033 0.303922 1 0.633987 0.308824 1 0.663399 0.323529 1 0.627451 0.328431 1 0.660131 0.343137 1 0.633987 0.336601 1 0.648693 0.339869 1 0.627451 0.362745 1 0.642157 0.364379 1 0.624183 0.385621 1 0.637255 0.393791 1
0 0.424477 0.281307 0.030327 0.086471 0.000000 0.000000 0 0.000000 0.000000 0 0.000000 0.000000 0 0.000000 0.000000 0 0.000000 0.000000 0 0.000000 0.000000 0 0.000000 0.000000 0 0.000000 0.000000 0 0.000000 0.000000 0 0.000000 0.000000 0 0.000000 0.000000 0 0.000000 0.000000 0 0.000000 0.000000 0 0.000000 0.000000 0 0.000000 0.000000 0 0.000000 0.000000 0 0.000000 0.000000 0
0 0.480408 0.322974 0.046732 0.116144 0.000000 0.000000 0 0.000000 0.000000 0 0.000000 0.000000 0 0.000000 0.000000 0 0.000000 0.000000 0 0.473856 0.285948 1 0.495098 0.287582 1 0.464052 0.300654 1 0.500000 0.300654 1 0.460784 0.292484 1 0.495098 0.312092 1 0.475490 0.318627 1 0.485294 0.318627 1 0.473856 0.346405 1 0.485294 0.344771 1 0.473856 0.367647 1 0.485294 0.359477 1
0 0.745792 0.352410 0.050866 0.148742 0.000000 0.000000 0 0.000000 0.000000 0 0.000000 0.000000 0 0.000000 0.000000 0 0.764706 0.290850 1 0.745098 0.303922 1 0.751634 0.303922 1 0.000000 0.000000 0 0.753268 0.330065 1 0.000000 0.000000 0 0.761438 0.346405 1 0.738562 0.343137 1 0.743464 0.346405 1 0.733660 0.385621 1 0.736928 0.388889 1 0.730392 0.415033 1 0.732026 0.416667 1
0 0.915098 0.444158 0.161471 0.338448 0.000000 0.000000 0 0.000000 0.000000 0 0.000000 0.000000 0 0.000000 0.000000 0 0.941176 0.303922 1 0.880719 0.336601 1 0.944444 0.344771 1 0.848039 0.388889 1 0.972222 0.383987 1 0.843137 0.446078 1 0.991830 0.415033 1 0.857843 0.455882 1 0.895425 0.457516 1 0.861111 0.522876 1 0.900327 0.524510 1 0.861111 0.588235 1 0.875817 0.584967 1
0 0.164428 0.238946 0.068072 0.126912 0.186275 0.236928 1 0.000000 0.000000 0 0.184641 0.225490 1 0.000000 0.000000 0 0.165033 0.215686 1 0.000000 0.000000 0 0.187908 0.287582 1 0.000000 0.000000 0 0.000000 0.000000 0 0.000000 0.000000 0 0.000000 0.000000 0 0.000000 0.000000 0 0.000000 0.000000 0 0.000000 0.000000 0 0.000000 0.000000 0 0.000000 0.000000 0 0.000000 0.000000 0
0 0.097377 0.142198 0.082337 0.082794 0.132353 0.166667 1 0.000000 0.000000 0 0.124183 0.155229 1 0.000000 0.000000 0 0.096405 0.160131 1 0.000000 0.000000 0 0.000000 0.000000 0 0.000000 0.000000 0 0.000000 0.000000 0 0.000000 0.000000 0 0.000000 0.000000 0 0.000000 0.000000 0 0.000000 0.000000 0 0.000000 0.000000 0 0.000000 0.000000 0 0.000000 0.000000 0 0.000000 0.000000 0
0 0.398595 0.345392 0.066928 0.243170 0.000000 0.000000 0 0.000000 0.000000 0 0.000000 0.000000 0 0.390523 0.245098 1 0.410131 0.243464 1 0.374183 0.266340 1 0.421569 0.271242 1 0.000000 0.000000 0 0.000000 0.000000 0 0.000000 0.000000 0 0.000000 0.000000 0 0.382353 0.330065 1 0.406863 0.331699 1 0.000000 0.000000 0 0.000000 0.000000 0 0.000000 0.000000 0 0.000000 0.000000 0
0 0.089796 0.239453 0.116029 0.144755 0.000000 0.000000 0 0.000000 0.000000 0 0.000000 0.000000 0 0.000000 0.000000 0 0.098039 0.220588 1 0.024510 0.285948 1 0.111111 0.300654 1 0.000000 0.000000 0 0.000000 0.000000 0 0.000000 0.000000 0 0.000000 0.000000 0 0.000000 0.000000 0 0.000000 0.000000 0 0.000000 0.000000 0 0.000000 0.000000 0 0.000000 0.000000 0 0.000000 0.000000 0
0 0.216144 0.225106 0.059477 0.041520 0.000000 0.000000 0 0.000000 0.000000 0 0.000000 0.000000 0 0.000000 0.000000 0 0.000000 0.000000 0 0.000000 0.000000 0 0.000000 0.000000 0 0.000000 0.000000 0 0.000000 0.000000 0 0.000000 0.000000 0 0.000000 0.000000 0 0.000000 0.000000 0 0.000000 0.000000 0 0.000000 0.000000 0 0.000000 0.000000 0 0.000000 0.000000 0 0.000000 0.000000 0