0 0.468680 0.393292 0.052797 0.196292 0.468750 0.310417 1 0.471875 0.306250 1 0.464062 0.306250 1 0.476562 0.310417 1 0.000000 0.000000 0 0.484375 0.333333 1 0.454688 0.331250 1 0.492188 0.358333 1 0.446875 0.366667 1 0.485938 0.370833 1 0.443750 0.395833 1 0.476562 0.387500 1 0.456250 0.387500 1 0.476562 0.425000 1 0.456250 0.427083 1 0.476562 0.454167 1 0.459375 0.472917 1
0 0.597375 0.361135 0.043844 0.098854 0.000000 0.000000 0 0.000000 0.000000 0 0.000000 0.000000 0 0.000000 0.000000 0 0.000000 0.000000 0 0.000000 0.000000 0 0.000000 0.000000 0 0.000000 0.000000 0 0.000000 0.000000 0 0.000000 0.000000 0 0.000000 0.000000 0 0.000000 0.000000 0 0.000000 0.000000 0 0.000000 0.000000 0 0.000000 0.000000 0 0.000000 0.000000 0 0.000000 0.000000 0
0 0.706555 0.469375 0.096672 0.373792 0.000000 0.000000 0 0.000000 0.000000 0 0.000000 0.000000 0 0.693750 0.314583 1 0.718750 0.312500 1 0.676562 0.352083 1 0.735938 0.350000 1 0.673438 0.414583 1 0.743750 0.406250 1 0.664062 0.460417 1 0.743750 0.458333 1 0.684375 0.447917 1 0.721875 0.452083 1 0.682813 0.537500 1 0.720313 0.543750 1 0.682813 0.618750 1 0.723437 0.597917 1
0 0.811508 0.484115 0.098766 0.354812 0.000000 0.000000 0 0.000000 0.000000 0 0.000000 0.000000 0 0.792188 0.343750 1 0.818750 0.343750 1 0.782813 0.383333 1 0.831250 0.383333 1 0.768750 0.433333 1 0.839063 0.433333 1 0.000000 0.000000 0 0.000000 0.000000 0 0.789062 0.489583 1 0.820312 0.493750 1 0.796875 0.568750 1 0.801562 0.552083 1 0.804688 0.639583 1 0.792188 0.612500 1
0 0.889656 0.484312 0.100094 0.345667 0.000000 0.000000 0 0.000000 0.000000 0 0.000000 0.000000 0 0.857812 0.337500 1 0.000000 0.000000 0 0.846875 0.375000 1 0.895312 0.375000 1 0.842187 0.425000 1 0.907813 0.418750 1 0.000000 0.000000 0 0.925000 0.456250 1 0.851562 0.472917 1 0.889062 0.472917 1 0.860938 0.556250 1 0.862500 0.547917 1 0.870313 0.620833 1 0.854688 0.608333 1
0 0.754320 0.338062 0.013516 0.056833 0.000000 0.000000 0 0.000000 0.000000 0 0.000000 0.000000 0 0.000000 0.000000 0 0.000000 0.000000 0 0.000000 0.000000 0 0.000000 0.000000 0 0.000000 0.000000 0 0.000000 0.000000 0 0.000000 0.000000 0 0.000000 0.000000 0 0.000000 0.000000 0 0.000000 0.000000 0 0.000000 0.000000 0 0.000000 0.000000 0 0.000000 0.000000 0 0.000000 0.000000 0
0 0.554117 0.529417 0.165891 0.409417 0.000000 0.000000 0 0.000000 0.000000 0 0.000000 0.000000 0 0.531250 0.356250 1 0.564063 0.356250 1 0.510938 0.383333 1 0.584375 0.387500 1 0.478125 0.435417 1 0.615625 0.445833 1 0.498437 0.443750 1 0.606250 0.458333 1 0.520312 0.502083 1 0.570312 0.506250 1 0.493750 0.581250 1 0.607812 0.597917 1 0.482812 0.666667 1 0.610938 0.675000 1
0 0.742172 0.328854 0.014938 0.040917 0.000000 0.000000 0 0.000000 0.000000 0 0.000000 0.000000 0 0.000000 0.000000 0 0.000000 0.000000 0 0.000000 0.000000 0 0.000000 0.000000 0 0.000000 0.000000 0 0.000000 0.000000 0 0.000000 0.000000 0 0.000000 0.000000 0 0.000000 0.000000 0 0.000000 0.000000 0 0.000000 0.000000 0 0.000000 0.000000 0 0.000000 0.000000 0 0.000000 0.000000 0
0 0.971172 0.470281 0.057656 0.317021 0.000000 0.000000 0 0.000000 0.000000 0 0.000000 0.000000 0 0.976562 0.343750 1 0.000000 0.000000 0 0.968750 0.377083 1 0.000000 0.000000 0 0.957812 0.420833 1 0.000000 0.000000 0 0.000000 0.000000 0 0.000000 0.000000 0 0.967187 0.475000 1 0.995313 0.472917 1 0.959375 0.533333 1 0.989062 0.541667 1 0.959375 0.604167 1 0.000000 0.000000 0
0 0.773523 0.354104 0.027578 0.076083 0.000000 0.000000 0 0.000000 0.000000 0 0.000000 0.000000 0 0.000000 0.000000 0 0.000000 0.000000 0 0.000000 0.000000 0 0.000000 0.000000 0 0.000000 0.000000 0 0.000000 0.000000 0 0.000000 0.000000 0 0.000000 0.000000 0 0.000000 0.000000 0 0.000000 0.000000 0 0.000000 0.000000 0 0.000000 0.000000 0 0.000000 0.000000 0 0.000000 0.000000 0
0 0.675281 0.333271 0.017781 0.054542 0.000000 0.000000 0 0.000000 0.000000 0 0.000000 0.000000 0 0.000000 0.000000 0 0.000000 0.000000 0 0.000000 0.000000 0 0.000000 0.000000 0 0.000000 0.000000 0 0.000000 0.000000 0 0.000000 0.000000 0 0.000000 0.000000 0 0.000000 0.000000 0 0.000000 0.000000 0 0.000000 0.000000 0 0.000000 0.000000 0 0.000000 0.000000 0 0.000000 0.000000 0
0 0.729063 0.323240 0.011313 0.034521 0.000000 0.000000 0 0.000000 0.000000 0 0.000000 0.000000 0 0.000000 0.000000 0 0.000000 0.000000 0 0.000000 0.000000 0 0.000000 0.000000 0 0.000000 0.000000 0 0.000000 0.000000 0 0.000000 0.000000 0 0.000000 0.000000 0 0.000000 0.000000 0 0.000000 0.000000 0 0.000000 0.000000 0 0.000000 0.000000 0 0.000000 0.000000 0 0.000000 0.000000 0