0 0.749992 0.883407 0.157797 0.197319 0.756250 0.837363 1 0.764062 0.828571 1 0.748437 0.828571 1 0.771875 0.837363 1 0.732812 0.837363 1 0.781250 0.894505 1 0.710938 0.903297 1 0.806250 0.980220 1 0.687500 0.984615 1 0.803125 0.936264 1 0.735938 0.945055 1 0.000000 0.000000 0 0.000000 0.000000 0 0.000000 0.000000 0 0.000000 0.000000 0 0.000000 0.000000 0 0.000000 0.000000 0
0 0.523758 0.924571 0.084641 0.150857 0.532813 0.907692 1 0.539062 0.898901 1 0.523438 0.901099 1 0.545312 0.892308 1 0.507812 0.903297 1 0.551562 0.951648 1 0.501563 0.962637 1 0.000000 0.000000 0 0.000000 0.000000 0 0.000000 0.000000 0 0.000000 0.000000 0 0.000000 0.000000 0 0.000000 0.000000 0 0.000000 0.000000 0 0.000000 0.000000 0 0.000000 0.000000 0 0.000000 0.000000 0
0 0.436117 0.917209 0.067234 0.165582 0.434375 0.854945 1 0.000000 0.000000 0 0.432812 0.850549 1 0.000000 0.000000 0 0.426563 0.850549 1 0.414062 0.876923 1 0.434375 0.876923 1 0.428125 0.901099 1 0.450000 0.898901 1 0.446875 0.907692 1 0.456250 0.872527 1 0.415625 0.942857 1 0.434375 0.942857 1 0.420312 0.986813 1 0.439063 0.986813 1 0.000000 0.000000 0 0.000000 0.000000 0
0 0.295969 0.917088 0.044844 0.165824 0.000000 0.000000 0 0.000000 0.000000 0 0.000000 0.000000 0 0.293750 0.854945 1 0.000000 0.000000 0 0.290625 0.876923 1 0.312500 0.876923 1 0.281250 0.903297 1 0.317188 0.892308 1 0.279687 0.918681 1 0.000000 0.000000 0 0.293750 0.934066 1 0.309375 0.931868 1 0.295312 0.975824 1 0.309375 0.978022 1 0.000000 0.000000 0 0.000000 0.000000 0
0 0.212922 0.922374 0.073813 0.155253 0.207813 0.868132 1 0.210938 0.863736 1 0.000000 0.000000 0 0.000000 0.000000 0 0.000000 0.000000 0 0.228125 0.907692 1 0.214062 0.898901 1 0.234375 0.947253 1 0.210938 0.934066 1 0.207813 0.964835 1 0.190625 0.949451 1 0.228125 0.969231 1 0.220312 0.969231 1 0.000000 0.000000 0 0.000000 0.000000 0 0.000000 0.000000 0 0.000000 0.000000 0
0 0.143313 0.900341 0.069656 0.199319 0.154688 0.826374 1 0.000000 0.000000 0 0.151562 0.819780 1 0.000000 0.000000 0 0.137500 0.826374 1 0.154688 0.859341 1 0.131250 0.859341 1 0.173437 0.901099 1 0.150000 0.903297 1 0.154688 0.892308 1 0.162500 0.909890 1 0.151562 0.945055 1 0.131250 0.951648 1 0.000000 0.000000 0 0.000000 0.000000 0 0.000000 0.000000 0 0.000000 0.000000 0
0 0.190789 0.914319 0.034859 0.171363 0.000000 0.000000 0 0.000000 0.000000 0 0.000000 0.000000 0 0.000000 0.000000 0 0.000000 0.000000 0 0.000000 0.000000 0 0.000000 0.000000 0 0.000000 0.000000 0 0.000000 0.000000 0 0.000000 0.000000 0 0.000000 0.000000 0 0.000000 0.000000 0 0.000000 0.000000 0 0.000000 0.000000 0 0.000000 0.000000 0 0.000000 0.000000 0 0.000000 0.000000 0
0 0.034328 0.910451 0.062250 0.154308 0.000000 0.000000 0 0.000000 0.000000 0 0.000000 0.000000 0 0.000000 0.000000 0 0.053125 0.852747 1 0.018750 0.872527 1 0.056250 0.874725 1 0.009375 0.912088 1 0.056250 0.916484 1 0.021875 0.940659 1 0.035937 0.947253 1 0.021875 0.953846 1 0.045312 0.953846 1 0.000000 0.000000 0 0.000000 0.000000 0 0.000000 0.000000 0 0.000000 0.000000 0
0 0.071492 0.898934 0.038859 0.134176 0.000000 0.000000 0 0.000000 0.000000 0 0.000000 0.000000 0 0.000000 0.000000 0 0.000000 0.000000 0 0.000000 0.000000 0 0.000000 0.000000 0 0.000000 0.000000 0 0.000000 0.000000 0 0.000000 0.000000 0 0.000000 0.000000 0 0.000000 0.000000 0 0.000000 0.000000 0 0.000000 0.000000 0 0.000000 0.000000 0 0.000000 0.000000 0 0.000000 0.000000 0
0 0.109305 0.905758 0.035328 0.188484 0.000000 0.000000 0 0.000000 0.000000 0 0.000000 0.000000 0 0.103125 0.830769 1 0.000000 0.000000 0 0.098437 0.850549 1 0.129688 0.843956 1 0.090625 0.896703 1 0.000000 0.000000 0 0.000000 0.000000 0 0.000000 0.000000 0 0.107813 0.916484 1 0.129688 0.912088 1 0.106250 0.980220 1 0.000000 0.000000 0 0.000000 0.000000 0 0.000000 0.000000 0
0 0.261211 0.913352 0.036078 0.171758 0.268750 0.850549 1 0.270313 0.848352 1 0.265625 0.848352 1 0.000000 0.000000 0 0.256250 0.848352 1 0.273438 0.872527 1 0.246875 0.870330 1 0.279687 0.901099 1 0.243750 0.894505 1 0.271875 0.898901 1 0.256250 0.898901 1 0.268750 0.925275 1 0.253125 0.925275 1 0.000000 0.000000 0 0.000000 0.000000 0 0.000000 0.000000 0 0.000000 0.000000 0
0 0.462563 0.916066 0.045531 0.167253 0.465625 0.857143 1 0.468750 0.852747 1 0.462500 0.852747 1 0.000000 0.000000 0 0.000000 0.000000 0 0.478125 0.874725 1 0.448437 0.874725 1 0.481250 0.896703 1 0.000000 0.000000 0 0.000000 0.000000 0 0.453125 0.912088 1 0.471875 0.938462 1 0.451562 0.938462 1 0.471875 0.978022 1 0.453125 0.978022 1 0.000000 0.000000 0 0.000000 0.000000 0
0 0.498859 0.897396 0.042844 0.142835 0.000000 0.000000 0 0.000000 0.000000 0 0.000000 0.000000 0 0.000000 0.000000 0 0.000000 0.000000 0 0.000000 0.000000 0 0.000000 0.000000 0 0.000000 0.000000 0 0.000000 0.000000 0 0.000000 0.000000 0 0.000000 0.000000 0 0.000000 0.000000 0 0.000000 0.000000 0 0.000000 0.000000 0 0.000000 0.000000 0 0.000000 0.000000 0 0.000000 0.000000 0