0 0.035870 0.428537 0.071740 0.176955 0.000000 0.000000 0 0.000000 0.000000 0 0.000000 0.000000 0 0.000000 0.000000 0 0.000000 0.000000 0 0.000000 0.000000 0 0.000000 0.000000 0 0.000000 0.000000 0 0.000000 0.000000 0 0.000000 0.000000 0 0.000000 0.000000 0 0.000000 0.000000 0 0.000000 0.000000 0 0.000000 0.000000 0 0.000000 0.000000 0 0.000000 0.000000 0 0.000000 0.000000 0
0 0.562090 0.756299 0.202380 0.487403 0.622000 0.647761 1 0.000000 0.000000 0 0.620000 0.623881 1 0.000000 0.000000 0 0.000000 0.000000 0 0.570000 0.641791 1 0.534000 0.674627 1 0.000000 0.000000 0 0.526000 0.823881 1 0.000000 0.000000 0 0.566000 0.961194 1 0.570000 0.895522 1 0.528000 0.931343 1 0.000000 0.000000 0 0.000000 0.000000 0 0.000000 0.000000 0 0.000000 0.000000 0
0 0.211440 0.463403 0.126480 0.233791 0.212000 0.426866 1 0.214000 0.417910 1 0.206000 0.417910 1 0.000000 0.000000 0 0.192000 0.423881 1 0.226000 0.462687 1 0.180000 0.462687 1 0.262000 0.525373 1 0.166000 0.537313 1 0.254000 0.600000 1 0.202000 0.570149 1 0.232000 0.576119 1 0.188000 0.579104 1 0.000000 0.000000 0 0.000000 0.000000 0 0.000000 0.000000 0 0.000000 0.000000 0
0 0.388130 0.692045 0.159540 0.532567 0.408000 0.492537 1 0.410000 0.483582 1 0.400000 0.483582 1 0.000000 0.000000 0 0.000000 0.000000 0 0.428000 0.531343 1 0.362000 0.540299 1 0.000000 0.000000 0 0.328000 0.600000 1 0.000000 0.000000 0 0.336000 0.629851 1 0.418000 0.683582 1 0.382000 0.683582 1 0.446000 0.788060 1 0.362000 0.779104 1 0.450000 0.904478 1 0.332000 0.895522 1
0 0.353840 0.471209 0.072440 0.214418 0.378000 0.411940 1 0.380000 0.408955 1 0.374000 0.408955 1 0.000000 0.000000 0 0.000000 0.000000 0 0.378000 0.435821 1 0.342000 0.444776 1 0.000000 0.000000 0 0.334000 0.501493 1 0.000000 0.000000 0 0.368000 0.507463 1 0.000000 0.000000 0 0.350000 0.546269 1 0.000000 0.000000 0 0.000000 0.000000 0 0.000000 0.000000 0 0.000000 0.000000 0
0 0.565600 0.383418 0.094640 0.345284 0.000000 0.000000 0 0.000000 0.000000 0 0.000000 0.000000 0 0.000000 0.000000 0 0.000000 0.000000 0 0.000000 0.000000 0 0.576000 0.301493 1 0.000000 0.000000 0 0.578000 0.361194 1 0.000000 0.000000 0 0.608000 0.373134 1 0.000000 0.000000 0 0.574000 0.405970 1 0.000000 0.000000 0 0.578000 0.489552 1 0.000000 0.000000 0 0.570000 0.564179 1
0 0.698750 0.558940 0.122860 0.256030 0.696000 0.492537 1 0.704000 0.486567 1 0.688000 0.486567 1 0.712000 0.489552 1 0.682000 0.486567 1 0.722000 0.534328 1 0.668000 0.531343 1 0.746000 0.611940 1 0.654000 0.620896 1 0.716000 0.638806 1 0.682000 0.656716 1 0.714000 0.641791 1 0.676000 0.647761 1 0.000000 0.000000 0 0.628000 0.743284 1 0.000000 0.000000 0 0.000000 0.000000 0
0 0.137150 0.681179 0.258540 0.614119 0.136000 0.450746 1 0.000000 0.000000 0 0.126000 0.435821 1 0.000000 0.000000 0 0.092000 0.444776 1 0.134000 0.510448 1 0.042000 0.507463 1 0.158000 0.570149 1 0.016000 0.585075 1 0.216000 0.626866 1 0.046000 0.653731 1 0.138000 0.683582 1 0.074000 0.713433 1 0.198000 0.740299 1 0.064000 0.856716 1 0.222000 0.865672 1 0.000000 0.000000 0
0 0.768780 0.441090 0.052800 0.148806 0.000000 0.000000 0 0.000000 0.000000 0 0.000000 0.000000 0 0.000000 0.000000 0 0.000000 0.000000 0 0.000000 0.000000 0 0.000000 0.000000 0 0.000000 0.000000 0 0.000000 0.000000 0 0.000000 0.000000 0 0.000000 0.000000 0 0.000000 0.000000 0 0.000000 0.000000 0 0.000000 0.000000 0 0.000000 0.000000 0 0.000000 0.000000 0 0.000000 0.000000 0
0 0.305850 0.361716 0.039780 0.052269 0.000000 0.000000 0 0.000000 0.000000 0 0.000000 0.000000 0 0.000000 0.000000 0 0.000000 0.000000 0 0.000000 0.000000 0 0.000000 0.000000 0 0.000000 0.000000 0 0.000000 0.000000 0 0.000000 0.000000 0 0.000000 0.000000 0 0.000000 0.000000 0 0.000000 0.000000 0 0.000000 0.000000 0 0.000000 0.000000 0 0.000000 0.000000 0 0.000000 0.000000 0
0 0.842630 0.575597 0.109620 0.334358 0.000000 0.000000 0 0.000000 0.000000 0 0.848000 0.456716 1 0.000000 0.000000 0 0.830000 0.465672 1 0.868000 0.504478 1 0.812000 0.510448 1 0.894000 0.567164 1 0.798000 0.597015 1 0.000000 0.000000 0 0.832000 0.647761 1 0.866000 0.617910 1 0.828000 0.626866 1 0.000000 0.000000 0 0.818000 0.707463 1 0.000000 0.000000 0 0.000000 0.000000 0
0 0.334430 0.411657 0.046180 0.114119 0.000000 0.000000 0 0.000000 0.000000 0 0.000000 0.000000 0 0.000000 0.000000 0 0.000000 0.000000 0 0.000000 0.000000 0 0.000000 0.000000 0 0.000000 0.000000 0 0.000000 0.000000 0 0.000000 0.000000 0 0.000000 0.000000 0 0.000000 0.000000 0 0.000000 0.000000 0 0.000000 0.000000 0 0.000000 0.000000 0 0.000000 0.000000 0 0.000000 0.000000 0
0 0.921620 0.474657 0.054760 0.144896 0.000000 0.000000 0 0.000000 0.000000 0 0.000000 0.000000 0 0.000000 0.000000 0 0.000000 0.000000 0 0.000000 0.000000 0 0.000000 0.000000 0 0.000000 0.000000 0 0.000000 0.000000 0 0.000000 0.000000 0 0.000000 0.000000 0 0.000000 0.000000 0 0.000000 0.000000 0 0.000000 0.000000 0 0.000000 0.000000 0 0.000000 0.000000 0 0.000000 0.000000 0