0 0.225750 0.747188 0.360176 0.406750 0.384480 0.600000 1 0.389771 0.595313 1 0.373898 0.585938 1 0.000000 0.000000 0 0.326279 0.582812 1 0.308642 0.604688 1 0.305115 0.610938 1 0.305115 0.746875 1 0.268078 0.720313 1 0.343915 0.850000 1 0.350970 0.767188 1 0.082892 0.679688 1 0.089947 0.687500 1 0.206349 0.759375 1 0.245150 0.762500 1 0.174603 0.898438 1 0.216931 0.917188 1
0 0.686464 0.444930 0.112434 0.224953 0.687831 0.360938 1 0.696649 0.356250 1 0.682540 0.356250 1 0.708995 0.360938 1 0.673721 0.364063 1 0.723104 0.393750 1 0.661376 0.392188 1 0.000000 0.000000 0 0.643739 0.446875 1 0.000000 0.000000 0 0.643739 0.437500 1 0.698413 0.489063 1 0.654321 0.487500 1 0.000000 0.000000 0 0.640212 0.553125 1 0.000000 0.000000 0 0.629630 0.606250 1
0 0.732002 0.465094 0.115503 0.149094 0.754850 0.417187 1 0.765432 0.415625 1 0.746032 0.410938 1 0.770723 0.423438 1 0.738977 0.410938 1 0.761905 0.464062 1 0.716049 0.443750 1 0.756614 0.509375 1 0.689594 0.482812 1 0.000000 0.000000 0 0.693122 0.520312 1 0.719577 0.529687 1 0.689594 0.515625 1 0.000000 0.000000 0 0.000000 0.000000 0 0.000000 0.000000 0 0.000000 0.000000 0
0 0.552663 0.473406 0.130476 0.230406 0.550265 0.395313 1 0.559083 0.389062 1 0.543210 0.389062 1 0.571429 0.395313 1 0.000000 0.000000 0 0.583774 0.428125 1 0.520282 0.428125 1 0.604938 0.475000 1 0.485009 0.482812 1 0.562610 0.476562 1 0.514991 0.471875 1 0.571429 0.514062 1 0.523810 0.512500 1 0.000000 0.000000 0 0.000000 0.000000 0 0.000000 0.000000 0 0.000000 0.000000 0
0 0.912160 0.503625 0.151517 0.214906 0.911817 0.426563 1 0.918871 0.421875 1 0.908289 0.420312 1 0.931217 0.423438 1 0.895944 0.423438 1 0.934744 0.451562 1 0.890653 0.451562 1 0.971781 0.475000 1 0.843034 0.476562 1 0.941799 0.495312 1 0.878307 0.490625 1 0.929453 0.520312 1 0.897707 0.518750 1 0.000000 0.000000 0 0.000000 0.000000 0 0.000000 0.000000 0 0.000000 0.000000 0
0 0.918016 0.391102 0.104815 0.099734 0.924162 0.368750 1 0.932981 0.365625 1 0.918871 0.364063 1 0.941799 0.371875 1 0.906526 0.368750 1 0.947090 0.412500 1 0.887125 0.407813 1 0.954145 0.451562 1 0.874780 0.450000 1 0.000000 0.000000 0 0.000000 0.000000 0 0.000000 0.000000 0 0.000000 0.000000 0 0.000000 0.000000 0 0.000000 0.000000 0 0.000000 0.000000 0 0.000000 0.000000 0
0 0.758316 0.569586 0.128519 0.112703 0.783069 0.540625 1 0.791887 0.535937 1 0.777778 0.534375 1 0.805996 0.546875 1 0.768959 0.542188 1 0.820106 0.582812 1 0.751323 0.579688 1 0.000000 0.000000 0 0.707231 0.595313 1 0.000000 0.000000 0 0.737213 0.614062 1 0.000000 0.000000 0 0.000000 0.000000 0 0.000000 0.000000 0 0.000000 0.000000 0 0.000000 0.000000 0 0.000000 0.000000 0
0 0.194039 0.397242 0.071711 0.121734 0.204586 0.365625 1 0.211640 0.357812 1 0.199295 0.359375 1 0.223986 0.362500 1 0.192240 0.362500 1 0.234568 0.396875 1 0.179894 0.395313 1 0.000000 0.000000 0 0.178131 0.442188 1 0.197531 0.435937 1 0.000000 0.000000 0 0.000000 0.000000 0 0.181658 0.462500 1 0.000000 0.000000 0 0.000000 0.000000 0 0.000000 0.000000 0 0.000000 0.000000 0
0 0.071102 0.427406 0.125873 0.209312 0.070547 0.356250 1 0.077601 0.346875 1 0.063492 0.348438 1 0.091711 0.351562 1 0.000000 0.000000 0 0.098765 0.393750 1 0.044092 0.393750 1 0.093474 0.434375 1 0.017637 0.428125 1 0.038801 0.434375 1 0.065256 0.426563 1 0.091711 0.490625 1 0.049383 0.487500 1 0.091711 0.557813 1 0.052910 0.564063 1 0.000000 0.000000 0 0.000000 0.000000 0
0 0.296931 0.384492 0.069171 0.127266 0.303351 0.350000 1 0.310406 0.345313 1 0.298060 0.345313 1 0.324515 0.348438 1 0.000000 0.000000 0 0.336861 0.393750 1 0.278660 0.393750 1 0.000000 0.000000 0 0.271605 0.420312 1 0.000000 0.000000 0 0.276896 0.426563 1 0.000000 0.000000 0 0.000000 0.000000 0 0.000000 0.000000 0 0.000000 0.000000 0 0.000000 0.000000 0 0.000000 0.000000 0
0 0.823201 0.484203 0.100794 0.133938 0.839506 0.445312 1 0.844797 0.440625 1 0.832451 0.440625 1 0.855379 0.445312 1 0.823633 0.445312 1 0.862434 0.478125 1 0.814815 0.478125 1 0.000000 0.000000 0 0.790123 0.507812 1 0.000000 0.000000 0 0.000000 0.000000 0 0.858907 0.550000 1 0.820106 0.550000 1 0.000000 0.000000 0 0.000000 0.000000 0 0.000000 0.000000 0 0.000000 0.000000 0
0 0.675414 0.595016 0.051852 0.065187 0.000000 0.000000 0 0.000000 0.000000 0 0.000000 0.000000 0 0.000000 0.000000 0 0.000000 0.000000 0 0.000000 0.000000 0 0.000000 0.000000 0 0.000000 0.000000 0 0.000000 0.000000 0 0.000000 0.000000 0 0.000000 0.000000 0 0.000000 0.000000 0 0.000000 0.000000 0 0.000000 0.000000 0 0.000000 0.000000 0 0.000000 0.000000 0 0.000000 0.000000 0
0 0.615600 0.621063 0.076102 0.150094 0.622575 0.571875 1 0.629630 0.568750 1 0.615520 0.565625 1 0.000000 0.000000 0 0.601411 0.568750 1 0.636684 0.603125 1 0.589065 0.596875 1 0.643739 0.626563 1 0.582011 0.625000 1 0.610229 0.631250 1 0.619048 0.629687 1 0.626102 0.671875 1 0.592593 0.670312 1 0.000000 0.000000 0 0.000000 0.000000 0 0.000000 0.000000 0 0.000000 0.000000 0