0 0.266297 0.806750 0.104500 0.364042 0.300000 0.666667 1 0.000000 0.000000 0 0.295312 0.654167 1 0.000000 0.000000 0 0.275000 0.656250 1 0.232813 0.718750 1 0.276562 0.722917 1 0.000000 0.000000 0 0.278125 0.804167 1 0.000000 0.000000 0 0.312500 0.870833 1 0.240625 0.843750 1 0.273438 0.850000 1 0.257812 0.987500 1 0.306250 0.991667 1 0.000000 0.000000 0 0.000000 0.000000 0
0 0.454328 0.747594 0.072813 0.288521 0.000000 0.000000 0 0.000000 0.000000 0 0.000000 0.000000 0 0.000000 0.000000 0 0.000000 0.000000 0 0.434375 0.695833 1 0.453125 0.706250 1 0.000000 0.000000 0 0.440625 0.800000 1 0.000000 0.000000 0 0.000000 0.000000 0 0.431250 0.833333 1 0.453125 0.835417 1 0.000000 0.000000 0 0.450000 0.941667 1 0.000000 0.000000 0 0.000000 0.000000 0
0 0.490094 0.631385 0.028125 0.046563 0.000000 0.000000 0 0.000000 0.000000 0 0.000000 0.000000 0 0.000000 0.000000 0 0.000000 0.000000 0 0.000000 0.000000 0 0.000000 0.000000 0 0.000000 0.000000 0 0.000000 0.000000 0 0.000000 0.000000 0 0.000000 0.000000 0 0.000000 0.000000 0 0.000000 0.000000 0 0.000000 0.000000 0 0.000000 0.000000 0 0.000000 0.000000 0 0.000000 0.000000 0
0 0.554703 0.810906 0.062781 0.373521 0.000000 0.000000 0 0.000000 0.000000 0 0.567187 0.670833 1 0.000000 0.000000 0 0.559375 0.666667 1 0.518750 0.708333 1 0.565625 0.714583 1 0.000000 0.000000 0 0.000000 0.000000 0 0.000000 0.000000 0 0.000000 0.000000 0 0.523438 0.872917 1 0.560937 0.881250 1 0.000000 0.000000 0 0.000000 0.000000 0 0.000000 0.000000 0 0.000000 0.000000 0
0 0.867508 0.807771 0.088766 0.384458 0.825000 0.654167 1 0.832812 0.647917 1 0.000000 0.000000 0 0.853125 0.650000 1 0.000000 0.000000 0 0.875000 0.704167 1 0.851562 0.687500 1 0.904687 0.772917 1 0.000000 0.000000 0 0.850000 0.777083 1 0.000000 0.000000 0 0.870313 0.862500 1 0.848437 0.843750 1 0.850000 0.981250 1 0.884375 0.981250 1 0.000000 0.000000 0 0.000000 0.000000 0
0 0.636242 0.793260 0.160109 0.391021 0.000000 0.000000 0 0.000000 0.000000 0 0.000000 0.000000 0 0.614062 0.645833 1 0.000000 0.000000 0 0.598437 0.727083 1 0.682813 0.725000 1 0.576562 0.835417 1 0.700000 0.825000 1 0.568750 0.904167 1 0.700000 0.902083 1 0.603125 0.927083 1 0.678125 0.925000 1 0.000000 0.000000 0 0.000000 0.000000 0 0.000000 0.000000 0 0.000000 0.000000 0
0 0.770375 0.817156 0.085219 0.365687 0.731250 0.677083 1 0.735938 0.666667 1 0.000000 0.000000 0 0.750000 0.672917 1 0.000000 0.000000 0 0.776563 0.720833 1 0.748437 0.716667 1 0.779687 0.808333 1 0.000000 0.000000 0 0.000000 0.000000 0 0.000000 0.000000 0 0.765625 0.860417 1 0.750000 0.850000 1 0.779687 0.956250 1 0.768750 0.956250 1 0.000000 0.000000 0 0.000000 0.000000 0
0 0.396172 0.784469 0.075719 0.282396 0.000000 0.000000 0 0.000000 0.000000 0 0.000000 0.000000 0 0.000000 0.000000 0 0.398438 0.679167 1 0.378125 0.714583 1 0.407813 0.704167 1 0.367188 0.747917 1 0.426563 0.681250 1 0.000000 0.000000 0 0.414062 0.660417 1 0.384375 0.772917 1 0.407813 0.770833 1 0.389062 0.841667 1 0.403125 0.835417 1 0.396875 0.897917 1 0.403125 0.897917 1
0 0.987180 0.633219 0.025141 0.061729 0.000000 0.000000 0 0.000000 0.000000 0 0.000000 0.000000 0 0.000000 0.000000 0 0.000000 0.000000 0 0.000000 0.000000 0 0.000000 0.000000 0 0.000000 0.000000 0 0.000000 0.000000 0 0.000000 0.000000 0 0.000000 0.000000 0 0.000000 0.000000 0 0.000000 0.000000 0 0.000000 0.000000 0 0.000000 0.000000 0 0.000000 0.000000 0 0.000000 0.000000 0
0 0.104844 0.726104 0.044719 0.168125 0.000000 0.000000 0 0.000000 0.000000 0 0.000000 0.000000 0 0.000000 0.000000 0 0.112500 0.664583 1 0.093750 0.681250 1 0.114062 0.679167 1 0.090625 0.704167 1 0.120313 0.700000 1 0.000000 0.000000 0 0.000000 0.000000 0 0.098437 0.720833 1 0.110937 0.720833 1 0.098437 0.754167 1 0.112500 0.752083 1 0.089063 0.787500 1 0.104688 0.785417 1
0 0.145688 0.679552 0.028344 0.090271 0.000000 0.000000 0 0.000000 0.000000 0 0.000000 0.000000 0 0.000000 0.000000 0 0.000000 0.000000 0 0.000000 0.000000 0 0.000000 0.000000 0 0.000000 0.000000 0 0.000000 0.000000 0 0.000000 0.000000 0 0.000000 0.000000 0 0.000000 0.000000 0 0.000000 0.000000 0 0.000000 0.000000 0 0.000000 0.000000 0 0.000000 0.000000 0 0.000000 0.000000 0
0 0.961688 0.822292 0.076625 0.349625 0.992188 0.700000 1 0.000000 0.000000 0 0.989062 0.691667 1 0.000000 0.000000 0 0.971875 0.683333 1 0.985938 0.718750 1 0.960938 0.714583 1 0.000000 0.000000 0 0.959375 0.752083 1 0.000000 0.000000 0 0.000000 0.000000 0 0.975000 0.812500 1 0.968750 0.812500 1 0.968750 0.910417 1 0.000000 0.000000 0 0.971875 0.989583 1 0.000000 0.000000 0
0 0.934812 0.807990 0.045937 0.359104 0.000000 0.000000 0 0.000000 0.000000 0 0.000000 0.000000 0 0.000000 0.000000 0 0.000000 0.000000 0 0.915625 0.706250 1 0.000000 0.000000 0 0.914062 0.752083 1 0.000000 0.000000 0 0.920312 0.781250 1 0.000000 0.000000 0 0.934375 0.791667 1 0.000000 0.000000 0 0.934375 0.877083 1 0.000000 0.000000 0 0.937500 0.947917 1 0.000000 0.000000 0