0 0.666375 0.646162 0.283969 0.625282 0.698438 0.399061 1 0.000000 0.000000 0 0.692187 0.387324 1 0.000000 0.000000 0 0.676562 0.382629 1 0.607812 0.436620 1 0.696875 0.448357 1 0.550000 0.481221 1 0.000000 0.000000 0 0.000000 0.000000 0 0.000000 0.000000 0 0.612500 0.645540 1 0.681250 0.647887 1 0.600000 0.772300 1 0.737500 0.765258 1 0.542188 0.927230 1 0.762500 0.924883 1
0 0.327297 0.716878 0.196812 0.448545 0.337500 0.570423 1 0.000000 0.000000 0 0.326562 0.558685 1 0.000000 0.000000 0 0.303125 0.553991 1 0.306250 0.612676 1 0.265625 0.615023 1 0.326562 0.694836 1 0.275000 0.741784 1 0.365625 0.711268 1 0.346875 0.727700 1 0.306250 0.758216 1 0.268750 0.769953 1 0.409375 0.774648 1 0.357812 0.819249 1 0.320312 0.884977 1 0.264062 0.873239 1
0 0.542594 0.588192 0.101938 0.355258 0.556250 0.464789 1 0.557813 0.457746 1 0.550000 0.457746 1 0.000000 0.000000 0 0.535937 0.462441 1 0.575000 0.514085 1 0.517188 0.521127 1 0.587500 0.579812 1 0.500000 0.591549 1 0.609375 0.598592 1 0.529687 0.626761 1 0.570312 0.654930 1 0.534375 0.643192 1 0.573438 0.720657 1 0.559375 0.685446 1 0.000000 0.000000 0 0.559375 0.791080 1
0 0.406570 0.575904 0.135828 0.263310 0.432812 0.490610 1 0.435937 0.481221 1 0.426563 0.481221 1 0.000000 0.000000 0 0.410938 0.483568 1 0.450000 0.532864 1 0.392188 0.528169 1 0.457813 0.593897 1 0.351562 0.502347 1 0.434375 0.603286 1 0.414062 0.504695 1 0.420312 0.645540 1 0.389062 0.643192 1 0.462500 0.619718 1 0.387500 0.739437 1 0.459375 0.730047 1 0.000000 0.000000 0
0 0.134672 0.650822 0.117531 0.214695 0.126562 0.591549 1 0.131250 0.582160 1 0.120313 0.584507 1 0.140625 0.584507 1 0.110937 0.591549 1 0.154688 0.631455 1 0.103125 0.636150 1 0.184375 0.666667 1 0.085938 0.685446 1 0.156250 0.605634 1 0.104688 0.624413 1 0.150000 0.776995 1 0.107813 0.776995 1 0.000000 0.000000 0 0.000000 0.000000 0 0.000000 0.000000 0 0.000000 0.000000 0
0 0.891648 0.614308 0.076797 0.204202 0.917188 0.553991 1 0.000000 0.000000 0 0.912500 0.544601 1 0.000000 0.000000 0 0.898438 0.549296 1 0.900000 0.593897 1 0.878125 0.603286 1 0.000000 0.000000 0 0.898438 0.673709 1 0.000000 0.000000 0 0.950000 0.680751 1 0.000000 0.000000 0 0.876563 0.718310 1 0.000000 0.000000 0 0.000000 0.000000 0 0.000000 0.000000 0 0.000000 0.000000 0
0 0.940234 0.339988 0.055531 0.172042 0.935937 0.286385 1 0.940625 0.279343 1 0.932813 0.279343 1 0.953125 0.288732 1 0.000000 0.000000 0 0.959375 0.330986 1 0.920312 0.316901 1 0.000000 0.000000 0 0.940625 0.335681 1 0.000000 0.000000 0 0.960938 0.309859 1 0.000000 0.000000 0 0.000000 0.000000 0 0.000000 0.000000 0 0.000000 0.000000 0 0.000000 0.000000 0 0.000000 0.000000 0
0 0.204086 0.337770 0.083734 0.132629 0.000000 0.000000 0 0.000000 0.000000 0 0.000000 0.000000 0 0.185938 0.314554 1 0.209375 0.312207 1 0.179688 0.363850 1 0.234375 0.361502 1 0.000000 0.000000 0 0.000000 0.000000 0 0.000000 0.000000 0 0.000000 0.000000 0 0.000000 0.000000 0 0.000000 0.000000 0 0.000000 0.000000 0 0.000000 0.000000 0 0.000000 0.000000 0 0.000000 0.000000 0
0 0.321633 0.345012 0.067578 0.111432 0.345313 0.323944 1 0.000000 0.000000 0 0.340625 0.314554 1 0.000000 0.000000 0 0.325000 0.321596 1 0.340625 0.356808 1 0.306250 0.356808 1 0.000000 0.000000 0 0.300000 0.410798 1 0.000000 0.000000 0 0.000000 0.000000 0 0.000000 0.000000 0 0.000000 0.000000 0 0.000000 0.000000 0 0.000000 0.000000 0 0.000000 0.000000 0 0.000000 0.000000 0
0 0.058297 0.581937 0.115969 0.697019 0.023438 0.300469 1 0.023438 0.286385 1 0.012500 0.286385 1 0.000000 0.000000 0 0.000000 0.000000 0 0.018750 0.368545 1 0.000000 0.000000 0 0.000000 0.000000 0 0.000000 0.000000 0 0.023438 0.549296 1 0.000000 0.000000 0 0.000000 0.000000 0 0.000000 0.000000 0 0.000000 0.000000 0 0.023438 0.718310 1 0.000000 0.000000 0 0.064062 0.868545 1
0 0.535500 0.260540 0.079281 0.119577 0.000000 0.000000 0 0.000000 0.000000 0 0.000000 0.000000 0 0.000000 0.000000 0 0.000000 0.000000 0 0.000000 0.000000 0 0.000000 0.000000 0 0.000000 0.000000 0 0.000000 0.000000 0 0.000000 0.000000 0 0.000000 0.000000 0 0.000000 0.000000 0 0.000000 0.000000 0 0.000000 0.000000 0 0.000000 0.000000 0 0.000000 0.000000 0 0.000000 0.000000 0
0 0.491906 0.225446 0.063406 0.134836 0.485938 0.201878 1 0.490625 0.194836 1 0.484375 0.192488 1 0.506250 0.199531 1 0.000000 0.000000 0 0.521875 0.239437 1 0.465625 0.239437 1 0.000000 0.000000 0 0.000000 0.000000 0 0.000000 0.000000 0 0.000000 0.000000 0 0.000000 0.000000 0 0.000000 0.000000 0 0.000000 0.000000 0 0.000000 0.000000 0 0.000000 0.000000 0 0.000000 0.000000 0
0 0.210461 0.704155 0.042234 0.104038 0.000000 0.000000 0 0.000000 0.000000 0 0.000000 0.000000 0 0.000000 0.000000 0 0.000000 0.000000 0 0.000000 0.000000 0 0.000000 0.000000 0 0.000000 0.000000 0 0.000000 0.000000 0 0.000000 0.000000 0 0.000000 0.000000 0 0.000000 0.000000 0 0.000000 0.000000 0 0.000000 0.000000 0 0.000000 0.000000 0 0.000000 0.000000 0 0.000000 0.000000 0