0 0.690477 0.611487 0.202859 0.475246 0.662500 0.437939 1 0.664062 0.428571 1 0.656250 0.430913 1 0.681250 0.414520 1 0.000000 0.000000 0 0.692187 0.459016 1 0.668750 0.449649 1 0.689063 0.505855 1 0.659375 0.480094 1 0.676562 0.562061 1 0.621875 0.498829 1 0.732812 0.562061 1 0.706250 0.578454 1 0.731250 0.669789 1 0.706250 0.681499 1 0.759375 0.761124 1 0.740625 0.777518 1
0 0.751891 0.431967 0.080125 0.388431 0.754687 0.278689 1 0.757812 0.269321 1 0.748437 0.269321 1 0.764062 0.269321 1 0.742188 0.271663 1 0.775000 0.323185 1 0.725000 0.325527 1 0.781250 0.384075 1 0.717187 0.393443 1 0.782813 0.440281 1 0.720313 0.442623 1 0.764062 0.447307 1 0.731250 0.444965 1 0.771875 0.515222 1 0.734375 0.519906 1 0.775000 0.606557 1 0.734375 0.615925 1
0 0.703125 0.182319 0.116781 0.197049 0.689063 0.126464 1 0.693750 0.121780 1 0.684375 0.121780 1 0.700000 0.117096 1 0.675000 0.114754 1 0.714063 0.142857 1 0.660937 0.147541 1 0.725000 0.201405 1 0.654687 0.215457 1 0.715625 0.210773 1 0.679688 0.217799 1 0.707812 0.220141 1 0.671875 0.227166 1 0.751563 0.245902 1 0.651563 0.248244 1 0.748437 0.325527 1 0.662500 0.330211 1
0 0.209992 0.147283 0.107891 0.287775 0.212500 0.035129 1 0.215625 0.030445 1 0.206250 0.030445 1 0.000000 0.000000 0 0.195312 0.030445 1 0.225000 0.063232 1 0.176563 0.067916 1 0.245312 0.131148 1 0.164062 0.126464 1 0.229687 0.156909 1 0.179688 0.154567 1 0.226562 0.168618 1 0.181250 0.173302 1 0.246875 0.189696 1 0.164062 0.196721 1 0.245312 0.271663 1 0.175000 0.269321 1
0 0.480523 0.113489 0.073453 0.213489 0.495312 0.046838 1 0.500000 0.039813 1 0.490625 0.039813 1 0.506250 0.042155 1 0.482812 0.042155 1 0.514062 0.072600 1 0.476562 0.074941 1 0.501563 0.138173 1 0.492188 0.131148 1 0.462500 0.156909 1 0.500000 0.072600 1 0.506250 0.154567 1 0.479687 0.152225 1 0.485938 0.140515 1 0.503125 0.173302 1 0.482812 0.236534 1 0.496875 0.262295 1
0 0.601750 0.178091 0.092469 0.211405 0.606250 0.112412 1 0.610938 0.105386 1 0.601562 0.105386 1 0.620313 0.110070 1 0.595313 0.110070 1 0.635938 0.145199 1 0.584375 0.147541 1 0.642188 0.199063 1 0.565625 0.208431 1 0.639062 0.215457 1 0.584375 0.224824 1 0.631250 0.234192 1 0.587500 0.231850 1 0.614062 0.220141 1 0.621875 0.245902 1 0.595313 0.295082 1 0.621875 0.337237 1
0 0.636969 0.067061 0.079687 0.134122 0.635938 0.030445 1 0.640625 0.023419 1 0.629687 0.023419 1 0.645312 0.025761 1 0.621875 0.025761 1 0.656250 0.058548 1 0.607812 0.060890 1 0.679688 0.119438 1 0.606250 0.112412 1 0.665625 0.088993 1 0.632812 0.079625 1 0.000000 0.000000 0 0.000000 0.000000 0 0.000000 0.000000 0 0.000000 0.000000 0 0.000000 0.000000 0 0.000000 0.000000 0
0 0.916125 0.134192 0.080125 0.268384 0.910937 0.021077 1 0.915625 0.014052 1 0.906250 0.014052 1 0.926562 0.014052 1 0.901563 0.018735 1 0.935937 0.044496 1 0.892188 0.049180 1 0.946875 0.096019 1 0.890625 0.091335 1 0.942187 0.131148 1 0.904687 0.124122 1 0.935937 0.128806 1 0.906250 0.133489 1 0.948438 0.147541 1 0.904687 0.145199 1 0.935937 0.236534 1 0.907813 0.234192 1
0 0.976102 0.093267 0.047797 0.175808 0.995313 0.023419 1 0.996875 0.016393 1 0.989062 0.023419 1 0.000000 0.000000 0 0.978125 0.025761 1 0.000000 0.000000 0 0.970313 0.053864 1 0.000000 0.000000 0 0.960938 0.114754 1 0.000000 0.000000 0 0.982812 0.112412 1 0.000000 0.000000 0 0.970313 0.131148 1 0.000000 0.000000 0 0.000000 0.000000 0 0.000000 0.000000 0 0.000000 0.000000 0
0 0.142430 0.210117 0.092953 0.177518 0.154688 0.173302 1 0.160938 0.163934 1 0.151562 0.161593 1 0.165625 0.161593 1 0.140625 0.154567 1 0.173437 0.180328 1 0.126562 0.180328 1 0.176563 0.231850 1 0.129688 0.248244 1 0.175000 0.255269 1 0.160938 0.257611 1 0.153125 0.257611 1 0.117188 0.257611 1 0.179688 0.269321 1 0.135937 0.271663 1 0.185938 0.334895 1 0.128125 0.332553 1
0 0.049602 0.192424 0.098828 0.218431 0.020313 0.128806 1 0.023438 0.121780 1 0.015625 0.121780 1 0.029687 0.124122 1 0.006250 0.124122 1 0.050000 0.166276 1 0.000000 0.166276 1 0.067187 0.206089 1 0.000000 0.000000 0 0.081250 0.255269 1 0.028125 0.255269 1 0.051562 0.259953 1 0.017188 0.259953 1 0.090625 0.278689 1 0.009375 0.276347 1 0.071875 0.353630 1 0.010937 0.353630 1
0 0.589867 0.039133 0.064891 0.077049 0.000000 0.000000 0 0.000000 0.000000 0 0.000000 0.000000 0 0.000000 0.000000 0 0.000000 0.000000 0 0.000000 0.000000 0 0.000000 0.000000 0 0.000000 0.000000 0 0.000000 0.000000 0 0.000000 0.000000 0 0.000000 0.000000 0 0.000000 0.000000 0 0.000000 0.000000 0 0.000000 0.000000 0 0.000000 0.000000 0 0.000000 0.000000 0 0.000000 0.000000 0
0 0.048836 0.109485 0.097672 0.213677 0.025000 0.042155 1 0.029687 0.037471 1 0.018750 0.037471 1 0.035937 0.042155 1 0.007812 0.039813 1 0.051562 0.081967 1 0.000000 0.000000 0 0.071875 0.145199 1 0.000000 0.000000 0 0.056250 0.175644 1 0.004687 0.163934 1 0.045312 0.161593 1 0.007812 0.161593 1 0.084375 0.177986 1 0.000000 0.000000 0 0.089063 0.266979 1 0.000000 0.000000 0