0 0.443500 0.494378 0.566906 0.930352 0.448437 0.171362 1 0.000000 0.000000 0 0.432812 0.157277 1 0.000000 0.000000 0 0.389062 0.133803 1 0.404687 0.112676 1 0.381250 0.201878 1 0.482812 0.246479 1 0.465625 0.352113 1 0.571875 0.330986 1 0.592187 0.410798 1 0.398438 0.387324 1 0.389062 0.429577 1 0.556250 0.615023 1 0.395313 0.781690 1 0.640625 0.849765 1 0.235937 0.816901 1
0 0.838727 0.579894 0.103516 0.459742 0.859375 0.403756 1 0.864062 0.394366 1 0.853125 0.394366 1 0.875000 0.396714 1 0.845313 0.401408 1 0.881250 0.462441 1 0.826562 0.443662 1 0.882812 0.542254 1 0.807813 0.507042 1 0.873437 0.542254 1 0.842187 0.537559 1 0.846875 0.596244 1 0.817187 0.568075 1 0.851562 0.687793 1 0.803125 0.657277 1 0.809375 0.781690 1 0.798438 0.784038 1
0 0.050328 0.652418 0.100406 0.379765 0.017188 0.514085 1 0.023438 0.504695 1 0.007812 0.504695 1 0.029687 0.509390 1 0.000000 0.000000 0 0.035937 0.577465 1 0.000000 0.000000 0 0.000000 0.000000 0 0.000000 0.000000 0 0.000000 0.000000 0 0.000000 0.000000 0 0.025000 0.713615 1 0.000000 0.000000 0 0.087500 0.755869 1 0.032813 0.765258 1 0.039062 0.838028 1 0.014063 0.821596 1
0 0.629063 0.497758 0.100000 0.125563 0.626563 0.431925 1 0.632812 0.429577 1 0.620313 0.429577 1 0.000000 0.000000 0 0.000000 0.000000 0 0.640625 0.453052 1 0.590625 0.460094 1 0.650000 0.518779 1 0.600000 0.537559 1 0.660937 0.537559 1 0.654687 0.539906 1 0.000000 0.000000 0 0.000000 0.000000 0 0.000000 0.000000 0 0.000000 0.000000 0 0.000000 0.000000 0 0.000000 0.000000 0
0 0.690375 0.629871 0.146812 0.373873 0.707812 0.492958 1 0.712500 0.483568 1 0.700000 0.483568 1 0.000000 0.000000 0 0.687500 0.490610 1 0.709375 0.509390 1 0.676562 0.497653 1 0.756250 0.568075 1 0.721875 0.565728 1 0.717187 0.549296 1 0.723437 0.542254 1 0.685937 0.659624 1 0.657813 0.652582 1 0.748437 0.680751 1 0.675000 0.676056 1 0.701562 0.758216 1 0.659375 0.769953 1
0 0.936523 0.561561 0.120297 0.461338 0.918750 0.380282 1 0.923438 0.373239 1 0.912500 0.373239 1 0.934375 0.375587 1 0.904687 0.375587 1 0.937500 0.431925 1 0.887500 0.413146 1 0.942187 0.495305 1 0.882812 0.478873 1 0.931250 0.511737 1 0.920312 0.485915 1 0.928125 0.525822 1 0.893750 0.525822 1 0.985938 0.514085 1 0.912500 0.647887 1 0.000000 0.000000 0 0.923438 0.769953 1
0 0.052953 0.176291 0.105906 0.184507 0.023438 0.133803 1 0.026562 0.126761 1 0.020313 0.126761 1 0.000000 0.000000 0 0.004687 0.124413 1 0.031250 0.161972 1 0.000000 0.000000 0 0.000000 0.000000 0 0.000000 0.000000 0 0.000000 0.000000 0 0.023438 0.208920 1 0.037500 0.239437 1 0.012500 0.251174 1 0.071875 0.260563 1 0.062500 0.213615 1 0.000000 0.000000 0 0.104688 0.267606 1
0 0.607211 0.049331 0.039484 0.057817 0.000000 0.000000 0 0.000000 0.000000 0 0.000000 0.000000 0 0.000000 0.000000 0 0.000000 0.000000 0 0.000000 0.000000 0 0.000000 0.000000 0 0.000000 0.000000 0 0.000000 0.000000 0 0.000000 0.000000 0 0.000000 0.000000 0 0.000000 0.000000 0 0.000000 0.000000 0 0.000000 0.000000 0 0.000000 0.000000 0 0.000000 0.000000 0 0.000000 0.000000 0
0 0.682508 0.066678 0.068297 0.127770 0.678125 0.030516 1 0.681250 0.023474 1 0.673438 0.025822 1 0.000000 0.000000 0 0.665625 0.039906 1 0.693750 0.049296 1 0.662500 0.072770 1 0.710938 0.014085 1 0.000000 0.000000 0 0.689063 0.009390 1 0.000000 0.000000 0 0.000000 0.000000 0 0.000000 0.000000 0 0.000000 0.000000 0 0.000000 0.000000 0 0.000000 0.000000 0 0.000000 0.000000 0
0 0.552727 0.640927 0.153484 0.367300 0.560937 0.504695 1 0.567187 0.492958 1 0.554688 0.492958 1 0.576562 0.497653 1 0.543750 0.495305 1 0.582812 0.514085 1 0.535937 0.511737 1 0.621875 0.561033 1 0.581250 0.572770 1 0.000000 0.000000 0 0.000000 0.000000 0 0.000000 0.000000 0 0.000000 0.000000 0 0.551562 0.690141 1 0.000000 0.000000 0 0.507812 0.765258 1 0.000000 0.000000 0
0 0.061430 0.646009 0.030141 0.055681 0.000000 0.000000 0 0.000000 0.000000 0 0.000000 0.000000 0 0.000000 0.000000 0 0.000000 0.000000 0 0.000000 0.000000 0 0.000000 0.000000 0 0.000000 0.000000 0 0.000000 0.000000 0 0.000000 0.000000 0 0.000000 0.000000 0 0.000000 0.000000 0 0.000000 0.000000 0 0.000000 0.000000 0 0.000000 0.000000 0 0.000000 0.000000 0 0.000000 0.000000 0
0 0.327883 0.641092 0.070672 0.219038 0.000000 0.000000 0 0.000000 0.000000 0 0.000000 0.000000 0 0.000000 0.000000 0 0.000000 0.000000 0 0.000000 0.000000 0 0.000000 0.000000 0 0.000000 0.000000 0 0.000000 0.000000 0 0.000000 0.000000 0 0.000000 0.000000 0 0.357812 0.631455 1 0.334375 0.626761 1 0.337500 0.737089 1 0.329688 0.737089 1 0.000000 0.000000 0 0.000000 0.000000 0
0 0.149742 0.520599 0.170672 0.281995 0.173437 0.424883 1 0.178125 0.417840 1 0.167187 0.417840 1 0.000000 0.000000 0 0.150000 0.424883 1 0.181250 0.469484 1 0.131250 0.464789 1 0.209375 0.530516 1 0.140625 0.544601 1 0.000000 0.000000 0 0.196875 0.535211 1 0.123438 0.584507 1 0.092188 0.586854 1 0.000000 0.000000 0 0.131250 0.694836 1 0.000000 0.000000 0 0.000000 0.000000 0