0 0.317422 0.381382 0.142000 0.387073 0.000000 0.000000 0 0.000000 0.000000 0 0.000000 0.000000 0 0.000000 0.000000 0 0.298438 0.236534 1 0.259375 0.276347 1 0.290625 0.278689 1 0.000000 0.000000 0 0.306250 0.353630 1 0.000000 0.000000 0 0.318750 0.374707 1 0.262500 0.388759 1 0.290625 0.386417 1 0.000000 0.000000 0 0.346875 0.440281 1 0.000000 0.000000 0 0.346875 0.536300 1
0 0.464133 0.563349 0.055391 0.234239 0.000000 0.000000 0 0.000000 0.000000 0 0.000000 0.000000 0 0.000000 0.000000 0 0.476562 0.468384 1 0.454688 0.480094 1 0.475000 0.482436 1 0.440625 0.510539 1 0.482812 0.519906 1 0.450000 0.526932 1 0.475000 0.533958 1 0.451562 0.540984 1 0.465625 0.540984 1 0.456250 0.615925 1 0.462500 0.618267 1 0.450000 0.674473 1 0.462500 0.658080 1
0 0.600109 0.585375 0.096437 0.391639 0.593750 0.423888 1 0.601562 0.416862 1 0.592187 0.416862 1 0.614062 0.419204 1 0.000000 0.000000 0 0.623437 0.456674 1 0.581250 0.461358 1 0.000000 0.000000 0 0.559375 0.519906 1 0.623437 0.494145 1 0.576562 0.519906 1 0.617188 0.555035 1 0.590625 0.559719 1 0.000000 0.000000 0 0.576562 0.620609 1 0.000000 0.000000 0 0.601562 0.676815 1
0 0.430648 0.506030 0.037203 0.086019 0.000000 0.000000 0 0.000000 0.000000 0 0.000000 0.000000 0 0.000000 0.000000 0 0.000000 0.000000 0 0.000000 0.000000 0 0.000000 0.000000 0 0.000000 0.000000 0 0.000000 0.000000 0 0.000000 0.000000 0 0.000000 0.000000 0 0.000000 0.000000 0 0.000000 0.000000 0 0.000000 0.000000 0 0.000000 0.000000 0 0.000000 0.000000 0 0.000000 0.000000 0
0 0.845445 0.516522 0.037172 0.100023 0.000000 0.000000 0 0.000000 0.000000 0 0.000000 0.000000 0 0.000000 0.000000 0 0.000000 0.000000 0 0.000000 0.000000 0 0.000000 0.000000 0 0.000000 0.000000 0 0.000000 0.000000 0 0.000000 0.000000 0 0.000000 0.000000 0 0.000000 0.000000 0 0.000000 0.000000 0 0.000000 0.000000 0 0.000000 0.000000 0 0.000000 0.000000 0 0.000000 0.000000 0
0 0.813055 0.568009 0.034547 0.195082 0.000000 0.000000 0 0.000000 0.000000 0 0.000000 0.000000 0 0.000000 0.000000 0 0.821875 0.484778 1 0.807813 0.503513 1 0.823438 0.503513 1 0.804688 0.526932 1 0.823438 0.531616 1 0.000000 0.000000 0 0.000000 0.000000 0 0.810937 0.550351 1 0.823438 0.550351 1 0.810937 0.594848 1 0.825000 0.587822 1 0.809375 0.629977 1 0.826562 0.620609 1
0 0.743055 0.537061 0.040078 0.187143 0.753125 0.466042 1 0.753125 0.461358 1 0.748437 0.461358 1 0.000000 0.000000 0 0.000000 0.000000 0 0.000000 0.000000 0 0.734375 0.480094 1 0.000000 0.000000 0 0.737500 0.515222 1 0.000000 0.000000 0 0.759375 0.515222 1 0.742188 0.533958 1 0.000000 0.000000 0 0.756250 0.585480 1 0.000000 0.000000 0 0.000000 0.000000 0 0.000000 0.000000 0
0 0.781359 0.559883 0.045219 0.171897 0.000000 0.000000 0 0.000000 0.000000 0 0.000000 0.000000 0 0.000000 0.000000 0 0.784375 0.494145 1 0.762500 0.505855 1 0.785937 0.505855 1 0.760938 0.540984 1 0.793750 0.533958 1 0.762500 0.557377 1 0.798438 0.550351 1 0.768750 0.550351 1 0.781250 0.550351 1 0.771875 0.599532 1 0.779687 0.597190 1 0.771875 0.639344 1 0.776563 0.641686 1
0 0.909734 0.564824 0.041281 0.164356 0.000000 0.000000 0 0.000000 0.000000 0 0.000000 0.000000 0 0.000000 0.000000 0 0.000000 0.000000 0 0.000000 0.000000 0 0.000000 0.000000 0 0.000000 0.000000 0 0.000000 0.000000 0 0.000000 0.000000 0 0.000000 0.000000 0 0.000000 0.000000 0 0.000000 0.000000 0 0.000000 0.000000 0 0.000000 0.000000 0 0.000000 0.000000 0 0.000000 0.000000 0
0 0.989461 0.561288 0.021078 0.166651 0.000000 0.000000 0 0.000000 0.000000 0 0.000000 0.000000 0 0.000000 0.000000 0 0.000000 0.000000 0 0.000000 0.000000 0 0.000000 0.000000 0 0.000000 0.000000 0 0.000000 0.000000 0 0.000000 0.000000 0 0.000000 0.000000 0 0.000000 0.000000 0 0.000000 0.000000 0 0.000000 0.000000 0 0.000000 0.000000 0 0.000000 0.000000 0 0.000000 0.000000 0
0 0.962109 0.557529 0.044375 0.193747 0.000000 0.000000 0 0.000000 0.000000 0 0.000000 0.000000 0 0.000000 0.000000 0 0.000000 0.000000 0 0.948438 0.498829 1 0.970313 0.498829 1 0.000000 0.000000 0 0.000000 0.000000 0 0.000000 0.000000 0 0.000000 0.000000 0 0.953125 0.555035 1 0.967187 0.552693 1 0.951562 0.594848 1 0.968750 0.592506 1 0.000000 0.000000 0 0.000000 0.000000 0
0 0.870211 0.559122 0.029172 0.174871 0.000000 0.000000 0 0.000000 0.000000 0 0.000000 0.000000 0 0.000000 0.000000 0 0.000000 0.000000 0 0.000000 0.000000 0 0.000000 0.000000 0 0.000000 0.000000 0 0.000000 0.000000 0 0.000000 0.000000 0 0.000000 0.000000 0 0.000000 0.000000 0 0.000000 0.000000 0 0.000000 0.000000 0 0.000000 0.000000 0 0.000000 0.000000 0 0.000000 0.000000 0
0 0.929055 0.566511 0.022859 0.144871 0.000000 0.000000 0 0.000000 0.000000 0 0.000000 0.000000 0 0.000000 0.000000 0 0.000000 0.000000 0 0.000000 0.000000 0 0.000000 0.000000 0 0.000000 0.000000 0 0.000000 0.000000 0 0.000000 0.000000 0 0.000000 0.000000 0 0.000000 0.000000 0 0.000000 0.000000 0 0.000000 0.000000 0 0.000000 0.000000 0 0.000000 0.000000 0 0.000000 0.000000 0