0 0.432805 0.343820 0.291547 0.426986 0.332813 0.179907 1 0.000000 0.000000 0 0.323437 0.179907 1 0.000000 0.000000 0 0.314063 0.186916 1 0.332813 0.245327 1 0.321875 0.247664 1 0.000000 0.000000 0 0.334375 0.334112 1 0.000000 0.000000 0 0.379688 0.378505 1 0.407813 0.352804 1 0.404687 0.359813 1 0.481250 0.415888 1 0.475000 0.415888 1 0.526563 0.509346 1 0.528125 0.528037 1
0 0.762875 0.281110 0.089219 0.334369 0.770312 0.156542 1 0.775000 0.151869 1 0.767188 0.149533 1 0.000000 0.000000 0 0.000000 0.000000 0 0.792188 0.191589 1 0.753125 0.182243 1 0.798438 0.247664 1 0.725000 0.186916 1 0.782813 0.285047 1 0.732812 0.144860 1 0.779687 0.292056 1 0.759375 0.292056 1 0.779687 0.355140 1 0.762500 0.352804 1 0.778125 0.422897 1 0.764062 0.413551 1
0 0.642883 0.219626 0.051484 0.219673 0.645312 0.130841 1 0.648438 0.128505 1 0.642188 0.126168 1 0.653125 0.133178 1 0.639062 0.130841 1 0.659375 0.158879 1 0.629687 0.158879 1 0.662500 0.193925 1 0.625000 0.186916 1 0.653125 0.214953 1 0.620313 0.210280 1 0.650000 0.226636 1 0.629687 0.226636 1 0.648438 0.275701 1 0.628125 0.273364 1 0.643750 0.320093 1 0.626563 0.315421 1
0 0.576570 0.221484 0.050953 0.185537 0.581250 0.154206 1 0.585938 0.147196 1 0.578125 0.147196 1 0.589063 0.151869 1 0.000000 0.000000 0 0.592187 0.175234 1 0.573438 0.175234 1 0.589063 0.203271 1 0.565625 0.205607 1 0.587500 0.231308 1 0.560937 0.231308 1 0.584375 0.231308 1 0.570312 0.231308 1 0.578125 0.268692 1 0.568750 0.271028 1 0.573438 0.296729 1 0.567187 0.296729 1
0 0.416469 0.144871 0.029344 0.101051 0.000000 0.000000 0 0.000000 0.000000 0 0.000000 0.000000 0 0.000000 0.000000 0 0.000000 0.000000 0 0.000000 0.000000 0 0.000000 0.000000 0 0.000000 0.000000 0 0.000000 0.000000 0 0.000000 0.000000 0 0.000000 0.000000 0 0.000000 0.000000 0 0.000000 0.000000 0 0.000000 0.000000 0 0.000000 0.000000 0 0.000000 0.000000 0 0.000000 0.000000 0
0 0.865203 0.275467 0.056750 0.227944 0.862500 0.182243 1 0.868750 0.177570 1 0.862500 0.177570 1 0.876563 0.177570 1 0.000000 0.000000 0 0.884375 0.207944 1 0.850000 0.205607 1 0.879687 0.240654 1 0.843750 0.231308 1 0.862500 0.259346 1 0.851562 0.257009 1 0.868750 0.268692 1 0.846875 0.268692 1 0.862500 0.322430 1 0.846875 0.329439 1 0.862500 0.359813 1 0.843750 0.364486 1
0 0.278266 0.189334 0.052563 0.133388 0.000000 0.000000 0 0.000000 0.000000 0 0.000000 0.000000 0 0.000000 0.000000 0 0.000000 0.000000 0 0.000000 0.000000 0 0.000000 0.000000 0 0.000000 0.000000 0 0.000000 0.000000 0 0.000000 0.000000 0 0.000000 0.000000 0 0.000000 0.000000 0 0.000000 0.000000 0 0.000000 0.000000 0 0.000000 0.000000 0 0.000000 0.000000 0 0.000000 0.000000 0
0 0.278570 0.105818 0.038047 0.129159 0.000000 0.000000 0 0.000000 0.000000 0 0.000000 0.000000 0 0.000000 0.000000 0 0.000000 0.000000 0 0.000000 0.000000 0 0.000000 0.000000 0 0.000000 0.000000 0 0.000000 0.000000 0 0.000000 0.000000 0 0.000000 0.000000 0 0.000000 0.000000 0 0.000000 0.000000 0 0.000000 0.000000 0 0.000000 0.000000 0 0.000000 0.000000 0 0.000000 0.000000 0
0 0.223266 0.162991 0.045406 0.133879 0.000000 0.000000 0 0.000000 0.000000 0 0.000000 0.000000 0 0.000000 0.000000 0 0.000000 0.000000 0 0.000000 0.000000 0 0.000000 0.000000 0 0.000000 0.000000 0 0.000000 0.000000 0 0.000000 0.000000 0 0.000000 0.000000 0 0.000000 0.000000 0 0.000000 0.000000 0 0.000000 0.000000 0 0.000000 0.000000 0 0.000000 0.000000 0 0.000000 0.000000 0
0 0.493164 0.157033 0.050734 0.160794 0.492188 0.102804 1 0.495312 0.098131 1 0.487500 0.098131 1 0.000000 0.000000 0 0.484375 0.100467 1 0.503125 0.119159 1 0.475000 0.119159 1 0.515625 0.144860 1 0.471875 0.154206 1 0.495312 0.151869 1 0.487500 0.144860 1 0.496875 0.182243 1 0.479687 0.182243 1 0.496875 0.228972 1 0.476562 0.231308 1 0.000000 0.000000 0 0.000000 0.000000 0
0 0.364961 0.204685 0.022547 0.071706 0.000000 0.000000 0 0.000000 0.000000 0 0.000000 0.000000 0 0.000000 0.000000 0 0.000000 0.000000 0 0.000000 0.000000 0 0.000000 0.000000 0 0.000000 0.000000 0 0.000000 0.000000 0 0.000000 0.000000 0 0.000000 0.000000 0 0.000000 0.000000 0 0.000000 0.000000 0 0.000000 0.000000 0 0.000000 0.000000 0 0.000000 0.000000 0 0.000000 0.000000 0
0 0.677523 0.213458 0.043359 0.234533 0.670312 0.114486 1 0.673438 0.109813 1 0.667188 0.109813 1 0.000000 0.000000 0 0.000000 0.000000 0 0.687500 0.142523 1 0.659375 0.135514 1 0.690625 0.165888 1 0.000000 0.000000 0 0.689063 0.189252 1 0.000000 0.000000 0 0.673438 0.205607 1 0.659375 0.203271 1 0.671875 0.252336 1 0.000000 0.000000 0 0.671875 0.289720 1 0.000000 0.000000 0