0 0.160508 0.249885 0.117234 0.253646 0.168750 0.166667 1 0.175000 0.162500 1 0.162500 0.156250 1 0.000000 0.000000 0 0.146875 0.160417 1 0.176563 0.200000 1 0.129688 0.200000 1 0.198437 0.260417 1 0.134375 0.270833 1 0.185938 0.214583 1 0.173437 0.289583 1 0.182812 0.287500 1 0.140625 0.291667 1 0.000000 0.000000 0 0.206250 0.314583 1 0.000000 0.000000 0 0.000000 0.000000 0
0 0.236289 0.111667 0.071047 0.144667 0.232813 0.077083 1 0.237500 0.070833 1 0.226562 0.070833 1 0.246875 0.072917 1 0.000000 0.000000 0 0.251563 0.102083 1 0.215625 0.100000 1 0.264062 0.150000 1 0.204687 0.143750 1 0.242188 0.150000 1 0.221875 0.150000 1 0.248438 0.166667 1 0.220312 0.164583 1 0.000000 0.000000 0 0.000000 0.000000 0 0.000000 0.000000 0 0.000000 0.000000 0
0 0.568820 0.228083 0.123047 0.200000 0.570312 0.175000 1 0.578125 0.170833 1 0.562500 0.170833 1 0.587500 0.177083 1 0.559375 0.175000 1 0.596875 0.218750 1 0.546875 0.212500 1 0.590625 0.283333 1 0.534375 0.275000 1 0.581250 0.220833 1 0.560937 0.212500 1 0.582812 0.302083 1 0.546875 0.300000 1 0.000000 0.000000 0 0.000000 0.000000 0 0.000000 0.000000 0 0.000000 0.000000 0
0 0.864445 0.268156 0.083422 0.164938 0.859375 0.235417 1 0.867188 0.225000 1 0.853125 0.222917 1 0.881250 0.233333 1 0.000000 0.000000 0 0.889062 0.285417 1 0.829688 0.283333 1 0.903125 0.358333 1 0.807813 0.352083 1 0.000000 0.000000 0 0.000000 0.000000 0 0.885938 0.406250 1 0.834375 0.397917 1 0.000000 0.000000 0 0.000000 0.000000 0 0.000000 0.000000 0 0.000000 0.000000 0
0 0.948859 0.260104 0.102281 0.178042 0.948438 0.216667 1 0.953125 0.206250 1 0.942187 0.208333 1 0.968750 0.208333 1 0.000000 0.000000 0 0.995313 0.272917 1 0.926562 0.275000 1 0.000000 0.000000 0 0.914062 0.350000 1 0.000000 0.000000 0 0.000000 0.000000 0 0.990625 0.387500 1 0.932813 0.387500 1 0.000000 0.000000 0 0.000000 0.000000 0 0.000000 0.000000 0 0.000000 0.000000 0
0 0.031375 0.094427 0.062750 0.138854 0.025000 0.060417 1 0.028125 0.052083 1 0.017188 0.058333 1 0.000000 0.000000 0 0.003125 0.062500 1 0.043750 0.116667 1 0.000000 0.000000 0 0.000000 0.000000 0 0.000000 0.000000 0 0.000000 0.000000 0 0.000000 0.000000 0 0.000000 0.000000 0 0.000000 0.000000 0 0.000000 0.000000 0 0.000000 0.000000 0 0.000000 0.000000 0 0.000000 0.000000 0
0 0.956539 0.183385 0.086922 0.155521 0.970313 0.156250 1 0.973437 0.147917 1 0.960938 0.147917 1 0.000000 0.000000 0 0.942187 0.156250 1 0.987500 0.208333 1 0.929688 0.218750 1 0.000000 0.000000 0 0.925000 0.266667 1 0.000000 0.000000 0 0.000000 0.000000 0 0.000000 0.000000 0 0.000000 0.000000 0 0.000000 0.000000 0 0.000000 0.000000 0 0.000000 0.000000 0 0.000000 0.000000 0
0 0.365062 0.528083 0.433906 0.943833 0.465625 0.172917 1 0.000000 0.000000 0 0.451562 0.154167 1 0.000000 0.000000 0 0.401562 0.179167 1 0.359375 0.300000 1 0.385937 0.308333 1 0.392188 0.514583 1 0.378125 0.566667 1 0.485938 0.579167 1 0.473438 0.622917 1 0.178125 0.656250 1 0.206250 0.652083 1 0.320312 0.920833 1 0.398438 0.906250 1 0.000000 0.000000 0 0.000000 0.000000 0
0 0.112617 0.090823 0.093203 0.150354 0.117188 0.064583 1 0.125000 0.058333 1 0.110937 0.054167 1 0.132812 0.064583 1 0.100000 0.060417 1 0.140625 0.108333 1 0.084375 0.114583 1 0.142187 0.137500 1 0.082812 0.156250 1 0.101562 0.139583 1 0.118750 0.156250 1 0.132812 0.191667 1 0.095312 0.193750 1 0.000000 0.000000 0 0.000000 0.000000 0 0.000000 0.000000 0 0.000000 0.000000 0
0 0.039242 0.243552 0.078484 0.178146 0.042188 0.206250 1 0.045312 0.193750 1 0.034375 0.195833 1 0.000000 0.000000 0 0.014063 0.200000 1 0.056250 0.250000 1 0.000000 0.000000 0 0.062500 0.300000 1 0.000000 0.000000 0 0.004687 0.322917 1 0.026562 0.293750 1 0.050000 0.343750 1 0.000000 0.000000 0 0.000000 0.000000 0 0.000000 0.000000 0 0.000000 0.000000 0 0.000000 0.000000 0
0 0.105617 0.013990 0.092422 0.027979 0.000000 0.000000 0 0.000000 0.000000 0 0.000000 0.000000 0 0.000000 0.000000 0 0.000000 0.000000 0 0.000000 0.000000 0 0.000000 0.000000 0 0.000000 0.000000 0 0.000000 0.000000 0 0.000000 0.000000 0 0.000000 0.000000 0 0.000000 0.000000 0 0.000000 0.000000 0 0.000000 0.000000 0 0.000000 0.000000 0 0.000000 0.000000 0 0.000000 0.000000 0
0 0.663641 0.244708 0.088687 0.151375 0.635938 0.204167 1 0.643750 0.200000 1 0.000000 0.000000 0 0.664062 0.210417 1 0.000000 0.000000 0 0.682813 0.245833 1 0.634375 0.247917 1 0.689063 0.310417 1 0.626563 0.314583 1 0.000000 0.000000 0 0.000000 0.000000 0 0.000000 0.000000 0 0.000000 0.000000 0 0.000000 0.000000 0 0.000000 0.000000 0 0.000000 0.000000 0 0.000000 0.000000 0