0 0.523156 0.251537 0.056688 0.357202 0.542188 0.110803 1 0.000000 0.000000 0 0.537500 0.102493 1 0.000000 0.000000 0 0.525000 0.108033 1 0.540625 0.152355 1 0.520312 0.152355 1 0.000000 0.000000 0 0.521875 0.229917 1 0.000000 0.000000 0 0.532813 0.282548 1 0.543750 0.277008 1 0.525000 0.282548 1 0.532813 0.376731 1 0.523438 0.376731 1 0.531250 0.448753 1 0.523438 0.468144 1
0 0.599164 0.249737 0.077422 0.334266 0.000000 0.000000 0 0.000000 0.000000 0 0.000000 0.000000 0 0.589063 0.116343 1 0.604688 0.116343 1 0.584375 0.166205 1 0.625000 0.163435 1 0.570312 0.229917 1 0.629687 0.224377 1 0.000000 0.000000 0 0.000000 0.000000 0 0.587500 0.299169 1 0.618750 0.293629 1 0.000000 0.000000 0 0.000000 0.000000 0 0.000000 0.000000 0 0.000000 0.000000 0
0 0.299320 0.178186 0.053578 0.160803 0.296875 0.132964 1 0.300000 0.127424 1 0.293750 0.127424 1 0.306250 0.127424 1 0.287500 0.130194 1 0.318750 0.166205 1 0.281250 0.163435 1 0.321875 0.202216 1 0.279687 0.204986 1 0.000000 0.000000 0 0.292187 0.191136 1 0.312500 0.254848 1 0.287500 0.254848 1 0.000000 0.000000 0 0.000000 0.000000 0 0.000000 0.000000 0 0.000000 0.000000 0
0 0.198547 0.363504 0.146094 0.302853 0.217188 0.268698 1 0.226562 0.260388 1 0.000000 0.000000 0 0.240625 0.271468 1 0.000000 0.000000 0 0.232813 0.324100 1 0.270313 0.318560 1 0.209375 0.415512 1 0.000000 0.000000 0 0.187500 0.415512 1 0.000000 0.000000 0 0.220312 0.443213 1 0.250000 0.418283 1 0.150000 0.459834 1 0.000000 0.000000 0 0.121875 0.545706 1 0.000000 0.000000 0
0 0.860289 0.240374 0.060516 0.365180 0.875000 0.099723 1 0.000000 0.000000 0 0.875000 0.091413 1 0.000000 0.000000 0 0.867188 0.091413 1 0.856250 0.130194 1 0.848437 0.132964 1 0.856250 0.193906 1 0.850000 0.202216 1 0.875000 0.196676 1 0.873437 0.218837 1 0.856250 0.240997 1 0.851562 0.249307 1 0.860938 0.313019 1 0.851562 0.310249 1 0.839063 0.398892 1 0.848437 0.404432 1
0 0.769266 0.419307 0.222344 0.389307 0.739062 0.274238 1 0.746875 0.263158 1 0.739062 0.260388 1 0.765625 0.274238 1 0.000000 0.000000 0 0.778125 0.337950 1 0.729688 0.301939 1 0.782813 0.415512 1 0.678125 0.299169 1 0.804688 0.473684 1 0.675000 0.346260 1 0.750000 0.445983 1 0.717187 0.434903 1 0.810937 0.457064 1 0.807813 0.484765 1 0.807813 0.576177 1 0.843750 0.587258 1
0 0.313508 0.262895 0.082047 0.129501 0.000000 0.000000 0 0.000000 0.000000 0 0.000000 0.000000 0 0.304688 0.232687 1 0.326562 0.232687 1 0.284375 0.268698 1 0.339062 0.271468 1 0.000000 0.000000 0 0.000000 0.000000 0 0.000000 0.000000 0 0.000000 0.000000 0 0.296875 0.390582 1 0.331250 0.390582 1 0.000000 0.000000 0 0.000000 0.000000 0 0.000000 0.000000 0 0.000000 0.000000 0
0 0.696063 0.251801 0.050938 0.087590 0.000000 0.000000 0 0.000000 0.000000 0 0.000000 0.000000 0 0.000000 0.000000 0 0.000000 0.000000 0 0.000000 0.000000 0 0.000000 0.000000 0 0.000000 0.000000 0 0.000000 0.000000 0 0.000000 0.000000 0 0.000000 0.000000 0 0.000000 0.000000 0 0.000000 0.000000 0 0.000000 0.000000 0 0.000000 0.000000 0 0.000000 0.000000 0 0.000000 0.000000 0
0 0.789180 0.231524 0.061391 0.349197 0.790625 0.099723 1 0.795312 0.088643 1 0.787500 0.088643 1 0.801562 0.099723 1 0.778125 0.099723 1 0.807813 0.141274 1 0.762500 0.146814 1 0.814063 0.204986 1 0.767188 0.213296 1 0.789062 0.196676 1 0.800000 0.196676 1 0.798438 0.254848 1 0.775000 0.254848 1 0.796875 0.343490 1 0.000000 0.000000 0 0.793750 0.409972 1 0.000000 0.000000 0
0 0.083102 0.363850 0.123266 0.335512 0.078125 0.232687 1 0.000000 0.000000 0 0.071875 0.227147 1 0.000000 0.000000 0 0.060937 0.235457 1 0.076563 0.271468 1 0.029687 0.290859 1 0.089063 0.337950 1 0.040625 0.368421 1 0.092188 0.365651 1 0.079687 0.373961 1 0.078125 0.360111 1 0.053125 0.368421 1 0.128125 0.371191 1 0.078125 0.387812 1 0.000000 0.000000 0 0.084375 0.504155 1
0 0.901711 0.244266 0.073797 0.368864 0.901563 0.099723 1 0.904687 0.094183 1 0.898438 0.094183 1 0.914062 0.091413 1 0.000000 0.000000 0 0.928125 0.132964 1 0.882812 0.138504 1 0.928125 0.185596 1 0.875000 0.188366 1 0.923438 0.243767 1 0.892188 0.155125 1 0.915625 0.238227 1 0.893750 0.235457 1 0.925000 0.315789 1 0.892188 0.318560 1 0.878125 0.373961 1 0.895312 0.401662 1