0 0.662273 0.555311 0.472266 0.470845 0.589063 0.387560 1 0.598437 0.377990 1 0.584375 0.376396 1 0.631250 0.373206 1 0.000000 0.000000 0 0.687500 0.421053 1 0.579688 0.433812 1 0.706250 0.489633 1 0.629687 0.526316 1 0.729688 0.577352 1 0.709375 0.567783 1 0.678125 0.594896 1 0.601562 0.566188 1 0.709375 0.738437 1 0.543750 0.602871 1 0.842187 0.728868 1 0.454688 0.744817 1
0 0.764680 0.263094 0.070984 0.090558 0.764062 0.255183 1 0.770312 0.250399 1 0.759375 0.250399 1 0.000000 0.000000 0 0.000000 0.000000 0 0.793750 0.267943 1 0.737500 0.266348 1 0.000000 0.000000 0 0.731250 0.299841 1 0.000000 0.000000 0 0.000000 0.000000 0 0.779687 0.309410 1 0.745313 0.309410 1 0.000000 0.000000 0 0.000000 0.000000 0 0.000000 0.000000 0 0.000000 0.000000 0
0 0.418242 0.246308 0.095109 0.119633 0.414062 0.218501 1 0.421875 0.212121 1 0.409375 0.212121 1 0.432812 0.213716 1 0.403125 0.212121 1 0.446875 0.242424 1 0.389062 0.242424 1 0.454688 0.290271 1 0.379688 0.290271 1 0.432812 0.298246 1 0.404687 0.298246 1 0.435937 0.312600 1 0.398438 0.311005 1 0.000000 0.000000 0 0.000000 0.000000 0 0.000000 0.000000 0 0.000000 0.000000 0
0 0.149938 0.350901 0.110531 0.076603 0.153125 0.346093 1 0.159375 0.339713 1 0.148438 0.339713 1 0.168750 0.341308 1 0.137500 0.342903 1 0.184375 0.363636 1 0.118750 0.363636 1 0.196875 0.411483 1 0.106250 0.408293 1 0.000000 0.000000 0 0.000000 0.000000 0 0.000000 0.000000 0 0.000000 0.000000 0 0.000000 0.000000 0 0.000000 0.000000 0 0.000000 0.000000 0 0.000000 0.000000 0
0 0.164547 0.251651 0.078781 0.107703 0.167187 0.231260 1 0.170313 0.224880 1 0.160938 0.226475 1 0.181250 0.223285 1 0.000000 0.000000 0 0.195312 0.256778 1 0.148438 0.247209 1 0.196875 0.299841 1 0.129688 0.290271 1 0.000000 0.000000 0 0.156250 0.299841 1 0.176563 0.309410 1 0.145313 0.303030 1 0.000000 0.000000 0 0.000000 0.000000 0 0.000000 0.000000 0 0.000000 0.000000 0
0 0.530820 0.235877 0.057703 0.081292 0.000000 0.000000 0 0.000000 0.000000 0 0.000000 0.000000 0 0.000000 0.000000 0 0.000000 0.000000 0 0.000000 0.000000 0 0.000000 0.000000 0 0.000000 0.000000 0 0.000000 0.000000 0 0.000000 0.000000 0 0.000000 0.000000 0 0.000000 0.000000 0 0.000000 0.000000 0 0.000000 0.000000 0 0.000000 0.000000 0 0.000000 0.000000 0 0.000000 0.000000 0
0 0.161687 0.179179 0.104281 0.152424 0.165625 0.132376 1 0.171875 0.125997 1 0.160938 0.124402 1 0.178125 0.130781 1 0.151562 0.127592 1 0.190625 0.159490 1 0.129688 0.157895 1 0.198437 0.200957 1 0.115625 0.192982 1 0.189062 0.226475 1 0.143750 0.212121 1 0.000000 0.000000 0 0.000000 0.000000 0 0.000000 0.000000 0 0.000000 0.000000 0 0.000000 0.000000 0 0.000000 0.000000 0
0 0.242625 0.196730 0.081219 0.100989 0.235937 0.175439 1 0.242188 0.169059 1 0.229687 0.169059 1 0.251563 0.172249 1 0.000000 0.000000 0 0.265625 0.207337 1 0.214062 0.207337 1 0.270313 0.240829 1 0.207813 0.240829 1 0.000000 0.000000 0 0.000000 0.000000 0 0.262500 0.263158 1 0.218750 0.261563 1 0.000000 0.000000 0 0.000000 0.000000 0 0.000000 0.000000 0 0.000000 0.000000 0
0 0.065328 0.257368 0.073375 0.093620 0.068750 0.237640 1 0.071875 0.232855 1 0.064062 0.232855 1 0.081250 0.231260 1 0.054688 0.231260 1 0.092188 0.258373 1 0.042188 0.256778 1 0.092188 0.296651 1 0.035937 0.290271 1 0.000000 0.000000 0 0.000000 0.000000 0 0.000000 0.000000 0 0.000000 0.000000 0 0.000000 0.000000 0 0.000000 0.000000 0 0.000000 0.000000 0 0.000000 0.000000 0
0 0.689742 0.287424 0.050141 0.048214 0.000000 0.000000 0 0.000000 0.000000 0 0.000000 0.000000 0 0.000000 0.000000 0 0.000000 0.000000 0 0.000000 0.000000 0 0.000000 0.000000 0 0.000000 0.000000 0 0.000000 0.000000 0 0.000000 0.000000 0 0.000000 0.000000 0 0.000000 0.000000 0 0.000000 0.000000 0 0.000000 0.000000 0 0.000000 0.000000 0 0.000000 0.000000 0 0.000000 0.000000 0
0 0.342242 0.271794 0.076859 0.069075 0.335938 0.253589 1 0.340625 0.250399 1 0.328125 0.250399 1 0.351562 0.256778 1 0.323437 0.256778 1 0.370312 0.291866 1 0.314063 0.295056 1 0.000000 0.000000 0 0.000000 0.000000 0 0.000000 0.000000 0 0.000000 0.000000 0 0.000000 0.000000 0 0.000000 0.000000 0 0.000000 0.000000 0 0.000000 0.000000 0 0.000000 0.000000 0 0.000000 0.000000 0