0 0.148438 0.558946 0.296875 0.880562 0.000000 0.000000 0 0.000000 0.000000 0 0.000000 0.000000 0 0.000000 0.000000 0 0.143750 0.255269 1 0.021875 0.409836 1 0.196875 0.400468 1 0.001563 0.585480 1 0.248438 0.548009 1 0.000000 0.000000 0 0.000000 0.000000 0 0.085938 0.747073 1 0.179688 0.742389 1 0.000000 0.000000 0 0.000000 0.000000 0 0.000000 0.000000 0 0.000000 0.000000 0
0 0.320625 0.558583 0.111594 0.392248 0.000000 0.000000 0 0.000000 0.000000 0 0.306250 0.398126 1 0.000000 0.000000 0 0.296875 0.402810 1 0.262500 0.437939 1 0.309375 0.440281 1 0.000000 0.000000 0 0.345313 0.451991 1 0.000000 0.000000 0 0.360938 0.416862 1 0.268750 0.569087 1 0.303125 0.573770 1 0.267188 0.648712 1 0.295312 0.653396 1 0.267188 0.725995 1 0.287500 0.723653 1
0 0.428789 0.428103 0.167172 0.213489 0.440625 0.395785 1 0.448437 0.384075 1 0.432812 0.384075 1 0.457813 0.386417 1 0.420312 0.386417 1 0.471875 0.437939 1 0.401562 0.440281 1 0.492188 0.487119 1 0.375000 0.487119 1 0.498437 0.505855 1 0.365625 0.503513 1 0.462500 0.552693 1 0.403125 0.552693 1 0.000000 0.000000 0 0.000000 0.000000 0 0.000000 0.000000 0 0.000000 0.000000 0
0 0.575234 0.402330 0.086937 0.110515 0.571875 0.381733 1 0.575000 0.377049 1 0.567187 0.377049 1 0.581250 0.377049 1 0.560937 0.379391 1 0.587500 0.407494 1 0.554688 0.409836 1 0.600000 0.426230 1 0.545312 0.430913 1 0.606250 0.442623 1 0.535937 0.444965 1 0.587500 0.463700 1 0.554688 0.463700 1 0.000000 0.000000 0 0.000000 0.000000 0 0.000000 0.000000 0 0.000000 0.000000 0
0 0.611195 0.388560 0.040328 0.106019 0.000000 0.000000 0 0.000000 0.000000 0 0.000000 0.000000 0 0.000000 0.000000 0 0.000000 0.000000 0 0.000000 0.000000 0 0.000000 0.000000 0 0.000000 0.000000 0 0.000000 0.000000 0 0.000000 0.000000 0 0.000000 0.000000 0 0.000000 0.000000 0 0.000000 0.000000 0 0.000000 0.000000 0 0.000000 0.000000 0 0.000000 0.000000 0 0.000000 0.000000 0
0 0.645375 0.432283 0.036156 0.134965 0.000000 0.000000 0 0.000000 0.000000 0 0.000000 0.000000 0 0.000000 0.000000 0 0.000000 0.000000 0 0.000000 0.000000 0 0.000000 0.000000 0 0.000000 0.000000 0 0.000000 0.000000 0 0.000000 0.000000 0 0.000000 0.000000 0 0.000000 0.000000 0 0.000000 0.000000 0 0.000000 0.000000 0 0.000000 0.000000 0 0.000000 0.000000 0 0.000000 0.000000 0
0 0.740180 0.524122 0.089484 0.472927 0.000000 0.000000 0 0.000000 0.000000 0 0.000000 0.000000 0 0.000000 0.000000 0 0.750000 0.330211 1 0.704688 0.381733 1 0.743750 0.381733 1 0.721875 0.625293 1 0.746875 0.459016 1 0.714063 0.723653 1 0.765625 0.423888 1 0.714063 0.522248 1 0.748437 0.517564 1 0.000000 0.000000 0 0.746875 0.627635 1 0.000000 0.000000 0 0.746875 0.728337 1
0 0.826859 0.493396 0.084719 0.399532 0.000000 0.000000 0 0.000000 0.000000 0 0.000000 0.000000 0 0.000000 0.000000 0 0.000000 0.000000 0 0.829688 0.370023 1 0.876563 0.367681 1 0.815625 0.407494 1 0.884375 0.402810 1 0.826562 0.456674 1 0.881250 0.449649 1 0.834375 0.494145 1 0.868750 0.480094 1 0.000000 0.000000 0 0.000000 0.000000 0 0.000000 0.000000 0 0.000000 0.000000 0
0 0.859336 0.423993 0.067078 0.213747 0.000000 0.000000 0 0.000000 0.000000 0 0.000000 0.000000 0 0.850000 0.351288 1 0.000000 0.000000 0 0.876563 0.381733 1 0.867188 0.379391 1 0.876563 0.444965 1 0.868750 0.416862 1 0.843750 0.449649 1 0.835938 0.421546 1 0.873437 0.498829 1 0.865625 0.489461 1 0.000000 0.000000 0 0.000000 0.000000 0 0.000000 0.000000 0 0.000000 0.000000 0
0 0.684430 0.493255 0.052484 0.285386 0.000000 0.000000 0 0.000000 0.000000 0 0.000000 0.000000 0 0.681250 0.372365 1 0.701562 0.372365 1 0.670312 0.402810 1 0.706250 0.400468 1 0.659375 0.437939 1 0.000000 0.000000 0 0.664062 0.480094 1 0.000000 0.000000 0 0.675000 0.480094 1 0.700000 0.482436 1 0.685937 0.552693 1 0.700000 0.552693 1 0.689063 0.613583 1 0.698438 0.615925 1
0 0.896000 0.640164 0.061906 0.344543 0.000000 0.000000 0 0.000000 0.000000 0 0.000000 0.000000 0 0.887500 0.510539 1 0.000000 0.000000 0 0.895312 0.548009 1 0.915625 0.536300 1 0.887500 0.583138 1 0.000000 0.000000 0 0.882812 0.620609 1 0.000000 0.000000 0 0.000000 0.000000 0 0.000000 0.000000 0 0.000000 0.000000 0 0.000000 0.000000 0 0.000000 0.000000 0 0.000000 0.000000 0
0 0.333609 0.381218 0.051906 0.117564 0.000000 0.000000 0 0.000000 0.000000 0 0.000000 0.000000 0 0.000000 0.000000 0 0.000000 0.000000 0 0.000000 0.000000 0 0.000000 0.000000 0 0.000000 0.000000 0 0.000000 0.000000 0 0.000000 0.000000 0 0.000000 0.000000 0 0.000000 0.000000 0 0.000000 0.000000 0 0.000000 0.000000 0 0.000000 0.000000 0 0.000000 0.000000 0 0.000000 0.000000 0
0 0.870875 0.586850 0.049188 0.310187 0.000000 0.000000 0 0.000000 0.000000 0 0.000000 0.000000 0 0.000000 0.000000 0 0.000000 0.000000 0 0.873437 0.526932 1 0.000000 0.000000 0 0.870313 0.555035 1 0.000000 0.000000 0 0.850000 0.543326 1 0.000000 0.000000 0 0.871875 0.611241 1 0.867188 0.611241 1 0.871875 0.672131 1 0.860938 0.674473 1 0.873437 0.740047 1 0.862500 0.728337 1