0 0.108875 0.682152 0.122625 0.626516 0.117188 0.450820 1 0.118750 0.434426 1 0.109375 0.446721 1 0.000000 0.000000 0 0.090625 0.463115 1 0.132812 0.512295 1 0.085938 0.573770 1 0.143750 0.639344 1 0.082812 0.713115 1 0.154688 0.655738 1 0.100000 0.840164 1 0.126562 0.778689 1 0.103125 0.799180 1 0.137500 0.954918 1 0.104688 0.967213 1 0.000000 0.000000 0 0.000000 0.000000 0
0 0.039992 0.627561 0.079547 0.737336 0.000000 0.000000 0 0.000000 0.000000 0 0.000000 0.000000 0 0.018750 0.274590 1 0.045312 0.270492 1 0.007812 0.377049 1 0.065625 0.377049 1 0.000000 0.000000 0 0.000000 0.000000 0 0.000000 0.000000 0 0.000000 0.000000 0 0.021875 0.622951 1 0.054688 0.618852 1 0.007812 0.741803 1 0.048438 0.782787 1 0.026562 0.897541 1 0.037500 0.946721 1
0 0.494719 0.590102 0.135312 0.819795 0.000000 0.000000 0 0.000000 0.000000 0 0.000000 0.000000 0 0.473438 0.278689 1 0.506250 0.278689 1 0.462500 0.356557 1 0.525000 0.360656 1 0.000000 0.000000 0 0.551562 0.491803 1 0.000000 0.000000 0 0.000000 0.000000 0 0.476562 0.684426 1 0.521875 0.688525 1 0.468750 0.909836 1 0.520312 0.926230 1 0.000000 0.000000 0 0.000000 0.000000 0
0 0.275484 0.658320 0.107719 0.682623 0.268750 0.393443 1 0.275000 0.372951 1 0.260937 0.381148 1 0.000000 0.000000 0 0.243750 0.397541 1 0.282813 0.446721 1 0.235937 0.483607 1 0.306250 0.577869 1 0.239063 0.659836 1 0.000000 0.000000 0 0.257812 0.528689 1 0.296875 0.737705 1 0.260937 0.750000 1 0.312500 0.971311 1 0.254688 0.975410 1 0.000000 0.000000 0 0.000000 0.000000 0
0 0.747734 0.631270 0.134969 0.737459 0.000000 0.000000 0 0.000000 0.000000 0 0.000000 0.000000 0 0.734375 0.262295 1 0.000000 0.000000 0 0.715625 0.364754 1 0.790625 0.381148 1 0.696875 0.569672 1 0.795312 0.557377 1 0.678125 0.668033 1 0.000000 0.000000 0 0.721875 0.737705 1 0.773438 0.737705 1 0.000000 0.000000 0 0.000000 0.000000 0 0.000000 0.000000 0 0.000000 0.000000 0
0 0.667437 0.652705 0.099312 0.694590 0.000000 0.000000 0 0.000000 0.000000 0 0.000000 0.000000 0 0.653125 0.368852 1 0.678125 0.360656 1 0.643750 0.463115 1 0.700000 0.467213 1 0.629687 0.581967 1 0.000000 0.000000 0 0.000000 0.000000 0 0.000000 0.000000 0 0.650000 0.717213 1 0.692187 0.717213 1 0.656250 0.922131 1 0.692187 0.930328 1 0.000000 0.000000 0 0.000000 0.000000 0
0 0.868641 0.643258 0.075750 0.704221 0.000000 0.000000 0 0.000000 0.000000 0 0.000000 0.000000 0 0.000000 0.000000 0 0.868750 0.315574 1 0.831250 0.401639 1 0.882812 0.401639 1 0.000000 0.000000 0 0.900000 0.557377 1 0.000000 0.000000 0 0.000000 0.000000 0 0.845313 0.704918 1 0.875000 0.704918 1 0.000000 0.000000 0 0.864062 0.901639 1 0.000000 0.000000 0 0.000000 0.000000 0
0 0.559672 0.234652 0.055125 0.119713 0.000000 0.000000 0 0.000000 0.000000 0 0.000000 0.000000 0 0.000000 0.000000 0 0.000000 0.000000 0 0.000000 0.000000 0 0.000000 0.000000 0 0.000000 0.000000 0 0.000000 0.000000 0 0.000000 0.000000 0 0.000000 0.000000 0 0.000000 0.000000 0 0.000000 0.000000 0 0.000000 0.000000 0 0.000000 0.000000 0 0.000000 0.000000 0 0.000000 0.000000 0
0 0.187195 0.604488 0.098516 0.768566 0.000000 0.000000 0 0.000000 0.000000 0 0.000000 0.000000 0 0.000000 0.000000 0 0.170313 0.340164 1 0.000000 0.000000 0 0.160938 0.438525 1 0.000000 0.000000 0 0.146875 0.573770 1 0.000000 0.000000 0 0.151562 0.704918 1 0.231250 0.663934 1 0.181250 0.663934 1 0.231250 0.909836 1 0.198437 0.901639 1 0.000000 0.000000 0 0.000000 0.000000 0
0 0.410375 0.633709 0.121656 0.710123 0.000000 0.000000 0 0.000000 0.000000 0 0.000000 0.000000 0 0.390625 0.319672 1 0.000000 0.000000 0 0.371875 0.430328 1 0.429688 0.438525 1 0.359375 0.577869 1 0.000000 0.000000 0 0.000000 0.000000 0 0.000000 0.000000 0 0.379688 0.758197 1 0.429688 0.758197 1 0.368750 0.963115 1 0.423438 0.963115 1 0.000000 0.000000 0 0.000000 0.000000 0
0 0.960320 0.638668 0.079359 0.722664 0.937500 0.348361 1 0.943750 0.331967 1 0.000000 0.000000 0 0.964063 0.344262 1 0.000000 0.000000 0 0.973437 0.450820 1 0.985938 0.426230 1 0.929688 0.573770 1 0.000000 0.000000 0 0.929688 0.479508 1 0.000000 0.000000 0 0.979688 0.770492 1 0.989062 0.758197 1 0.953125 0.938525 1 0.978125 0.930328 1 0.000000 0.000000 0 0.000000 0.000000 0
0 0.820922 0.647623 0.095063 0.698689 0.000000 0.000000 0 0.000000 0.000000 0 0.000000 0.000000 0 0.000000 0.000000 0 0.000000 0.000000 0 0.760938 0.381148 1 0.831250 0.385246 1 0.000000 0.000000 0 0.853125 0.557377 1 0.000000 0.000000 0 0.000000 0.000000 0 0.779687 0.709016 1 0.835938 0.709016 1 0.782813 0.930328 1 0.820312 0.930328 1 0.000000 0.000000 0 0.000000 0.000000 0
0 0.141203 0.375287 0.046531 0.246721 0.000000 0.000000 0 0.000000 0.000000 0 0.000000 0.000000 0 0.000000 0.000000 0 0.000000 0.000000 0 0.000000 0.000000 0 0.000000 0.000000 0 0.000000 0.000000 0 0.000000 0.000000 0 0.000000 0.000000 0 0.000000 0.000000 0 0.000000 0.000000 0 0.000000 0.000000 0 0.000000 0.000000 0 0.000000 0.000000 0 0.000000 0.000000 0 0.000000 0.000000 0