0 0.223734 0.602247 0.128125 0.507882 0.232813 0.392941 1 0.000000 0.000000 0 0.229687 0.388235 1 0.000000 0.000000 0 0.204687 0.390588 1 0.221875 0.435294 1 0.201563 0.451765 1 0.234375 0.503529 1 0.217188 0.534118 1 0.259375 0.517647 1 0.259375 0.527059 1 0.226562 0.581176 1 0.217188 0.590588 1 0.240625 0.668235 1 0.229687 0.663529 1 0.229687 0.769412 1 0.196875 0.795294 1
0 0.302000 0.511906 0.069906 0.379529 0.000000 0.000000 0 0.000000 0.000000 0 0.307812 0.369412 1 0.000000 0.000000 0 0.296875 0.362353 1 0.000000 0.000000 0 0.281250 0.402353 1 0.000000 0.000000 0 0.279687 0.463529 1 0.000000 0.000000 0 0.293750 0.520000 1 0.000000 0.000000 0 0.300000 0.527059 1 0.000000 0.000000 0 0.295312 0.614118 1 0.000000 0.000000 0 0.296875 0.682353 1
0 0.413719 0.529906 0.092469 0.346541 0.393750 0.397647 1 0.000000 0.000000 0 0.000000 0.000000 0 0.412500 0.383529 1 0.000000 0.000000 0 0.428125 0.404706 1 0.384375 0.418824 1 0.442188 0.465882 1 0.373437 0.475294 1 0.414062 0.472941 1 0.000000 0.000000 0 0.428125 0.510588 1 0.401562 0.515294 1 0.428125 0.590588 1 0.410938 0.592941 1 0.442188 0.661176 1 0.420312 0.654118 1
0 0.893258 0.579024 0.111703 0.397953 0.000000 0.000000 0 0.000000 0.000000 0 0.000000 0.000000 0 0.906250 0.411765 1 0.931250 0.414118 1 0.893750 0.465882 1 0.939063 0.458824 1 0.865625 0.512941 1 0.000000 0.000000 0 0.000000 0.000000 0 0.000000 0.000000 0 0.887500 0.585882 1 0.921875 0.581176 1 0.879687 0.661176 1 0.914062 0.661176 1 0.867188 0.750588 1 0.904687 0.738824 1
0 0.550492 0.659424 0.161984 0.273765 0.496875 0.621176 1 0.492188 0.611765 1 0.000000 0.000000 0 0.493750 0.592941 1 0.000000 0.000000 0 0.529687 0.578824 1 0.515625 0.564706 1 0.550000 0.647059 1 0.525000 0.647059 1 0.534375 0.694118 1 0.507812 0.701176 1 0.614062 0.569412 1 0.598437 0.555294 1 0.573438 0.658824 1 0.564063 0.628235 1 0.578125 0.755294 1 0.565625 0.720000 1
0 0.972805 0.720188 0.054391 0.414918 0.000000 0.000000 0 0.000000 0.000000 0 0.000000 0.000000 0 0.000000 0.000000 0 0.000000 0.000000 0 0.000000 0.000000 0 0.000000 0.000000 0 0.000000 0.000000 0 0.970313 0.661176 1 0.000000 0.000000 0 0.987500 0.830588 1 0.000000 0.000000 0 0.000000 0.000000 0 0.000000 0.000000 0 0.000000 0.000000 0 0.000000 0.000000 0 0.000000 0.000000 0
0 0.552781 0.454212 0.059187 0.150635 0.562500 0.416471 1 0.000000 0.000000 0 0.562500 0.409412 1 0.000000 0.000000 0 0.000000 0.000000 0 0.559375 0.411765 1 0.539062 0.416471 1 0.560937 0.440000 1 0.537500 0.463529 1 0.568750 0.465882 1 0.557813 0.489412 1 0.556250 0.477647 1 0.535937 0.484706 1 0.000000 0.000000 0 0.000000 0.000000 0 0.000000 0.000000 0 0.000000 0.000000 0
0 0.596578 0.479541 0.062625 0.088918 0.000000 0.000000 0 0.000000 0.000000 0 0.000000 0.000000 0 0.000000 0.000000 0 0.000000 0.000000 0 0.000000 0.000000 0 0.000000 0.000000 0 0.000000 0.000000 0 0.000000 0.000000 0 0.000000 0.000000 0 0.000000 0.000000 0 0.000000 0.000000 0 0.000000 0.000000 0 0.000000 0.000000 0 0.000000 0.000000 0 0.000000 0.000000 0 0.000000 0.000000 0
0 0.831047 0.364600 0.039344 0.220635 0.000000 0.000000 0 0.000000 0.000000 0 0.000000 0.000000 0 0.000000 0.000000 0 0.000000 0.000000 0 0.000000 0.000000 0 0.837500 0.289412 1 0.000000 0.000000 0 0.839063 0.320000 1 0.000000 0.000000 0 0.837500 0.360000 1 0.000000 0.000000 0 0.000000 0.000000 0 0.000000 0.000000 0 0.000000 0.000000 0 0.000000 0.000000 0 0.000000 0.000000 0
0 0.244219 0.412082 0.047406 0.143506 0.000000 0.000000 0 0.000000 0.000000 0 0.000000 0.000000 0 0.000000 0.000000 0 0.000000 0.000000 0 0.000000 0.000000 0 0.000000 0.000000 0 0.000000 0.000000 0 0.000000 0.000000 0 0.000000 0.000000 0 0.000000 0.000000 0 0.000000 0.000000 0 0.000000 0.000000 0 0.000000 0.000000 0 0.000000 0.000000 0 0.000000 0.000000 0 0.000000 0.000000 0
0 0.863609 0.498341 0.088531 0.339647 0.860938 0.352941 1 0.864062 0.350588 1 0.859375 0.350588 1 0.881250 0.352941 1 0.000000 0.000000 0 0.900000 0.390588 1 0.846875 0.395294 1 0.000000 0.000000 0 0.828125 0.444706 1 0.000000 0.000000 0 0.825000 0.491765 1 0.881250 0.487059 1 0.837500 0.487059 1 0.864062 0.571765 1 0.842187 0.576471 1 0.848437 0.649412 1 0.843750 0.647059 1