0 0.886136 0.556305 0.131663 0.261266 0.894614 0.454688 1 0.906323 0.448437 1 0.887588 0.450000 1 0.929742 0.457813 1 0.000000 0.000000 0 0.932084 0.489063 1 0.875878 0.490625 1 0.932084 0.521875 1 0.000000 0.000000 0 0.925059 0.556250 1 0.000000 0.000000 0 0.901639 0.564063 1 0.866511 0.564063 1 0.901639 0.610938 1 0.859485 0.609375 1 0.906323 0.665625 1 0.861827 0.657813 1
0 0.075960 0.409336 0.151920 0.389609 0.131148 0.250000 1 0.140515 0.248438 1 0.121780 0.242188 1 0.000000 0.000000 0 0.091335 0.243750 1 0.124122 0.298438 1 0.049180 0.285938 1 0.124122 0.356250 1 0.011710 0.339062 1 0.119438 0.398438 1 0.025761 0.384375 1 0.091335 0.420312 1 0.037471 0.415625 1 0.063232 0.503125 1 0.007026 0.495312 1 0.025761 0.565625 1 0.000000 0.000000 0
0 0.525703 0.311578 0.273326 0.336563 0.433255 0.207813 1 0.444965 0.196875 1 0.421546 0.201563 1 0.482436 0.190625 1 0.000000 0.000000 0 0.545667 0.196875 1 0.430913 0.254688 1 0.639344 0.226562 1 0.430913 0.317188 1 0.564403 0.271875 1 0.000000 0.000000 0 0.606557 0.332813 1 0.519906 0.350000 1 0.484778 0.304688 1 0.416862 0.325000 1 0.501171 0.409375 1 0.517564 0.410938 1
0 0.808126 0.507672 0.108571 0.286375 0.812646 0.390625 1 0.822014 0.382812 1 0.807963 0.385937 1 0.845433 0.385937 1 0.000000 0.000000 0 0.852459 0.415625 1 0.831382 0.426563 1 0.817330 0.451562 1 0.782201 0.468750 1 0.789227 0.456250 1 0.807963 0.460938 1 0.817330 0.492188 1 0.805621 0.490625 1 0.793911 0.564063 1 0.805621 0.565625 1 0.789227 0.646875 1 0.810304 0.645312 1
0 0.809098 0.426422 0.034871 0.033594 0.000000 0.000000 0 0.000000 0.000000 0 0.000000 0.000000 0 0.000000 0.000000 0 0.000000 0.000000 0 0.000000 0.000000 0 0.000000 0.000000 0 0.000000 0.000000 0 0.000000 0.000000 0 0.000000 0.000000 0 0.000000 0.000000 0 0.000000 0.000000 0 0.000000 0.000000 0 0.000000 0.000000 0 0.000000 0.000000 0 0.000000 0.000000 0 0.000000 0.000000 0
0 0.789895 0.447859 0.040211 0.029375 0.000000 0.000000 0 0.000000 0.000000 0 0.000000 0.000000 0 0.000000 0.000000 0 0.000000 0.000000 0 0.000000 0.000000 0 0.000000 0.000000 0 0.000000 0.000000 0 0.000000 0.000000 0 0.000000 0.000000 0 0.000000 0.000000 0 0.000000 0.000000 0 0.000000 0.000000 0 0.000000 0.000000 0 0.000000 0.000000 0 0.000000 0.000000 0 0.000000 0.000000 0
0 0.749087 0.484531 0.036721 0.035687 0.000000 0.000000 0 0.000000 0.000000 0 0.000000 0.000000 0 0.000000 0.000000 0 0.000000 0.000000 0 0.000000 0.000000 0 0.000000 0.000000 0 0.000000 0.000000 0 0.000000 0.000000 0 0.000000 0.000000 0 0.000000 0.000000 0 0.000000 0.000000 0 0.000000 0.000000 0 0.000000 0.000000 0 0.000000 0.000000 0 0.000000 0.000000 0 0.000000 0.000000 0
0 0.710059 0.554867 0.049625 0.154828 0.714286 0.493750 1 0.714286 0.487500 1 0.707260 0.489063 1 0.000000 0.000000 0 0.000000 0.000000 0 0.723653 0.506250 1 0.711944 0.504687 1 0.000000 0.000000 0 0.000000 0.000000 0 0.000000 0.000000 0 0.000000 0.000000 0 0.725995 0.545312 1 0.709602 0.542188 1 0.000000 0.000000 0 0.000000 0.000000 0 0.000000 0.000000 0 0.000000 0.000000 0
0 0.671651 0.555984 0.058150 0.119125 0.676815 0.507812 1 0.679157 0.504687 1 0.672131 0.504687 1 0.000000 0.000000 0 0.665105 0.506250 1 0.690867 0.521875 1 0.653396 0.520312 1 0.000000 0.000000 0 0.000000 0.000000 0 0.000000 0.000000 0 0.000000 0.000000 0 0.681499 0.560937 1 0.655738 0.560937 1 0.679157 0.587500 1 0.651054 0.582812 1 0.674473 0.607812 1 0.651054 0.607812 1
0 0.646534 0.519289 0.022623 0.040234 0.000000 0.000000 0 0.000000 0.000000 0 0.000000 0.000000 0 0.000000 0.000000 0 0.000000 0.000000 0 0.000000 0.000000 0 0.000000 0.000000 0 0.000000 0.000000 0 0.000000 0.000000 0 0.000000 0.000000 0 0.000000 0.000000 0 0.000000 0.000000 0 0.000000 0.000000 0 0.000000 0.000000 0 0.000000 0.000000 0 0.000000 0.000000 0 0.000000 0.000000 0
0 0.597705 0.550195 0.077986 0.124359 0.613583 0.501563 1 0.620609 0.496875 1 0.613583 0.495312 1 0.000000 0.000000 0 0.606557 0.495312 1 0.622951 0.510938 1 0.580796 0.506250 1 0.622951 0.521875 1 0.585480 0.518750 1 0.629977 0.542188 1 0.578454 0.531250 1 0.604215 0.546875 1 0.585480 0.542188 1 0.590164 0.581250 1 0.580796 0.579688 1 0.590164 0.595313 1 0.571429 0.595313 1
0 0.750550 0.548859 0.064895 0.174000 0.000000 0.000000 0 0.000000 0.000000 0 0.000000 0.000000 0 0.000000 0.000000 0 0.000000 0.000000 0 0.758782 0.498437 1 0.735363 0.495312 1 0.000000 0.000000 0 0.000000 0.000000 0 0.000000 0.000000 0 0.000000 0.000000 0 0.751756 0.540625 1 0.735363 0.543750 1 0.754098 0.598437 1 0.735363 0.596875 1 0.000000 0.000000 0 0.000000 0.000000 0
0 0.877916 0.500586 0.154145 0.317609 0.892272 0.453125 1 0.903981 0.448437 1 0.887588 0.448437 1 0.927400 0.457813 1 0.000000 0.000000 0 0.934426 0.492188 1 0.878220 0.496875 1 0.934426 0.521875 1 0.861827 0.526563 1 0.922717 0.553125 1 0.852459 0.553125 1 0.903981 0.557813 1 0.871194 0.556250 1 0.899297 0.610938 1 0.859485 0.610938 1 0.901639 0.673438 1 0.864169 0.664062 1