0 0.634211 0.701115 0.119672 0.391009 0.610938 0.542254 1 0.615625 0.535211 1 0.000000 0.000000 0 0.628125 0.539906 1 0.000000 0.000000 0 0.628125 0.577465 1 0.640625 0.565728 1 0.632812 0.643192 1 0.000000 0.000000 0 0.617188 0.697183 1 0.000000 0.000000 0 0.618750 0.685446 1 0.634375 0.669014 1 0.601562 0.760563 1 0.650000 0.779343 1 0.607812 0.873239 1 0.675000 0.863850 1
0 0.311102 0.646984 0.059016 0.339695 0.312500 0.511737 1 0.314063 0.504695 1 0.307812 0.507042 1 0.000000 0.000000 0 0.300000 0.504695 1 0.328125 0.528169 1 0.293750 0.537559 1 0.337500 0.572770 1 0.289062 0.596244 1 0.000000 0.000000 0 0.287500 0.654930 1 0.326562 0.643192 1 0.304688 0.640845 1 0.323437 0.718310 1 0.309375 0.711268 1 0.317188 0.788732 1 0.309375 0.784038 1
0 0.486039 0.680775 0.099672 0.418075 0.453125 0.507042 1 0.457813 0.500000 1 0.000000 0.000000 0 0.471875 0.502347 1 0.000000 0.000000 0 0.475000 0.544601 1 0.493750 0.537559 1 0.471875 0.610329 1 0.506250 0.605634 1 0.446875 0.600939 1 0.512500 0.577465 1 0.475000 0.678404 1 0.490625 0.666667 1 0.476562 0.751174 1 0.459375 0.755869 1 0.493750 0.859155 1 0.457813 0.859155 1
0 0.969734 0.702570 0.060531 0.235657 0.000000 0.000000 0 0.000000 0.000000 0 0.000000 0.000000 0 0.000000 0.000000 0 0.000000 0.000000 0 0.985938 0.610329 1 0.000000 0.000000 0 0.973437 0.708920 1 0.000000 0.000000 0 0.953125 0.769953 1 0.000000 0.000000 0 0.000000 0.000000 0 0.000000 0.000000 0 0.000000 0.000000 0 0.000000 0.000000 0 0.000000 0.000000 0 0.000000 0.000000 0
0 0.175531 0.672242 0.073531 0.292183 0.179688 0.549296 1 0.179688 0.544601 1 0.175000 0.546948 1 0.000000 0.000000 0 0.167187 0.556338 1 0.156250 0.584507 1 0.181250 0.589202 1 0.151562 0.633803 1 0.193750 0.619718 1 0.146875 0.671362 1 0.201563 0.575117 1 0.164062 0.661972 1 0.181250 0.659624 1 0.173437 0.737089 1 0.184375 0.718310 1 0.156250 0.776995 1 0.182812 0.788732 1
0 0.421016 0.629108 0.027562 0.087793 0.000000 0.000000 0 0.000000 0.000000 0 0.000000 0.000000 0 0.000000 0.000000 0 0.000000 0.000000 0 0.000000 0.000000 0 0.000000 0.000000 0 0.000000 0.000000 0 0.000000 0.000000 0 0.000000 0.000000 0 0.000000 0.000000 0 0.000000 0.000000 0 0.000000 0.000000 0 0.000000 0.000000 0 0.000000 0.000000 0 0.000000 0.000000 0 0.000000 0.000000 0
0 0.355586 0.686103 0.055766 0.334085 0.000000 0.000000 0 0.000000 0.000000 0 0.000000 0.000000 0 0.000000 0.000000 0 0.000000 0.000000 0 0.389062 0.546948 1 0.364063 0.551643 1 0.000000 0.000000 0 0.340625 0.593897 1 0.000000 0.000000 0 0.346875 0.537559 1 0.376563 0.638498 1 0.354687 0.643192 1 0.373437 0.734742 1 0.351562 0.734742 1 0.389062 0.830986 1 0.350000 0.828638 1
0 0.387523 0.616444 0.049297 0.498474 0.000000 0.000000 0 0.000000 0.000000 0 0.000000 0.000000 0 0.000000 0.000000 0 0.000000 0.000000 0 0.396875 0.509390 1 0.378125 0.530516 1 0.410938 0.457746 1 0.389062 0.457746 1 0.415625 0.403756 1 0.392188 0.399061 1 0.410938 0.636150 1 0.396875 0.638498 1 0.000000 0.000000 0 0.393750 0.748826 1 0.000000 0.000000 0 0.384375 0.830986 1
0 0.952477 0.689883 0.095047 0.449437 0.000000 0.000000 0 0.000000 0.000000 0 0.000000 0.000000 0 0.000000 0.000000 0 0.000000 0.000000 0 0.918750 0.586854 1 0.960938 0.577465 1 0.912500 0.643192 1 0.995313 0.537559 1 0.000000 0.000000 0 0.979688 0.483568 1 0.940625 0.718310 1 0.967187 0.711268 1 0.939063 0.772300 1 0.967187 0.772300 1 0.946875 0.873239 1 0.970313 0.875587 1
0 0.432180 0.675176 0.072078 0.389225 0.000000 0.000000 0 0.000000 0.000000 0 0.000000 0.000000 0 0.000000 0.000000 0 0.440625 0.507042 1 0.423438 0.553991 1 0.456250 0.521127 1 0.401562 0.603286 1 0.457813 0.434272 1 0.000000 0.000000 0 0.457813 0.392019 1 0.442188 0.617371 1 0.464062 0.605634 1 0.440625 0.718310 1 0.464062 0.713615 1 0.434375 0.826291 1 0.456250 0.833333 1
0 0.407859 0.546995 0.030250 0.084507 0.000000 0.000000 0 0.000000 0.000000 0 0.000000 0.000000 0 0.000000 0.000000 0 0.000000 0.000000 0 0.000000 0.000000 0 0.000000 0.000000 0 0.000000 0.000000 0 0.000000 0.000000 0 0.000000 0.000000 0 0.000000 0.000000 0 0.000000 0.000000 0 0.000000 0.000000 0 0.000000 0.000000 0 0.000000 0.000000 0 0.000000 0.000000 0 0.000000 0.000000 0
0 0.163789 0.627641 0.033516 0.078192 0.000000 0.000000 0 0.000000 0.000000 0 0.000000 0.000000 0 0.000000 0.000000 0 0.000000 0.000000 0 0.000000 0.000000 0 0.000000 0.000000 0 0.000000 0.000000 0 0.000000 0.000000 0 0.000000 0.000000 0 0.000000 0.000000 0 0.000000 0.000000 0 0.000000 0.000000 0 0.000000 0.000000 0 0.000000 0.000000 0 0.000000 0.000000 0 0.000000 0.000000 0