0 0.575727 0.698880 0.077109 0.417978 0.589063 0.524590 1 0.592187 0.516393 1 0.584375 0.519126 1 0.000000 0.000000 0 0.571875 0.524590 1 0.592187 0.562842 1 0.557813 0.571038 1 0.000000 0.000000 0 0.546875 0.647541 1 0.000000 0.000000 0 0.000000 0.000000 0 0.595313 0.672131 1 0.573438 0.680328 1 0.592187 0.792350 1 0.570312 0.797814 1 0.581250 0.857923 1 0.570312 0.882514 1
0 0.391320 0.696626 0.047547 0.386530 0.000000 0.000000 0 0.000000 0.000000 0 0.000000 0.000000 0 0.382812 0.538251 1 0.000000 0.000000 0 0.393750 0.581967 1 0.000000 0.000000 0 0.396875 0.633880 1 0.000000 0.000000 0 0.368750 0.642077 1 0.000000 0.000000 0 0.392188 0.683060 1 0.000000 0.000000 0 0.392188 0.786885 1 0.000000 0.000000 0 0.398438 0.866120 1 0.000000 0.000000 0
0 0.498164 0.668210 0.035766 0.282869 0.490625 0.560109 1 0.493750 0.554645 1 0.000000 0.000000 0 0.504687 0.557377 1 0.000000 0.000000 0 0.520312 0.592896 1 0.485938 0.592896 1 0.514062 0.647541 1 0.484375 0.628415 1 0.501563 0.661202 1 0.489063 0.661202 1 0.506250 0.685792 1 0.489063 0.685792 1 0.510938 0.740437 1 0.490625 0.743169 1 0.512500 0.811475 1 0.498437 0.808743 1
0 0.443313 0.652650 0.047375 0.253443 0.432812 0.554645 1 0.439063 0.549180 1 0.000000 0.000000 0 0.448437 0.549180 1 0.000000 0.000000 0 0.459375 0.584699 1 0.435937 0.584699 1 0.454688 0.639344 1 0.429688 0.631148 1 0.445312 0.674863 1 0.429688 0.658470 1 0.451562 0.683060 1 0.437500 0.672131 1 0.456250 0.751366 1 0.428125 0.740437 1 0.460938 0.800546 1 0.432812 0.797814 1
0 0.960445 0.617404 0.050609 0.182896 0.000000 0.000000 0 0.000000 0.000000 0 0.000000 0.000000 0 0.000000 0.000000 0 0.000000 0.000000 0 0.000000 0.000000 0 0.000000 0.000000 0 0.000000 0.000000 0 0.000000 0.000000 0 0.000000 0.000000 0 0.000000 0.000000 0 0.000000 0.000000 0 0.000000 0.000000 0 0.000000 0.000000 0 0.000000 0.000000 0 0.000000 0.000000 0 0.000000 0.000000 0
0 0.971086 0.714372 0.057828 0.237923 0.989062 0.631148 1 0.992188 0.625683 1 0.987500 0.625683 1 0.000000 0.000000 0 0.976562 0.622951 1 0.995313 0.655738 1 0.962500 0.653005 1 0.996875 0.691257 1 0.954688 0.691257 1 0.984375 0.724044 1 0.962500 0.724044 1 0.981250 0.718579 1 0.968750 0.721311 1 0.989062 0.734973 1 0.953125 0.732240 1 0.992188 0.792350 1 0.954688 0.786885 1
0 0.480031 0.680888 0.027313 0.324508 0.000000 0.000000 0 0.000000 0.000000 0 0.000000 0.000000 0 0.000000 0.000000 0 0.000000 0.000000 0 0.000000 0.000000 0 0.000000 0.000000 0 0.000000 0.000000 0 0.000000 0.000000 0 0.000000 0.000000 0 0.000000 0.000000 0 0.000000 0.000000 0 0.000000 0.000000 0 0.000000 0.000000 0 0.000000 0.000000 0 0.000000 0.000000 0 0.000000 0.000000 0
0 0.176750 0.652773 0.044969 0.316803 0.000000 0.000000 0 0.000000 0.000000 0 0.000000 0.000000 0 0.000000 0.000000 0 0.000000 0.000000 0 0.000000 0.000000 0 0.000000 0.000000 0 0.000000 0.000000 0 0.000000 0.000000 0 0.000000 0.000000 0 0.000000 0.000000 0 0.000000 0.000000 0 0.000000 0.000000 0 0.000000 0.000000 0 0.000000 0.000000 0 0.000000 0.000000 0 0.000000 0.000000 0
0 0.090102 0.518238 0.023297 0.024617 0.000000 0.000000 0 0.000000 0.000000 0 0.000000 0.000000 0 0.000000 0.000000 0 0.000000 0.000000 0 0.000000 0.000000 0 0.000000 0.000000 0 0.000000 0.000000 0 0.000000 0.000000 0 0.000000 0.000000 0 0.000000 0.000000 0 0.000000 0.000000 0 0.000000 0.000000 0 0.000000 0.000000 0 0.000000 0.000000 0 0.000000 0.000000 0 0.000000 0.000000 0
0 0.041023 0.741189 0.043172 0.183907 0.000000 0.000000 0 0.000000 0.000000 0 0.000000 0.000000 0 0.000000 0.000000 0 0.000000 0.000000 0 0.000000 0.000000 0 0.000000 0.000000 0 0.000000 0.000000 0 0.000000 0.000000 0 0.000000 0.000000 0 0.000000 0.000000 0 0.000000 0.000000 0 0.000000 0.000000 0 0.000000 0.000000 0 0.000000 0.000000 0 0.000000 0.000000 0 0.000000 0.000000 0
0 0.283578 0.732964 0.067125 0.221066 0.289062 0.633880 1 0.293750 0.628415 1 0.287500 0.628415 1 0.301563 0.636612 1 0.000000 0.000000 0 0.306250 0.661202 1 0.273438 0.661202 1 0.310937 0.721311 1 0.265625 0.702186 1 0.293750 0.748634 1 0.262500 0.732240 1 0.298438 0.745902 1 0.275000 0.745902 1 0.307812 0.745902 1 0.262500 0.745902 1 0.310937 0.806011 1 0.259375 0.806011 1
0 0.682352 0.634276 0.039922 0.138388 0.000000 0.000000 0 0.000000 0.000000 0 0.000000 0.000000 0 0.000000 0.000000 0 0.000000 0.000000 0 0.000000 0.000000 0 0.000000 0.000000 0 0.000000 0.000000 0 0.000000 0.000000 0 0.000000 0.000000 0 0.000000 0.000000 0 0.000000 0.000000 0 0.000000 0.000000 0 0.000000 0.000000 0 0.000000 0.000000 0 0.000000 0.000000 0 0.000000 0.000000 0
0 0.707367 0.744481 0.051391 0.175301 0.000000 0.000000 0 0.000000 0.000000 0 0.000000 0.000000 0 0.000000 0.000000 0 0.000000 0.000000 0 0.725000 0.674863 1 0.693750 0.674863 1 0.000000 0.000000 0 0.682813 0.715847 1 0.000000 0.000000 0 0.000000 0.000000 0 0.718750 0.737705 1 0.696875 0.734973 1 0.720313 0.754098 1 0.700000 0.756831 1 0.723437 0.808743 1 0.695312 0.806011 1