0 0.285945 0.313551 0.071109 0.409905 0.281250 0.163895 1 0.285938 0.156770 1 0.275000 0.156770 1 0.303125 0.156770 1 0.000000 0.000000 0 0.309375 0.192399 1 0.293750 0.194774 1 0.306250 0.261283 1 0.000000 0.000000 0 0.273438 0.237530 1 0.000000 0.000000 0 0.285938 0.327791 1 0.000000 0.000000 0 0.259375 0.434679 1 0.267188 0.444181 1 0.000000 0.000000 0 0.293750 0.539192 1
0 0.350391 0.463219 0.163219 0.372185 0.381250 0.356295 1 0.000000 0.000000 0 0.378125 0.346793 1 0.350000 0.315914 1 0.365625 0.327791 1 0.303125 0.344418 1 0.351562 0.339667 1 0.000000 0.000000 0 0.367188 0.394299 1 0.000000 0.000000 0 0.406250 0.441805 1 0.278125 0.456057 1 0.317188 0.453682 1 0.331250 0.491686 1 0.378125 0.494062 1 0.321875 0.574822 1 0.417187 0.612827 1
0 0.877898 0.524786 0.154734 0.194941 0.868750 0.527316 1 0.875000 0.520190 1 0.867188 0.517815 1 0.892188 0.515439 1 0.000000 0.000000 0 0.914062 0.524941 1 0.853125 0.501188 1 0.910937 0.603325 1 0.806250 0.565321 1 0.864062 0.615202 1 0.834375 0.543943 1 0.934375 0.451306 1 0.896875 0.437055 1 0.920312 0.603325 1 0.862500 0.593824 1 0.934375 0.536817 1 0.887500 0.551069 1
0 0.609563 0.342696 0.104031 0.398171 0.603125 0.201900 1 0.609375 0.197150 1 0.598437 0.194774 1 0.618750 0.194774 1 0.590625 0.194774 1 0.628125 0.218527 1 0.582812 0.220903 1 0.651563 0.268409 1 0.565625 0.261283 1 0.621875 0.294537 1 0.598437 0.287411 1 0.623437 0.342043 1 0.587500 0.342043 1 0.631250 0.437055 1 0.589063 0.451306 1 0.628125 0.520190 1 0.592187 0.517815 1
0 0.858547 0.324727 0.191562 0.453539 0.842187 0.152019 1 0.851562 0.142518 1 0.840625 0.140143 1 0.867188 0.144893 1 0.000000 0.000000 0 0.876563 0.180523 1 0.818750 0.180523 1 0.909375 0.237530 1 0.781250 0.232779 1 0.934375 0.285036 1 0.775000 0.280285 1 0.859375 0.339667 1 0.823438 0.339667 1 0.857812 0.432304 1 0.832812 0.444181 1 0.801562 0.501188 1 0.839063 0.539192 1
0 0.172219 0.323230 0.078344 0.444941 0.181250 0.156770 1 0.184375 0.149644 1 0.176563 0.149644 1 0.000000 0.000000 0 0.167187 0.149644 1 0.190625 0.192399 1 0.160938 0.194774 1 0.000000 0.000000 0 0.151562 0.254157 1 0.210938 0.294537 1 0.189062 0.256532 1 0.193750 0.318290 1 0.171875 0.315914 1 0.190625 0.394299 1 0.175000 0.394299 1 0.000000 0.000000 0 0.176563 0.482185 1
0 0.373711 0.213385 0.100266 0.158266 0.390625 0.182898 1 0.398438 0.178147 1 0.384375 0.173397 1 0.401562 0.182898 1 0.373437 0.175772 1 0.409375 0.216152 1 0.343750 0.209026 1 0.417187 0.266033 1 0.332813 0.261283 1 0.393750 0.266033 1 0.373437 0.268409 1 0.392188 0.344418 1 0.346875 0.342043 1 0.000000 0.000000 0 0.000000 0.000000 0 0.000000 0.000000 0 0.000000 0.000000 0
0 0.494141 0.336651 0.102188 0.393492 0.492188 0.194774 1 0.500000 0.182898 1 0.487500 0.180523 1 0.512500 0.182898 1 0.479687 0.180523 1 0.529687 0.211401 1 0.459375 0.209026 1 0.525000 0.270784 1 0.453125 0.266033 1 0.495312 0.275534 1 0.484375 0.256532 1 0.507812 0.351544 1 0.468750 0.351544 1 0.496875 0.444181 1 0.465625 0.439430 1 0.485938 0.522565 1 0.460938 0.520190 1
0 0.440102 0.185523 0.028328 0.092043 0.000000 0.000000 0 0.000000 0.000000 0 0.000000 0.000000 0 0.000000 0.000000 0 0.000000 0.000000 0 0.000000 0.000000 0 0.000000 0.000000 0 0.000000 0.000000 0 0.000000 0.000000 0 0.000000 0.000000 0 0.000000 0.000000 0 0.000000 0.000000 0 0.000000 0.000000 0 0.000000 0.000000 0 0.000000 0.000000 0 0.000000 0.000000 0 0.000000 0.000000 0
0 0.567172 0.210083 0.039719 0.068670 0.000000 0.000000 0 0.000000 0.000000 0 0.000000 0.000000 0 0.000000 0.000000 0 0.000000 0.000000 0 0.000000 0.000000 0 0.000000 0.000000 0 0.000000 0.000000 0 0.000000 0.000000 0 0.000000 0.000000 0 0.000000 0.000000 0 0.000000 0.000000 0 0.000000 0.000000 0 0.000000 0.000000 0 0.000000 0.000000 0 0.000000 0.000000 0 0.000000 0.000000 0
0 0.637188 0.186936 0.031469 0.076532 0.000000 0.000000 0 0.000000 0.000000 0 0.000000 0.000000 0 0.000000 0.000000 0 0.000000 0.000000 0 0.000000 0.000000 0 0.000000 0.000000 0 0.000000 0.000000 0 0.000000 0.000000 0 0.000000 0.000000 0 0.000000 0.000000 0 0.000000 0.000000 0 0.000000 0.000000 0 0.000000 0.000000 0 0.000000 0.000000 0 0.000000 0.000000 0 0.000000 0.000000 0
0 0.740812 0.247387 0.049750 0.086033 0.000000 0.000000 0 0.000000 0.000000 0 0.000000 0.000000 0 0.000000 0.000000 0 0.000000 0.000000 0 0.000000 0.000000 0 0.000000 0.000000 0 0.000000 0.000000 0 0.000000 0.000000 0 0.000000 0.000000 0 0.000000 0.000000 0 0.000000 0.000000 0 0.000000 0.000000 0 0.000000 0.000000 0 0.000000 0.000000 0 0.000000 0.000000 0 0.000000 0.000000 0
0 0.097266 0.329192 0.098719 0.398480 0.093750 0.175772 1 0.100000 0.166271 1 0.087500 0.168646 1 0.106250 0.173397 1 0.000000 0.000000 0 0.112500 0.218527 1 0.068750 0.201900 1 0.137500 0.258907 1 0.065625 0.220903 1 0.112500 0.261283 1 0.076563 0.171021 1 0.098437 0.332542 1 0.067187 0.327791 1 0.093750 0.420428 1 0.060937 0.420428 1 0.089063 0.513064 1 0.059375 0.508314 1