0 0.137953 0.582199 0.272750 0.382879 0.132812 0.459821 1 0.000000 0.000000 0 0.123438 0.450893 1 0.000000 0.000000 0 0.093750 0.453125 1 0.131250 0.513393 1 0.054688 0.515625 1 0.185938 0.553571 1 0.000000 0.000000 0 0.218750 0.584821 1 0.000000 0.000000 0 0.065625 0.656250 1 0.009375 0.660714 1 0.162500 0.627232 1 0.070312 0.598214 1 0.090625 0.734375 1 0.014063 0.732143 1
0 0.217070 0.299185 0.138703 0.151674 0.214062 0.270089 1 0.218750 0.263393 1 0.204687 0.265625 1 0.000000 0.000000 0 0.187500 0.274554 1 0.235937 0.310268 1 0.173437 0.316964 1 0.273438 0.352679 1 0.160938 0.370536 1 0.000000 0.000000 0 0.000000 0.000000 0 0.243750 0.383929 1 0.201563 0.383929 1 0.000000 0.000000 0 0.000000 0.000000 0 0.000000 0.000000 0 0.000000 0.000000 0
0 0.349070 0.233694 0.118922 0.125469 0.354687 0.232143 1 0.357812 0.225446 1 0.348438 0.225446 1 0.000000 0.000000 0 0.334375 0.209821 1 0.379688 0.256696 1 0.317188 0.258929 1 0.000000 0.000000 0 0.000000 0.000000 0 0.000000 0.000000 0 0.000000 0.000000 0 0.000000 0.000000 0 0.000000 0.000000 0 0.000000 0.000000 0 0.000000 0.000000 0 0.000000 0.000000 0 0.000000 0.000000 0
0 0.699523 0.085100 0.077516 0.123058 0.701562 0.089286 1 0.707812 0.080357 1 0.695312 0.080357 1 0.000000 0.000000 0 0.684375 0.078125 1 0.720313 0.111607 1 0.671875 0.120536 1 0.000000 0.000000 0 0.671875 0.171875 1 0.000000 0.000000 0 0.690625 0.131696 1 0.000000 0.000000 0 0.000000 0.000000 0 0.000000 0.000000 0 0.000000 0.000000 0 0.000000 0.000000 0 0.000000 0.000000 0
0 0.620563 0.088761 0.080219 0.114621 0.625000 0.071429 1 0.631250 0.062500 1 0.618750 0.062500 1 0.000000 0.000000 0 0.607812 0.071429 1 0.646875 0.113839 1 0.596875 0.116071 1 0.000000 0.000000 0 0.000000 0.000000 0 0.000000 0.000000 0 0.000000 0.000000 0 0.000000 0.000000 0 0.000000 0.000000 0 0.000000 0.000000 0 0.000000 0.000000 0 0.000000 0.000000 0 0.000000 0.000000 0
0 0.113789 0.310804 0.080734 0.163571 0.110937 0.274554 1 0.114062 0.265625 1 0.106250 0.265625 1 0.000000 0.000000 0 0.081250 0.272321 1 0.128125 0.323661 1 0.067187 0.332589 1 0.000000 0.000000 0 0.000000 0.000000 0 0.000000 0.000000 0 0.000000 0.000000 0 0.121875 0.395089 1 0.073438 0.392857 1 0.000000 0.000000 0 0.000000 0.000000 0 0.000000 0.000000 0 0.000000 0.000000 0
0 0.149211 0.239196 0.071234 0.127723 0.143750 0.220982 1 0.151562 0.214286 1 0.137500 0.212054 1 0.000000 0.000000 0 0.125000 0.216518 1 0.164062 0.258929 1 0.114062 0.261161 1 0.000000 0.000000 0 0.000000 0.000000 0 0.000000 0.000000 0 0.000000 0.000000 0 0.000000 0.000000 0 0.000000 0.000000 0 0.000000 0.000000 0 0.000000 0.000000 0 0.000000 0.000000 0 0.000000 0.000000 0
0 0.185609 0.366842 0.092281 0.117567 0.206250 0.343750 1 0.000000 0.000000 0 0.201563 0.337054 1 0.000000 0.000000 0 0.179688 0.345982 1 0.212500 0.399554 1 0.160938 0.399554 1 0.000000 0.000000 0 0.000000 0.000000 0 0.000000 0.000000 0 0.000000 0.000000 0 0.000000 0.000000 0 0.000000 0.000000 0 0.000000 0.000000 0 0.000000 0.000000 0 0.000000 0.000000 0 0.000000 0.000000 0
0 0.257016 0.402478 0.070156 0.084687 0.000000 0.000000 0 0.000000 0.000000 0 0.000000 0.000000 0 0.000000 0.000000 0 0.000000 0.000000 0 0.000000 0.000000 0 0.000000 0.000000 0 0.000000 0.000000 0 0.000000 0.000000 0 0.000000 0.000000 0 0.000000 0.000000 0 0.000000 0.000000 0 0.000000 0.000000 0 0.000000 0.000000 0 0.000000 0.000000 0 0.000000 0.000000 0 0.000000 0.000000 0
0 0.272258 0.367377 0.100984 0.141585 0.250000 0.348214 1 0.254688 0.332589 1 0.242188 0.334821 1 0.268750 0.332589 1 0.234375 0.345982 1 0.295312 0.381696 1 0.229687 0.395089 1 0.309375 0.424107 1 0.000000 0.000000 0 0.000000 0.000000 0 0.000000 0.000000 0 0.000000 0.000000 0 0.000000 0.000000 0 0.000000 0.000000 0 0.000000 0.000000 0 0.000000 0.000000 0 0.000000 0.000000 0
0 0.553211 0.470279 0.301578 0.598013 0.521875 0.245536 1 0.526563 0.232143 1 0.512500 0.236607 1 0.000000 0.000000 0 0.489063 0.243304 1 0.550000 0.270089 1 0.495312 0.350446 1 0.571875 0.341518 1 0.509375 0.459821 1 0.534375 0.386161 1 0.507812 0.441964 1 0.593750 0.444196 1 0.557813 0.473214 1 0.654687 0.571429 1 0.535937 0.616071 1 0.690625 0.723214 1 0.442188 0.685268 1
0 0.782102 0.081484 0.091609 0.118504 0.776563 0.069196 1 0.781250 0.062500 1 0.770312 0.064732 1 0.787500 0.058036 1 0.756250 0.062500 1 0.803125 0.100446 1 0.745313 0.100446 1 0.823438 0.149554 1 0.743750 0.147321 1 0.806250 0.111607 1 0.760938 0.104911 1 0.000000 0.000000 0 0.000000 0.000000 0 0.000000 0.000000 0 0.000000 0.000000 0 0.000000 0.000000 0 0.000000 0.000000 0
0 0.050336 0.388862 0.099641 0.226071 0.081250 0.339286 1 0.000000 0.000000 0 0.070312 0.328125 1 0.000000 0.000000 0 0.039062 0.332589 1 0.079687 0.388393 1 0.007812 0.406250 1 0.000000 0.000000 0 0.000000 0.000000 0 0.000000 0.000000 0 0.000000 0.000000 0 0.000000 0.000000 0 0.000000 0.000000 0 0.000000 0.000000 0 0.000000 0.000000 0 0.000000 0.000000 0 0.000000 0.000000 0