0 0.655992 0.827490 0.276859 0.345021 0.000000 0.000000 0 0.000000 0.000000 0 0.000000 0.000000 0 0.617188 0.770833 1 0.692187 0.779167 1 0.570312 0.877083 1 0.729688 0.893750 1 0.000000 0.000000 0 0.000000 0.000000 0 0.000000 0.000000 0 0.000000 0.000000 0 0.000000 0.000000 0 0.000000 0.000000 0 0.000000 0.000000 0 0.000000 0.000000 0 0.000000 0.000000 0 0.000000 0.000000 0
0 0.272813 0.567562 0.255844 0.417333 0.304688 0.406250 1 0.312500 0.397917 1 0.295312 0.397917 1 0.318750 0.404167 1 0.284375 0.404167 1 0.325000 0.452083 1 0.254688 0.450000 1 0.335938 0.520833 1 0.232813 0.495833 1 0.292187 0.506250 1 0.246875 0.537500 1 0.315625 0.568750 1 0.257812 0.566667 1 0.357812 0.656250 1 0.218750 0.637500 1 0.375000 0.735417 1 0.173437 0.725000 1
0 0.200000 0.182073 0.119000 0.102146 0.204687 0.160417 1 0.209375 0.154167 1 0.201563 0.156250 1 0.217188 0.158333 1 0.195312 0.162500 1 0.225000 0.177083 1 0.189062 0.187500 1 0.254688 0.197917 1 0.160938 0.208333 1 0.231250 0.204167 1 0.148438 0.212500 1 0.000000 0.000000 0 0.000000 0.000000 0 0.000000 0.000000 0 0.000000 0.000000 0 0.000000 0.000000 0 0.000000 0.000000 0
0 0.089352 0.182271 0.079453 0.096792 0.081250 0.162500 1 0.085938 0.156250 1 0.078125 0.154167 1 0.090625 0.164583 1 0.070312 0.160417 1 0.096875 0.185417 1 0.054688 0.191667 1 0.120313 0.206250 1 0.062500 0.233333 1 0.121875 0.210417 1 0.000000 0.000000 0 0.098437 0.241667 1 0.073438 0.245833 1 0.000000 0.000000 0 0.000000 0.000000 0 0.000000 0.000000 0 0.000000 0.000000 0
0 0.953320 0.098573 0.080328 0.152354 0.962500 0.050000 1 0.967187 0.045833 1 0.957812 0.047917 1 0.970313 0.047917 1 0.954688 0.052083 1 0.984375 0.079167 1 0.946875 0.081250 1 0.984375 0.112500 1 0.943750 0.114583 1 0.956250 0.106250 1 0.971875 0.102083 1 0.968750 0.131250 1 0.946875 0.129167 1 0.976562 0.145833 1 0.921875 0.139583 1 0.000000 0.000000 0 0.000000 0.000000 0
0 0.142656 0.157500 0.079375 0.150375 0.145313 0.112500 1 0.150000 0.106250 1 0.140625 0.106250 1 0.153125 0.108333 1 0.131250 0.106250 1 0.160938 0.135417 1 0.120313 0.131250 1 0.171875 0.183333 1 0.110937 0.181250 1 0.145313 0.210417 1 0.134375 0.212500 1 0.153125 0.210417 1 0.125000 0.206250 1 0.000000 0.000000 0 0.000000 0.000000 0 0.000000 0.000000 0 0.000000 0.000000 0
0 0.029828 0.155917 0.059094 0.143875 0.025000 0.118750 1 0.028125 0.114583 1 0.021875 0.114583 1 0.000000 0.000000 0 0.000000 0.000000 0 0.046875 0.143750 1 0.003125 0.154167 1 0.048438 0.181250 1 0.001563 0.187500 1 0.018750 0.183333 1 0.034375 0.193750 1 0.042188 0.202083 1 0.012500 0.202083 1 0.000000 0.000000 0 0.000000 0.000000 0 0.000000 0.000000 0 0.000000 0.000000 0
0 0.077992 0.091396 0.083547 0.173875 0.073438 0.025000 1 0.078125 0.016667 1 0.068750 0.016667 1 0.085938 0.016667 1 0.062500 0.016667 1 0.095312 0.039583 1 0.050000 0.050000 1 0.115625 0.064583 1 0.046875 0.097917 1 0.092188 0.070833 1 0.060937 0.089583 1 0.000000 0.000000 0 0.000000 0.000000 0 0.000000 0.000000 0 0.000000 0.000000 0 0.000000 0.000000 0 0.000000 0.000000 0
0 0.989336 0.109979 0.021328 0.128583 0.000000 0.000000 0 0.000000 0.000000 0 0.000000 0.000000 0 0.000000 0.000000 0 0.000000 0.000000 0 0.000000 0.000000 0 0.000000 0.000000 0 0.000000 0.000000 0 0.000000 0.000000 0 0.000000 0.000000 0 0.000000 0.000000 0 0.000000 0.000000 0 0.000000 0.000000 0 0.000000 0.000000 0 0.000000 0.000000 0 0.000000 0.000000 0 0.000000 0.000000 0
0 0.673727 0.430969 0.122266 0.307188 0.707812 0.320833 1 0.712500 0.312500 1 0.703125 0.310417 1 0.720313 0.316667 1 0.693750 0.308333 1 0.720313 0.339583 1 0.664062 0.341667 1 0.717187 0.356250 1 0.642188 0.393750 1 0.714063 0.410417 1 0.670312 0.439583 1 0.679688 0.420833 1 0.645312 0.400000 1 0.659375 0.500000 1 0.618750 0.427083 1 0.635938 0.579167 1 0.648438 0.331250 1
0 0.020594 0.056083 0.041188 0.111792 0.000000 0.000000 0 0.000000 0.000000 0 0.000000 0.000000 0 0.000000 0.000000 0 0.000000 0.000000 0 0.000000 0.000000 0 0.000000 0.000000 0 0.000000 0.000000 0 0.000000 0.000000 0 0.000000 0.000000 0 0.000000 0.000000 0 0.000000 0.000000 0 0.000000 0.000000 0 0.000000 0.000000 0 0.000000 0.000000 0 0.000000 0.000000 0 0.000000 0.000000 0