0 0.224492 0.505578 0.158984 0.500771 0.250000 0.310658 1 0.256250 0.297052 1 0.242188 0.299320 1 0.264062 0.299320 1 0.229687 0.299320 1 0.284375 0.351474 1 0.215625 0.353741 1 0.284375 0.421769 1 0.195312 0.424036 1 0.253125 0.469388 1 0.168750 0.469388 1 0.279687 0.478458 1 0.228125 0.478458 1 0.279687 0.598639 1 0.250000 0.600907 1 0.279687 0.721088 1 0.268750 0.700680 1
0 0.109922 0.495941 0.154125 0.449524 0.134375 0.319728 1 0.137500 0.310658 1 0.126562 0.310658 1 0.000000 0.000000 0 0.109375 0.310658 1 0.157812 0.337868 1 0.090625 0.344671 1 0.168750 0.424036 1 0.062500 0.408163 1 0.139063 0.471655 1 0.048438 0.453515 1 0.139063 0.464853 1 0.109375 0.464853 1 0.156250 0.580499 1 0.125000 0.587302 1 0.162500 0.662132 1 0.129688 0.680272 1
0 0.349633 0.531542 0.097016 0.525170 0.000000 0.000000 0 0.000000 0.000000 0 0.000000 0.000000 0 0.000000 0.000000 0 0.359375 0.321995 1 0.306250 0.371882 1 0.368750 0.374150 1 0.298438 0.444444 1 0.384375 0.451247 1 0.000000 0.000000 0 0.000000 0.000000 0 0.317188 0.512472 1 0.368750 0.512472 1 0.323437 0.641723 1 0.362500 0.648526 1 0.320312 0.741497 1 0.357812 0.764172 1
0 0.804367 0.734206 0.257578 0.328912 0.806250 0.628118 1 0.814063 0.616780 1 0.000000 0.000000 0 0.843750 0.623583 1 0.000000 0.000000 0 0.853125 0.680272 1 0.826562 0.655329 1 0.787500 0.727891 1 0.770312 0.707483 1 0.740625 0.750567 1 0.770312 0.680272 1 0.857812 0.850340 1 0.848437 0.832200 1 0.790625 0.766440 1 0.768750 0.721088 1 0.732812 0.861678 1 0.721875 0.823129 1
0 0.462211 0.436712 0.069672 0.249433 0.484375 0.369615 1 0.000000 0.000000 0 0.482812 0.358277 1 0.000000 0.000000 0 0.000000 0.000000 0 0.445312 0.385488 1 0.460938 0.399093 1 0.000000 0.000000 0 0.478125 0.467120 1 0.000000 0.000000 0 0.492188 0.460317 1 0.440625 0.485261 1 0.456250 0.496599 1 0.000000 0.000000 0 0.000000 0.000000 0 0.000000 0.000000 0 0.000000 0.000000 0
0 0.721578 0.538197 0.161031 0.532585 0.000000 0.000000 0 0.000000 0.000000 0 0.000000 0.000000 0 0.701562 0.317460 1 0.739062 0.319728 1 0.675000 0.351474 1 0.754687 0.358277 1 0.657813 0.437642 1 0.787500 0.430839 1 0.651563 0.505669 1 0.754687 0.471655 1 0.679688 0.501134 1 0.735938 0.505669 1 0.689063 0.659864 1 0.728125 0.659864 1 0.700000 0.777778 1 0.726562 0.773243 1
0 0.598930 0.346655 0.039734 0.115896 0.000000 0.000000 0 0.000000 0.000000 0 0.000000 0.000000 0 0.000000 0.000000 0 0.000000 0.000000 0 0.000000 0.000000 0 0.000000 0.000000 0 0.000000 0.000000 0 0.000000 0.000000 0 0.000000 0.000000 0 0.000000 0.000000 0 0.000000 0.000000 0 0.000000 0.000000 0 0.000000 0.000000 0 0.000000 0.000000 0 0.000000 0.000000 0 0.000000 0.000000 0
0 0.624617 0.364161 0.074953 0.109773 0.000000 0.000000 0 0.000000 0.000000 0 0.000000 0.000000 0 0.000000 0.000000 0 0.000000 0.000000 0 0.000000 0.000000 0 0.000000 0.000000 0 0.000000 0.000000 0 0.000000 0.000000 0 0.000000 0.000000 0 0.000000 0.000000 0 0.000000 0.000000 0 0.000000 0.000000 0 0.000000 0.000000 0 0.000000 0.000000 0 0.000000 0.000000 0 0.000000 0.000000 0
0 0.031289 0.456939 0.061797 0.353651 0.048438 0.317460 1 0.000000 0.000000 0 0.045312 0.308390 1 0.000000 0.000000 0 0.029687 0.310658 1 0.050000 0.362812 1 0.009375 0.365079 1 0.000000 0.000000 0 0.007812 0.410431 1 0.000000 0.000000 0 0.012500 0.455782 1 0.045312 0.462585 1 0.021875 0.464853 1 0.040625 0.546485 1 0.020313 0.544218 1 0.035937 0.607710 1 0.000000 0.000000 0
0 0.816867 0.573379 0.153234 0.304671 0.000000 0.000000 0 0.809375 0.664399 1 0.000000 0.000000 0 0.800000 0.478458 1 0.000000 0.000000 0 0.800000 0.519274 1 0.870313 0.528345 1 0.760938 0.603175 1 0.000000 0.000000 0 0.000000 0.000000 0 0.000000 0.000000 0 0.000000 0.000000 0 0.862500 0.664399 1 0.748437 0.628118 1 0.000000 0.000000 0 0.000000 0.000000 0 0.000000 0.000000 0
0 0.306508 0.312177 0.061359 0.097460 0.000000 0.000000 0 0.000000 0.000000 0 0.000000 0.000000 0 0.000000 0.000000 0 0.000000 0.000000 0 0.000000 0.000000 0 0.000000 0.000000 0 0.000000 0.000000 0 0.000000 0.000000 0 0.000000 0.000000 0 0.000000 0.000000 0 0.000000 0.000000 0 0.000000 0.000000 0 0.000000 0.000000 0 0.000000 0.000000 0 0.000000 0.000000 0 0.000000 0.000000 0
0 0.428195 0.418980 0.051047 0.252925 0.437500 0.319728 1 0.440625 0.317460 1 0.434375 0.315193 1 0.445312 0.319728 1 0.428125 0.315193 1 0.451562 0.349206 1 0.423438 0.346939 1 0.000000 0.000000 0 0.417187 0.378685 1 0.000000 0.000000 0 0.409375 0.403628 1 0.443750 0.414966 1 0.423438 0.417234 1 0.000000 0.000000 0 0.423438 0.471655 1 0.000000 0.000000 0 0.418750 0.530612 1
0 0.498578 0.323821 0.018344 0.066553 0.000000 0.000000 0 0.000000 0.000000 0 0.000000 0.000000 0 0.000000 0.000000 0 0.000000 0.000000 0 0.000000 0.000000 0 0.000000 0.000000 0 0.000000 0.000000 0 0.000000 0.000000 0 0.000000 0.000000 0 0.000000 0.000000 0 0.000000 0.000000 0 0.000000 0.000000 0 0.000000 0.000000 0 0.000000 0.000000 0 0.000000 0.000000 0 0.000000 0.000000 0