0 0.662406 0.655935 0.190781 0.576963 0.000000 0.000000 0 0.000000 0.000000 0 0.000000 0.000000 0 0.000000 0.000000 0 0.000000 0.000000 0 0.643750 0.462617 1 0.717187 0.464953 1 0.618750 0.532710 1 0.745313 0.535047 1 0.593750 0.586449 1 0.721875 0.591121 1 0.662500 0.623832 1 0.707812 0.626168 1 0.676562 0.735981 1 0.692187 0.714953 1 0.701562 0.834112 1 0.706250 0.686916 1
0 0.432820 0.636308 0.162609 0.477383 0.000000 0.000000 0 0.000000 0.000000 0 0.000000 0.000000 0 0.417187 0.434579 1 0.453125 0.432243 1 0.404687 0.481308 1 0.467187 0.483645 1 0.384375 0.532710 1 0.489063 0.537383 1 0.368750 0.579439 1 0.500000 0.584112 1 0.414062 0.628505 1 0.448437 0.628505 1 0.415625 0.724299 1 0.446875 0.733645 1 0.415625 0.806075 1 0.451562 0.836449 1
0 0.775141 0.632173 0.111969 0.441028 0.000000 0.000000 0 0.000000 0.000000 0 0.000000 0.000000 0 0.000000 0.000000 0 0.000000 0.000000 0 0.778125 0.502336 1 0.815625 0.504673 1 0.776563 0.558411 1 0.000000 0.000000 0 0.740625 0.572430 1 0.000000 0.000000 0 0.764062 0.630841 1 0.803125 0.628505 1 0.739062 0.703271 1 0.784375 0.726636 1 0.743750 0.799065 1 0.806250 0.808411 1
0 0.253219 0.561799 0.052594 0.265187 0.000000 0.000000 0 0.000000 0.000000 0 0.000000 0.000000 0 0.000000 0.000000 0 0.000000 0.000000 0 0.231250 0.478972 1 0.270313 0.474299 1 0.229687 0.507009 1 0.265625 0.502336 1 0.000000 0.000000 0 0.000000 0.000000 0 0.243750 0.549065 1 0.260937 0.546729 1 0.242188 0.598131 1 0.260937 0.605140 1 0.240625 0.656542 1 0.256250 0.661215 1
0 0.216594 0.553318 0.054281 0.222804 0.220312 0.464953 1 0.221875 0.460280 1 0.218750 0.462617 1 0.000000 0.000000 0 0.214062 0.462617 1 0.228125 0.488318 1 0.203125 0.492991 1 0.000000 0.000000 0 0.196875 0.516355 1 0.000000 0.000000 0 0.000000 0.000000 0 0.229687 0.551402 1 0.210938 0.553738 1 0.226562 0.598131 1 0.217188 0.602804 1 0.231250 0.637850 1 0.223438 0.637850 1
0 0.123914 0.557044 0.087172 0.262593 0.135937 0.455607 1 0.139063 0.450935 1 0.132812 0.450935 1 0.145313 0.453271 1 0.000000 0.000000 0 0.156250 0.478972 1 0.121875 0.478972 1 0.159375 0.507009 1 0.112500 0.514019 1 0.157812 0.523364 1 0.092188 0.530374 1 0.148438 0.560748 1 0.129688 0.560748 1 0.140625 0.609813 1 0.131250 0.605140 1 0.137500 0.654206 1 0.126562 0.654206 1
0 0.505328 0.617430 0.075156 0.353925 0.528125 0.492991 1 0.000000 0.000000 0 0.525000 0.481308 1 0.000000 0.000000 0 0.515625 0.474299 1 0.514062 0.507009 1 0.506250 0.518692 1 0.000000 0.000000 0 0.507812 0.563084 1 0.000000 0.000000 0 0.518750 0.612150 1 0.528125 0.607477 1 0.514062 0.616822 1 0.518750 0.679907 1 0.506250 0.679907 1 0.495312 0.738318 1 0.479687 0.750000 1
0 0.377914 0.570596 0.043453 0.226706 0.000000 0.000000 0 0.000000 0.000000 0 0.000000 0.000000 0 0.000000 0.000000 0 0.000000 0.000000 0 0.000000 0.000000 0 0.000000 0.000000 0 0.000000 0.000000 0 0.000000 0.000000 0 0.000000 0.000000 0 0.000000 0.000000 0 0.000000 0.000000 0 0.000000 0.000000 0 0.000000 0.000000 0 0.000000 0.000000 0 0.000000 0.000000 0 0.000000 0.000000 0
0 0.897773 0.479369 0.015922 0.035093 0.000000 0.000000 0 0.000000 0.000000 0 0.000000 0.000000 0 0.000000 0.000000 0 0.000000 0.000000 0 0.000000 0.000000 0 0.000000 0.000000 0 0.000000 0.000000 0 0.000000 0.000000 0 0.000000 0.000000 0 0.000000 0.000000 0 0.000000 0.000000 0 0.000000 0.000000 0 0.000000 0.000000 0 0.000000 0.000000 0 0.000000 0.000000 0 0.000000 0.000000 0
0 0.865703 0.474848 0.020281 0.090584 0.000000 0.000000 0 0.000000 0.000000 0 0.000000 0.000000 0 0.000000 0.000000 0 0.000000 0.000000 0 0.000000 0.000000 0 0.000000 0.000000 0 0.000000 0.000000 0 0.000000 0.000000 0 0.000000 0.000000 0 0.000000 0.000000 0 0.000000 0.000000 0 0.000000 0.000000 0 0.000000 0.000000 0 0.000000 0.000000 0 0.000000 0.000000 0 0.000000 0.000000 0
0 0.540750 0.496425 0.049844 0.157430 0.000000 0.000000 0 0.000000 0.000000 0 0.000000 0.000000 0 0.000000 0.000000 0 0.000000 0.000000 0 0.000000 0.000000 0 0.000000 0.000000 0 0.000000 0.000000 0 0.000000 0.000000 0 0.000000 0.000000 0 0.000000 0.000000 0 0.000000 0.000000 0 0.000000 0.000000 0 0.000000 0.000000 0 0.000000 0.000000 0 0.000000 0.000000 0 0.000000 0.000000 0
0 0.017828 0.567150 0.035063 0.252430 0.000000 0.000000 0 0.000000 0.000000 0 0.000000 0.000000 0 0.000000 0.000000 0 0.000000 0.000000 0 0.000000 0.000000 0 0.000000 0.000000 0 0.000000 0.000000 0 0.004687 0.532710 1 0.000000 0.000000 0 0.025000 0.539720 1 0.000000 0.000000 0 0.001563 0.553738 1 0.000000 0.000000 0 0.006250 0.616822 1 0.000000 0.000000 0 0.001563 0.663551 1
0 0.973820 0.509860 0.022109 0.120467 0.000000 0.000000 0 0.000000 0.000000 0 0.000000 0.000000 0 0.000000 0.000000 0 0.000000 0.000000 0 0.000000 0.000000 0 0.000000 0.000000 0 0.000000 0.000000 0 0.000000 0.000000 0 0.000000 0.000000 0 0.000000 0.000000 0 0.000000 0.000000 0 0.000000 0.000000 0 0.000000 0.000000 0 0.000000 0.000000 0 0.000000 0.000000 0 0.000000 0.000000 0