0 0.424680 0.411291 0.079547 0.259484 0.410938 0.309859 1 0.414062 0.307512 1 0.406250 0.307512 1 0.421875 0.307512 1 0.401562 0.309859 1 0.432812 0.330986 1 0.400000 0.335681 1 0.446875 0.370892 1 0.393750 0.384977 1 0.448437 0.403756 1 0.395313 0.420188 1 0.432812 0.417840 1 0.409375 0.417840 1 0.442188 0.485915 1 0.404687 0.488263 1 0.454688 0.539906 1 0.407813 0.532864 1
0 0.256328 0.511972 0.076031 0.205211 0.282813 0.448357 1 0.000000 0.000000 0 0.281250 0.441315 1 0.000000 0.000000 0 0.270313 0.438967 1 0.284375 0.462441 1 0.253125 0.467136 1 0.285938 0.502347 1 0.234375 0.502347 1 0.293750 0.539906 1 0.225000 0.551643 1 0.268750 0.535211 1 0.243750 0.535211 1 0.270313 0.598592 1 0.239063 0.593897 1 0.000000 0.000000 0 0.000000 0.000000 0
0 0.597125 0.465998 0.068906 0.271667 0.589063 0.370892 1 0.590625 0.366197 1 0.585938 0.366197 1 0.601562 0.361502 1 0.000000 0.000000 0 0.614062 0.401408 1 0.579688 0.396714 1 0.618750 0.446009 1 0.573438 0.441315 1 0.617188 0.483568 1 0.000000 0.000000 0 0.606250 0.483568 1 0.579688 0.478873 1 0.606250 0.544601 1 0.564063 0.514085 1 0.603125 0.603286 1 0.000000 0.000000 0
0 0.075852 0.423756 0.059703 0.181972 0.090625 0.359155 1 0.090625 0.354460 1 0.085938 0.352113 1 0.000000 0.000000 0 0.075000 0.354460 1 0.095312 0.392019 1 0.054688 0.394366 1 0.096875 0.436620 1 0.054688 0.438967 1 0.101562 0.488263 1 0.057813 0.488263 1 0.089063 0.483568 1 0.065625 0.483568 1 0.000000 0.000000 0 0.000000 0.000000 0 0.000000 0.000000 0 0.000000 0.000000 0
0 0.715773 0.482958 0.100266 0.249812 0.723437 0.399061 1 0.000000 0.000000 0 0.721875 0.394366 1 0.000000 0.000000 0 0.710938 0.389671 1 0.707812 0.387324 1 0.690625 0.403756 1 0.731250 0.370892 1 0.690625 0.460094 1 0.753125 0.370892 1 0.701562 0.504695 1 0.693750 0.453052 1 0.678125 0.462441 1 0.707812 0.521127 1 0.695312 0.518779 1 0.684375 0.575117 1 0.687500 0.579812 1
0 0.915664 0.465962 0.098797 0.151643 0.951562 0.438967 1 0.000000 0.000000 0 0.950000 0.434272 1 0.000000 0.000000 0 0.942187 0.422535 1 0.932813 0.441315 1 0.923438 0.417840 1 0.923438 0.462441 1 0.914062 0.462441 1 0.926562 0.497653 1 0.921875 0.502347 1 0.898438 0.488263 1 0.885938 0.467136 1 0.895312 0.551643 1 0.898438 0.467136 1 0.000000 0.000000 0 0.882812 0.525822 1
0 0.472344 0.542218 0.084906 0.166878 0.000000 0.000000 0 0.000000 0.000000 0 0.000000 0.000000 0 0.000000 0.000000 0 0.479687 0.521127 1 0.500000 0.497653 1 0.471875 0.500000 1 0.503125 0.553991 1 0.476562 0.561033 1 0.501563 0.591549 1 0.487500 0.596244 1 0.475000 0.478873 1 0.456250 0.481221 1 0.000000 0.000000 0 0.435937 0.471831 1 0.000000 0.000000 0 0.000000 0.000000 0
0 0.553477 0.495528 0.062578 0.113545 0.557813 0.469484 1 0.562500 0.464789 1 0.557813 0.462441 1 0.571875 0.469484 1 0.000000 0.000000 0 0.578125 0.500000 1 0.540625 0.481221 1 0.575000 0.544601 1 0.529687 0.523474 1 0.567187 0.537559 1 0.000000 0.000000 0 0.560937 0.553991 1 0.543750 0.549296 1 0.000000 0.000000 0 0.000000 0.000000 0 0.000000 0.000000 0 0.000000 0.000000 0
0 0.316367 0.531772 0.090828 0.127066 0.335938 0.507042 1 0.337500 0.500000 1 0.331250 0.500000 1 0.000000 0.000000 0 0.323437 0.497653 1 0.335938 0.518779 1 0.304688 0.516432 1 0.357812 0.553991 1 0.298438 0.544601 1 0.345313 0.549296 1 0.326562 0.563380 1 0.000000 0.000000 0 0.270313 0.579812 1 0.000000 0.000000 0 0.000000 0.000000 0 0.000000 0.000000 0 0.000000 0.000000 0
0 0.783734 0.491197 0.093031 0.179765 0.000000 0.000000 0 0.000000 0.000000 0 0.000000 0.000000 0 0.773438 0.424883 1 0.793750 0.427230 1 0.782813 0.455399 1 0.771875 0.455399 1 0.792188 0.490610 1 0.768750 0.511737 1 0.814063 0.500000 1 0.800000 0.511737 1 0.775000 0.532864 1 0.753125 0.539906 1 0.000000 0.000000 0 0.796875 0.589202 1 0.000000 0.000000 0 0.000000 0.000000 0
0 0.982953 0.357969 0.027750 0.114202 0.000000 0.000000 0 0.000000 0.000000 0 0.000000 0.000000 0 0.000000 0.000000 0 0.000000 0.000000 0 0.000000 0.000000 0 0.000000 0.000000 0 0.000000 0.000000 0 0.000000 0.000000 0 0.000000 0.000000 0 0.000000 0.000000 0 0.000000 0.000000 0 0.000000 0.000000 0 0.000000 0.000000 0 0.000000 0.000000 0 0.000000 0.000000 0 0.000000 0.000000 0
0 0.082141 0.505305 0.061219 0.115399 0.000000 0.000000 0 0.000000 0.000000 0 0.000000 0.000000 0 0.000000 0.000000 0 0.000000 0.000000 0 0.000000 0.000000 0 0.000000 0.000000 0 0.000000 0.000000 0 0.000000 0.000000 0 0.000000 0.000000 0 0.000000 0.000000 0 0.000000 0.000000 0 0.000000 0.000000 0 0.000000 0.000000 0 0.000000 0.000000 0 0.000000 0.000000 0 0.000000 0.000000 0
0 0.764367 0.472300 0.112141 0.165070 0.000000 0.000000 0 0.000000 0.000000 0 0.000000 0.000000 0 0.000000 0.000000 0 0.000000 0.000000 0 0.000000 0.000000 0 0.000000 0.000000 0 0.000000 0.000000 0 0.000000 0.000000 0 0.000000 0.000000 0 0.000000 0.000000 0 0.000000 0.000000 0 0.000000 0.000000 0 0.000000 0.000000 0 0.000000 0.000000 0 0.000000 0.000000 0 0.000000 0.000000 0