0 0.898400 0.750557 0.203200 0.498886 0.898000 0.626506 1 0.000000 0.000000 0 0.000000 0.000000 0 0.000000 0.000000 0 0.000000 0.000000 0 0.964000 0.722892 1 0.982000 0.635542 1 0.944000 0.855422 1 0.000000 0.000000 0 0.862000 0.798193 1 0.868000 0.734940 1 0.956000 0.978916 1 0.000000 0.000000 0 0.832000 0.837349 1 0.000000 0.000000 0 0.000000 0.000000 0 0.000000 0.000000 0
0 0.130560 0.451687 0.171600 0.678675 0.148000 0.216867 1 0.154000 0.204819 1 0.134000 0.198795 1 0.000000 0.000000 0 0.104000 0.192771 1 0.164000 0.283133 1 0.076000 0.274096 1 0.176000 0.346386 1 0.050000 0.352410 1 0.192000 0.355422 1 0.068000 0.406627 1 0.154000 0.466867 1 0.098000 0.469880 1 0.156000 0.602410 1 0.090000 0.599398 1 0.144000 0.731928 1 0.098000 0.680723 1
0 0.220570 0.232651 0.044740 0.139578 0.000000 0.000000 0 0.000000 0.000000 0 0.000000 0.000000 0 0.000000 0.000000 0 0.000000 0.000000 0 0.000000 0.000000 0 0.000000 0.000000 0 0.000000 0.000000 0 0.000000 0.000000 0 0.000000 0.000000 0 0.000000 0.000000 0 0.000000 0.000000 0 0.000000 0.000000 0 0.000000 0.000000 0 0.000000 0.000000 0 0.000000 0.000000 0 0.000000 0.000000 0
0 0.484200 0.349443 0.079080 0.352801 0.000000 0.000000 0 0.000000 0.000000 0 0.000000 0.000000 0 0.000000 0.000000 0 0.000000 0.000000 0 0.462000 0.253012 1 0.496000 0.253012 1 0.456000 0.295181 1 0.498000 0.316265 1 0.000000 0.000000 0 0.510000 0.367470 1 0.464000 0.358434 1 0.488000 0.361446 1 0.462000 0.448795 1 0.488000 0.451807 1 0.464000 0.533133 1 0.482000 0.533133 1
0 0.409590 0.285392 0.070140 0.220241 0.412000 0.222892 1 0.414000 0.210843 1 0.408000 0.210843 1 0.000000 0.000000 0 0.398000 0.210843 1 0.430000 0.253012 1 0.388000 0.253012 1 0.436000 0.307229 1 0.382000 0.295181 1 0.436000 0.361446 1 0.380000 0.322289 1 0.000000 0.000000 0 0.000000 0.000000 0 0.000000 0.000000 0 0.000000 0.000000 0 0.000000 0.000000 0 0.000000 0.000000 0
0 0.450500 0.215015 0.035480 0.106295 0.000000 0.000000 0 0.000000 0.000000 0 0.000000 0.000000 0 0.000000 0.000000 0 0.000000 0.000000 0 0.000000 0.000000 0 0.000000 0.000000 0 0.000000 0.000000 0 0.000000 0.000000 0 0.000000 0.000000 0 0.000000 0.000000 0 0.000000 0.000000 0 0.000000 0.000000 0 0.000000 0.000000 0 0.000000 0.000000 0 0.000000 0.000000 0 0.000000 0.000000 0
0 0.900140 0.392093 0.110040 0.243524 0.886000 0.325301 1 0.890000 0.322289 1 0.880000 0.322289 1 0.908000 0.313253 1 0.000000 0.000000 0 0.926000 0.346386 1 0.878000 0.346386 1 0.910000 0.430723 1 0.866000 0.409639 1 0.880000 0.478916 1 0.860000 0.457831 1 0.910000 0.466867 1 0.876000 0.463855 1 0.000000 0.000000 0 0.000000 0.000000 0 0.000000 0.000000 0 0.000000 0.000000 0
0 0.635580 0.276536 0.053160 0.148253 0.000000 0.000000 0 0.000000 0.000000 0 0.000000 0.000000 0 0.000000 0.000000 0 0.000000 0.000000 0 0.000000 0.000000 0 0.000000 0.000000 0 0.000000 0.000000 0 0.000000 0.000000 0 0.000000 0.000000 0 0.000000 0.000000 0 0.000000 0.000000 0 0.000000 0.000000 0 0.000000 0.000000 0 0.000000 0.000000 0 0.000000 0.000000 0 0.000000 0.000000 0
0 0.073260 0.236431 0.031960 0.058946 0.000000 0.000000 0 0.000000 0.000000 0 0.000000 0.000000 0 0.000000 0.000000 0 0.000000 0.000000 0 0.000000 0.000000 0 0.000000 0.000000 0 0.000000 0.000000 0 0.000000 0.000000 0 0.000000 0.000000 0 0.000000 0.000000 0 0.000000 0.000000 0 0.000000 0.000000 0 0.000000 0.000000 0 0.000000 0.000000 0 0.000000 0.000000 0 0.000000 0.000000 0
0 0.604380 0.225241 0.019520 0.042169 0.000000 0.000000 0 0.000000 0.000000 0 0.000000 0.000000 0 0.000000 0.000000 0 0.000000 0.000000 0 0.000000 0.000000 0 0.000000 0.000000 0 0.000000 0.000000 0 0.000000 0.000000 0 0.000000 0.000000 0 0.000000 0.000000 0 0.000000 0.000000 0 0.000000 0.000000 0 0.000000 0.000000 0 0.000000 0.000000 0 0.000000 0.000000 0 0.000000 0.000000 0
0 0.579330 0.623117 0.174900 0.314307 0.574000 0.551205 1 0.580000 0.530120 1 0.564000 0.536145 1 0.000000 0.000000 0 0.000000 0.000000 0 0.584000 0.572289 1 0.524000 0.593373 1 0.608000 0.650602 1 0.520000 0.686747 1 0.642000 0.719880 1 0.594000 0.701807 1 0.572000 0.677711 1 0.526000 0.701807 1 0.648000 0.641566 1 0.550000 0.731928 1 0.608000 0.765060 1 0.000000 0.000000 0
0 0.250360 0.360693 0.055880 0.144217 0.000000 0.000000 0 0.000000 0.000000 0 0.000000 0.000000 0 0.000000 0.000000 0 0.000000 0.000000 0 0.000000 0.000000 0 0.000000 0.000000 0 0.000000 0.000000 0 0.000000 0.000000 0 0.000000 0.000000 0 0.000000 0.000000 0 0.000000 0.000000 0 0.000000 0.000000 0 0.000000 0.000000 0 0.000000 0.000000 0 0.000000 0.000000 0 0.000000 0.000000 0
0 0.208360 0.386099 0.075920 0.185452 0.220000 0.328313 1 0.222000 0.319277 1 0.218000 0.322289 1 0.000000 0.000000 0 0.204000 0.331325 1 0.224000 0.355422 1 0.188000 0.352410 1 0.238000 0.400602 1 0.172000 0.403614 1 0.222000 0.406627 1 0.200000 0.406627 1 0.216000 0.427711 1 0.190000 0.427711 1 0.236000 0.424699 1 0.202000 0.424699 1 0.226000 0.469880 1 0.196000 0.475904 1