0 0.461977 0.451920 0.155484 0.299157 0.434375 0.365340 1 0.450000 0.355972 1 0.000000 0.000000 0 0.476562 0.372365 1 0.000000 0.000000 0 0.506250 0.428571 1 0.423438 0.428571 1 0.521875 0.531616 1 0.390625 0.529274 1 0.514062 0.555035 1 0.375000 0.552693 1 0.482812 0.594848 1 0.423438 0.590164 1 0.000000 0.000000 0 0.000000 0.000000 0 0.000000 0.000000 0 0.000000 0.000000 0
0 0.689086 0.523888 0.157297 0.327775 0.681250 0.430913 1 0.695312 0.409836 1 0.679688 0.414520 1 0.725000 0.421546 1 0.000000 0.000000 0 0.750000 0.529274 1 0.667188 0.494145 1 0.732812 0.655738 1 0.629687 0.592506 1 0.664062 0.690867 1 0.617188 0.697892 1 0.687500 0.725995 1 0.646875 0.704918 1 0.000000 0.000000 0 0.000000 0.000000 0 0.000000 0.000000 0 0.000000 0.000000 0
0 0.877922 0.597822 0.244156 0.493255 0.917188 0.466042 1 0.934375 0.456674 1 0.918750 0.451991 1 0.990625 0.487119 1 0.000000 0.000000 0 0.976562 0.639344 1 0.898438 0.569087 1 0.884375 0.751756 1 0.796875 0.622951 1 0.842187 0.557377 1 0.792188 0.526932 1 0.837500 0.880562 1 0.795312 0.814988 1 0.000000 0.000000 0 0.000000 0.000000 0 0.000000 0.000000 0 0.000000 0.000000 0
0 0.217398 0.486522 0.158922 0.276417 0.210938 0.416862 1 0.218750 0.400468 1 0.198437 0.405152 1 0.231250 0.400468 1 0.182812 0.412178 1 0.251563 0.473068 1 0.160938 0.489461 1 0.281250 0.555035 1 0.153125 0.604215 1 0.304688 0.566745 1 0.000000 0.000000 0 0.260937 0.646370 1 0.187500 0.662763 1 0.000000 0.000000 0 0.000000 0.000000 0 0.000000 0.000000 0 0.000000 0.000000 0
0 0.886820 0.806733 0.226359 0.359555 0.000000 0.000000 0 0.000000 0.000000 0 0.000000 0.000000 0 0.918750 0.925059 1 0.000000 0.000000 0 0.000000 0.000000 0 0.000000 0.000000 0 0.000000 0.000000 0 0.000000 0.000000 0 0.000000 0.000000 0 0.000000 0.000000 0 0.000000 0.000000 0 0.000000 0.000000 0 0.000000 0.000000 0 0.000000 0.000000 0 0.000000 0.000000 0 0.000000 0.000000 0
0 0.910797 0.400082 0.072031 0.149391 0.907813 0.358314 1 0.917188 0.353630 1 0.907813 0.348946 1 0.934375 0.362998 1 0.000000 0.000000 0 0.939063 0.400468 1 0.892188 0.398126 1 0.000000 0.000000 0 0.881250 0.449649 1 0.000000 0.000000 0 0.000000 0.000000 0 0.910937 0.503513 1 0.887500 0.489461 1 0.000000 0.000000 0 0.000000 0.000000 0 0.000000 0.000000 0 0.000000 0.000000 0
0 0.610219 0.451686 0.128937 0.278642 0.000000 0.000000 0 0.000000 0.000000 0 0.000000 0.000000 0 0.598437 0.346604 1 0.631250 0.353630 1 0.571875 0.409836 1 0.637500 0.435597 1 0.000000 0.000000 0 0.650000 0.508197 1 0.000000 0.000000 0 0.000000 0.000000 0 0.568750 0.562061 1 0.614062 0.569087 1 0.000000 0.000000 0 0.000000 0.000000 0 0.000000 0.000000 0 0.000000 0.000000 0
0 0.375367 0.344567 0.062547 0.112787 0.390625 0.318501 1 0.000000 0.000000 0 0.389062 0.313817 1 0.000000 0.000000 0 0.375000 0.316159 1 0.392188 0.330211 1 0.353125 0.339578 1 0.403125 0.377049 1 0.348438 0.379391 1 0.393750 0.351288 1 0.365625 0.391101 1 0.000000 0.000000 0 0.000000 0.000000 0 0.000000 0.000000 0 0.000000 0.000000 0 0.000000 0.000000 0 0.000000 0.000000 0
0 0.097414 0.371487 0.060297 0.140585 0.075000 0.346604 1 0.081250 0.337237 1 0.071875 0.337237 1 0.100000 0.344262 1 0.000000 0.000000 0 0.115625 0.374707 1 0.071875 0.374707 1 0.112500 0.430913 1 0.000000 0.000000 0 0.075000 0.433255 1 0.000000 0.000000 0 0.114062 0.477752 1 0.078125 0.477752 1 0.000000 0.000000 0 0.000000 0.000000 0 0.000000 0.000000 0 0.000000 0.000000 0
0 0.569172 0.338244 0.051938 0.096066 0.000000 0.000000 0 0.000000 0.000000 0 0.000000 0.000000 0 0.000000 0.000000 0 0.000000 0.000000 0 0.000000 0.000000 0 0.000000 0.000000 0 0.000000 0.000000 0 0.000000 0.000000 0 0.000000 0.000000 0 0.000000 0.000000 0 0.000000 0.000000 0 0.000000 0.000000 0 0.000000 0.000000 0 0.000000 0.000000 0 0.000000 0.000000 0 0.000000 0.000000 0
0 0.776797 0.427529 0.092594 0.209672 0.732812 0.374707 1 0.740625 0.370023 1 0.000000 0.000000 0 0.764062 0.381733 1 0.000000 0.000000 0 0.723437 0.430913 1 0.812500 0.444965 1 0.000000 0.000000 0 0.000000 0.000000 0 0.000000 0.000000 0 0.000000 0.000000 0 0.720313 0.608899 1 0.785937 0.632319 1 0.000000 0.000000 0 0.000000 0.000000 0 0.000000 0.000000 0 0.000000 0.000000 0
0 0.155711 0.394637 0.059453 0.190820 0.135937 0.351288 1 0.143750 0.339578 1 0.000000 0.000000 0 0.167187 0.346604 1 0.000000 0.000000 0 0.159375 0.402810 1 0.179688 0.384075 1 0.137500 0.480094 1 0.000000 0.000000 0 0.139063 0.426230 1 0.000000 0.000000 0 0.171875 0.519906 1 0.184375 0.501171 1 0.000000 0.000000 0 0.000000 0.000000 0 0.000000 0.000000 0 0.000000 0.000000 0
0 0.096992 0.738876 0.193984 0.514098 0.000000 0.000000 0 0.000000 0.000000 0 0.000000 0.000000 0 0.000000 0.000000 0 0.168750 0.772834 1 0.000000 0.000000 0 0.000000 0.000000 0 0.000000 0.000000 0 0.000000 0.000000 0 0.000000 0.000000 0 0.000000 0.000000 0 0.000000 0.000000 0 0.000000 0.000000 0 0.000000 0.000000 0 0.000000 0.000000 0 0.000000 0.000000 0 0.000000 0.000000 0