0 0.963469 0.435199 0.073062 0.326323 0.937500 0.332553 1 0.939063 0.323185 1 0.932813 0.320843 1 0.960938 0.316159 1 0.000000 0.000000 0 0.993750 0.323185 1 0.946875 0.344262 1 0.000000 0.000000 0 0.965625 0.405152 1 0.995313 0.440281 1 0.975000 0.444965 1 0.000000 0.000000 0 0.000000 0.000000 0 0.995313 0.477752 1 0.978125 0.477752 1 0.992188 0.557377 1 0.976562 0.552693 1
0 0.367297 0.242705 0.028219 0.152810 0.000000 0.000000 0 0.000000 0.000000 0 0.000000 0.000000 0 0.000000 0.000000 0 0.000000 0.000000 0 0.000000 0.000000 0 0.000000 0.000000 0 0.000000 0.000000 0 0.000000 0.000000 0 0.000000 0.000000 0 0.000000 0.000000 0 0.000000 0.000000 0 0.000000 0.000000 0 0.000000 0.000000 0 0.000000 0.000000 0 0.000000 0.000000 0 0.000000 0.000000 0
0 0.878250 0.205738 0.056219 0.144169 0.876563 0.177986 1 0.882812 0.173302 1 0.873437 0.170960 1 0.896875 0.173302 1 0.000000 0.000000 0 0.906250 0.213115 1 0.862500 0.201405 1 0.000000 0.000000 0 0.000000 0.000000 0 0.000000 0.000000 0 0.000000 0.000000 0 0.881250 0.323185 1 0.857812 0.313817 1 0.000000 0.000000 0 0.000000 0.000000 0 0.000000 0.000000 0 0.000000 0.000000 0
0 0.827297 0.363806 0.107500 0.420351 0.814063 0.201405 1 0.821875 0.192037 1 0.812500 0.192037 1 0.839063 0.189696 1 0.000000 0.000000 0 0.857812 0.234192 1 0.809375 0.234192 1 0.873437 0.297424 1 0.803125 0.295082 1 0.839063 0.318501 1 0.784375 0.302108 1 0.840625 0.365340 1 0.803125 0.362998 1 0.829688 0.435597 1 0.804688 0.451991 1 0.851562 0.512881 1 0.806250 0.540984 1
0 0.745477 0.348244 0.076641 0.352365 0.745313 0.213115 1 0.751563 0.203747 1 0.740625 0.203747 1 0.760938 0.199063 1 0.737500 0.194379 1 0.760938 0.234192 1 0.726562 0.231850 1 0.778125 0.295082 1 0.000000 0.000000 0 0.754687 0.332553 1 0.000000 0.000000 0 0.743750 0.332553 1 0.728125 0.330211 1 0.743750 0.426230 1 0.725000 0.421546 1 0.737500 0.496487 1 0.728125 0.489461 1
0 0.694336 0.350468 0.096922 0.355457 0.710938 0.210773 1 0.717187 0.208431 1 0.709375 0.206089 1 0.726562 0.206089 1 0.704688 0.194379 1 0.729688 0.250585 1 0.689063 0.229508 1 0.732812 0.306792 1 0.668750 0.274005 1 0.706250 0.311475 1 0.679688 0.299766 1 0.703125 0.348946 1 0.679688 0.344262 1 0.696875 0.421546 1 0.668750 0.419204 1 0.690625 0.491803 1 0.664062 0.491803 1
0 0.652555 0.318150 0.063234 0.345995 0.651563 0.180328 1 0.656250 0.175644 1 0.650000 0.173302 1 0.664062 0.175644 1 0.642188 0.173302 1 0.670312 0.213115 1 0.635938 0.210773 1 0.000000 0.000000 0 0.000000 0.000000 0 0.668750 0.264637 1 0.626563 0.269321 1 0.656250 0.311475 1 0.637500 0.311475 1 0.651563 0.388759 1 0.634375 0.381733 1 0.642188 0.456674 1 0.634375 0.449649 1
0 0.584961 0.365808 0.100391 0.413115 0.600000 0.213115 1 0.607812 0.208431 1 0.596875 0.203747 1 0.000000 0.000000 0 0.587500 0.187354 1 0.615625 0.227166 1 0.568750 0.220141 1 0.609375 0.292740 1 0.543750 0.276347 1 0.603125 0.285714 1 0.578125 0.318501 1 0.596875 0.346604 1 0.568750 0.346604 1 0.585938 0.430913 1 0.568750 0.433255 1 0.579688 0.531616 1 0.567187 0.536300 1
0 0.511602 0.309555 0.079078 0.340749 0.504687 0.168618 1 0.507812 0.163934 1 0.503125 0.163934 1 0.520312 0.168618 1 0.000000 0.000000 0 0.534375 0.206089 1 0.498437 0.206089 1 0.542188 0.259953 1 0.489063 0.259953 1 0.528125 0.299766 1 0.489063 0.295082 1 0.525000 0.318501 1 0.496875 0.316159 1 0.521875 0.379391 1 0.493750 0.374707 1 0.517188 0.456674 1 0.489063 0.449649 1
0 0.980727 0.223513 0.038547 0.148056 0.996875 0.189696 1 0.000000 0.000000 0 0.993750 0.180328 1 0.000000 0.000000 0 0.984375 0.180328 1 0.000000 0.000000 0 0.964063 0.231850 1 0.000000 0.000000 0 0.000000 0.000000 0 0.000000 0.000000 0 0.000000 0.000000 0 0.000000 0.000000 0 0.000000 0.000000 0 0.000000 0.000000 0 0.000000 0.000000 0 0.000000 0.000000 0 0.000000 0.000000 0
0 0.288695 0.241464 0.040547 0.154309 0.000000 0.000000 0 0.000000 0.000000 0 0.000000 0.000000 0 0.000000 0.000000 0 0.000000 0.000000 0 0.000000 0.000000 0 0.000000 0.000000 0 0.000000 0.000000 0 0.000000 0.000000 0 0.000000 0.000000 0 0.000000 0.000000 0 0.000000 0.000000 0 0.000000 0.000000 0 0.000000 0.000000 0 0.000000 0.000000 0 0.000000 0.000000 0 0.000000 0.000000 0
0 0.136078 0.303946 0.057688 0.306674 0.146875 0.180328 1 0.148438 0.173302 1 0.142187 0.175644 1 0.000000 0.000000 0 0.131250 0.182670 1 0.154688 0.224824 1 0.117188 0.217799 1 0.157812 0.262295 1 0.114062 0.259953 1 0.154688 0.299766 1 0.125000 0.302108 1 0.146875 0.304450 1 0.131250 0.309133 1 0.143750 0.365340 1 0.125000 0.372365 1 0.137500 0.419204 1 0.123438 0.421546 1
0 0.460375 0.303419 0.073937 0.321780 0.459375 0.177986 1 0.462500 0.170960 1 0.453125 0.170960 1 0.468750 0.163934 1 0.445312 0.168618 1 0.485938 0.201405 1 0.437500 0.210773 1 0.496875 0.241218 1 0.431250 0.257611 1 0.487500 0.276347 1 0.435937 0.309133 1 0.481250 0.302108 1 0.453125 0.306792 1 0.487500 0.365340 1 0.456250 0.365340 1 0.492188 0.440281 1 0.459375 0.437939 1