0 0.364813 0.520808 0.249188 0.711501 0.318750 0.233256 1 0.332813 0.219400 1 0.315625 0.221709 1 0.359375 0.235566 1 0.000000 0.000000 0 0.368750 0.256351 1 0.317188 0.309469 1 0.348438 0.334873 1 0.337500 0.454965 1 0.273438 0.290993 1 0.296875 0.427252 1 0.398438 0.524249 1 0.334375 0.524249 1 0.407813 0.695150 1 0.257812 0.609700 1 0.475000 0.780600 1 0.318750 0.764434 1
0 0.675695 0.324007 0.052141 0.131755 0.665625 0.288684 1 0.667188 0.281755 1 0.659375 0.286374 1 0.671875 0.279446 1 0.656250 0.284065 1 0.685937 0.316397 1 0.659375 0.321016 1 0.689063 0.351039 1 0.659375 0.351039 1 0.695312 0.378753 1 0.657813 0.381062 1 0.000000 0.000000 0 0.000000 0.000000 0 0.000000 0.000000 0 0.000000 0.000000 0 0.000000 0.000000 0 0.000000 0.000000 0
0 0.939602 0.290912 0.105891 0.155358 0.935937 0.251732 1 0.940625 0.244804 1 0.932813 0.244804 1 0.950000 0.249423 1 0.000000 0.000000 0 0.956250 0.277136 1 0.928125 0.288684 1 0.978125 0.311778 1 0.907813 0.325635 1 0.956250 0.318707 1 0.912500 0.290993 1 0.929688 0.355658 1 0.920312 0.351039 1 0.884375 0.325635 1 0.000000 0.000000 0 0.000000 0.000000 0 0.000000 0.000000 0
0 0.757406 0.192714 0.049531 0.129446 0.000000 0.000000 0 0.000000 0.000000 0 0.000000 0.000000 0 0.000000 0.000000 0 0.000000 0.000000 0 0.000000 0.000000 0 0.000000 0.000000 0 0.000000 0.000000 0 0.000000 0.000000 0 0.000000 0.000000 0 0.000000 0.000000 0 0.000000 0.000000 0 0.000000 0.000000 0 0.000000 0.000000 0 0.000000 0.000000 0 0.000000 0.000000 0 0.000000 0.000000 0
0 0.264359 0.265266 0.080375 0.175196 0.264062 0.200924 1 0.264062 0.193995 1 0.000000 0.000000 0 0.271875 0.191686 1 0.000000 0.000000 0 0.285938 0.214781 1 0.284375 0.212471 1 0.275000 0.251732 1 0.000000 0.000000 0 0.250000 0.274827 1 0.000000 0.000000 0 0.287500 0.284065 1 0.284375 0.279446 1 0.000000 0.000000 0 0.000000 0.000000 0 0.000000 0.000000 0 0.000000 0.000000 0
0 0.288984 0.170323 0.042906 0.086420 0.000000 0.000000 0 0.000000 0.000000 0 0.000000 0.000000 0 0.000000 0.000000 0 0.000000 0.000000 0 0.000000 0.000000 0 0.000000 0.000000 0 0.000000 0.000000 0 0.000000 0.000000 0 0.000000 0.000000 0 0.000000 0.000000 0 0.000000 0.000000 0 0.000000 0.000000 0 0.000000 0.000000 0 0.000000 0.000000 0 0.000000 0.000000 0 0.000000 0.000000 0
0 0.855047 0.522090 0.251938 0.708106 0.806250 0.230947 1 0.820312 0.219400 1 0.804688 0.219400 1 0.845313 0.240185 1 0.000000 0.000000 0 0.854688 0.251732 1 0.806250 0.307159 1 0.837500 0.327945 1 0.818750 0.450346 1 0.775000 0.297921 1 0.782813 0.427252 1 0.893750 0.519630 1 0.820312 0.519630 1 0.895312 0.692841 1 0.751563 0.621247 1 0.967187 0.787529 1 0.806250 0.762125 1
0 0.757258 0.226582 0.048391 0.104388 0.000000 0.000000 0 0.000000 0.000000 0 0.000000 0.000000 0 0.000000 0.000000 0 0.000000 0.000000 0 0.000000 0.000000 0 0.000000 0.000000 0 0.000000 0.000000 0 0.000000 0.000000 0 0.000000 0.000000 0 0.000000 0.000000 0 0.000000 0.000000 0 0.000000 0.000000 0 0.000000 0.000000 0 0.000000 0.000000 0 0.000000 0.000000 0 0.000000 0.000000 0
0 0.443641 0.287691 0.092813 0.151363 0.459375 0.247113 1 0.460938 0.242494 1 0.454688 0.242494 1 0.470313 0.244804 1 0.000000 0.000000 0 0.479687 0.279446 1 0.451562 0.281755 1 0.498437 0.307159 1 0.431250 0.327945 1 0.476562 0.318707 1 0.432812 0.302540 1 0.468750 0.357968 1 0.443750 0.357968 1 0.406250 0.321016 1 0.393750 0.364896 1 0.000000 0.000000 0 0.000000 0.000000 0
0 0.410820 0.255069 0.070109 0.140577 0.406250 0.207852 1 0.407813 0.203233 1 0.403125 0.205543 1 0.417187 0.203233 1 0.000000 0.000000 0 0.423438 0.228637 1 0.398438 0.237875 1 0.415625 0.249423 1 0.376563 0.244804 1 0.387500 0.249423 1 0.387500 0.214781 1 0.425000 0.290993 1 0.400000 0.286374 1 0.400000 0.258661 1 0.000000 0.000000 0 0.000000 0.000000 0 0.000000 0.000000 0
0 0.382547 0.184746 0.037156 0.077252 0.000000 0.000000 0 0.000000 0.000000 0 0.000000 0.000000 0 0.000000 0.000000 0 0.000000 0.000000 0 0.000000 0.000000 0 0.000000 0.000000 0 0.000000 0.000000 0 0.000000 0.000000 0 0.000000 0.000000 0 0.000000 0.000000 0 0.000000 0.000000 0 0.000000 0.000000 0 0.000000 0.000000 0 0.000000 0.000000 0 0.000000 0.000000 0 0.000000 0.000000 0
0 0.891102 0.252356 0.055828 0.133395 0.882812 0.212471 1 0.887500 0.207852 1 0.879687 0.207852 1 0.896875 0.210162 1 0.000000 0.000000 0 0.903125 0.233256 1 0.878125 0.237875 1 0.895312 0.251732 1 0.851562 0.251732 1 0.868750 0.249423 1 0.862500 0.219400 1 0.903125 0.297921 1 0.884375 0.297921 1 0.000000 0.000000 0 0.000000 0.000000 0 0.000000 0.000000 0 0.000000 0.000000 0
0 0.198883 0.326894 0.049453 0.123811 0.185938 0.288684 1 0.189062 0.281755 1 0.182812 0.284065 1 0.195312 0.284065 1 0.000000 0.000000 0 0.206250 0.311778 1 0.184375 0.318707 1 0.214062 0.357968 1 0.182812 0.355658 1 0.220312 0.381062 1 0.178125 0.383372 1 0.203125 0.383372 1 0.192188 0.383372 1 0.000000 0.000000 0 0.000000 0.000000 0 0.000000 0.000000 0 0.000000 0.000000 0