0 0.633970 0.607914 0.410281 0.545484 0.515222 0.457813 1 0.533958 0.453125 1 0.000000 0.000000 0 0.606557 0.431250 1 0.000000 0.000000 0 0.728337 0.476562 1 0.505855 0.471875 1 0.751756 0.590625 1 0.000000 0.000000 0 0.740047 0.681250 1 0.000000 0.000000 0 0.681499 0.670312 1 0.552693 0.662500 1 0.693208 0.757812 1 0.587822 0.731250 1 0.704918 0.832812 1 0.622951 0.804688 1
0 0.932272 0.530664 0.135457 0.305172 0.000000 0.000000 0 0.000000 0.000000 0 0.000000 0.000000 0 0.000000 0.000000 0 0.997658 0.348438 1 0.000000 0.000000 0 0.946136 0.412500 1 0.000000 0.000000 0 0.906323 0.465625 1 0.000000 0.000000 0 0.908665 0.512500 1 0.000000 0.000000 0 0.953162 0.534375 1 0.000000 0.000000 0 0.929742 0.592187 1 0.981265 0.642188 1 0.913349 0.634375 1
0 0.840152 0.272813 0.319696 0.435875 0.911007 0.114062 1 0.925059 0.101562 1 0.896956 0.104688 1 0.953162 0.096875 1 0.000000 0.000000 0 0.988290 0.165625 1 0.864169 0.148438 1 0.000000 0.000000 0 0.793911 0.181250 1 0.969555 0.253125 1 0.728337 0.220312 1 0.918033 0.309375 1 0.850117 0.300000 1 0.894614 0.387500 1 0.824356 0.385937 1 0.866511 0.457813 1 0.906323 0.445312 1
0 0.291347 0.207703 0.195293 0.352312 0.000000 0.000000 0 0.000000 0.000000 0 0.000000 0.000000 0 0.224824 0.060937 1 0.259953 0.059375 1 0.210773 0.104688 1 0.306792 0.100000 1 0.213115 0.150000 1 0.330211 0.137500 1 0.262295 0.139063 1 0.288056 0.139063 1 0.255269 0.221875 1 0.309133 0.217188 1 0.269321 0.295312 1 0.325527 0.289062 1 0.288056 0.357812 1 0.346604 0.356250 1
0 0.546967 0.173055 0.078712 0.181953 0.548009 0.100000 1 0.550351 0.096875 1 0.543326 0.096875 1 0.000000 0.000000 0 0.000000 0.000000 0 0.571429 0.117188 1 0.536300 0.117188 1 0.571429 0.140625 1 0.517564 0.135937 1 0.562061 0.120313 1 0.529274 0.118750 1 0.569087 0.170313 1 0.540984 0.170313 1 0.569087 0.209375 1 0.543326 0.207813 1 0.573770 0.250000 1 0.550351 0.248438 1
0 0.170913 0.216602 0.173115 0.322641 0.131148 0.092188 1 0.133489 0.085938 1 0.119438 0.087500 1 0.000000 0.000000 0 0.100703 0.090625 1 0.156909 0.121875 1 0.103044 0.128125 1 0.210773 0.151562 1 0.161593 0.160938 1 0.154567 0.151562 1 0.185012 0.146875 1 0.189696 0.215625 1 0.149883 0.226562 1 0.208431 0.278125 1 0.168618 0.290625 1 0.215457 0.342187 1 0.177986 0.351562 1
0 0.274098 0.683437 0.529274 0.526469 0.274005 0.503125 1 0.000000 0.000000 0 0.241218 0.503125 1 0.000000 0.000000 0 0.170960 0.543750 1 0.128806 0.539062 1 0.163934 0.640625 1 0.304450 0.600000 1 0.451991 0.715625 1 0.407494 0.548438 1 0.487119 0.576562 1 0.142857 0.696875 1 0.177986 0.781250 1 0.407494 0.598437 1 0.456674 0.879687 1 0.304450 0.739062 1 0.252927 0.857812 1
0 0.368384 0.229063 0.089977 0.229875 0.000000 0.000000 0 0.339578 0.137500 1 0.000000 0.000000 0 0.353630 0.139063 1 0.000000 0.000000 0 0.367681 0.167187 1 0.320843 0.167187 1 0.379391 0.207813 1 0.000000 0.000000 0 0.374707 0.235937 1 0.325527 0.232813 1 0.370023 0.237500 1 0.330211 0.239063 1 0.372365 0.278125 1 0.358314 0.279687 1 0.395785 0.325000 1 0.377049 0.318750 1
0 0.659731 0.147633 0.065785 0.124547 0.000000 0.000000 0 0.000000 0.000000 0 0.000000 0.000000 0 0.000000 0.000000 0 0.000000 0.000000 0 0.644028 0.117188 1 0.679157 0.115625 1 0.634660 0.129688 1 0.683841 0.131250 1 0.655738 0.142187 1 0.683841 0.148438 1 0.000000 0.000000 0 0.674473 0.153125 1 0.660422 0.175000 1 0.660422 0.171875 1 0.667447 0.200000 1 0.653396 0.192188 1
0 0.733864 0.103016 0.053208 0.094219 0.000000 0.000000 0 0.000000 0.000000 0 0.000000 0.000000 0 0.000000 0.000000 0 0.000000 0.000000 0 0.000000 0.000000 0 0.000000 0.000000 0 0.000000 0.000000 0 0.000000 0.000000 0 0.000000 0.000000 0 0.000000 0.000000 0 0.000000 0.000000 0 0.000000 0.000000 0 0.000000 0.000000 0 0.000000 0.000000 0 0.000000 0.000000 0 0.000000 0.000000 0
0 0.768689 0.089977 0.026323 0.049297 0.000000 0.000000 0 0.000000 0.000000 0 0.000000 0.000000 0 0.000000 0.000000 0 0.000000 0.000000 0 0.000000 0.000000 0 0.000000 0.000000 0 0.000000 0.000000 0 0.000000 0.000000 0 0.000000 0.000000 0 0.000000 0.000000 0 0.000000 0.000000 0 0.000000 0.000000 0 0.000000 0.000000 0 0.000000 0.000000 0 0.000000 0.000000 0 0.000000 0.000000 0
0 0.939918 0.809961 0.120164 0.342859 0.000000 0.000000 0 0.000000 0.000000 0 0.000000 0.000000 0 0.000000 0.000000 0 0.000000 0.000000 0 0.000000 0.000000 0 0.000000 0.000000 0 0.000000 0.000000 0 0.000000 0.000000 0 0.000000 0.000000 0 0.000000 0.000000 0 0.000000 0.000000 0 0.978923 0.864062 1 0.000000 0.000000 0 0.000000 0.000000 0 0.000000 0.000000 0 0.000000 0.000000 0
0 0.424485 0.186789 0.128923 0.241047 0.000000 0.000000 0 0.000000 0.000000 0 0.000000 0.000000 0 0.374707 0.093750 1 0.412178 0.090625 1 0.374707 0.121875 1 0.435597 0.114062 1 0.377049 0.164062 1 0.475410 0.132812 1 0.000000 0.000000 0 0.442623 0.153125 1 0.402810 0.190625 1 0.440281 0.187500 1 0.405152 0.243750 1 0.440281 0.243750 1 0.430913 0.284375 1 0.440281 0.290625 1