0 0.516547 0.512042 0.069844 0.157833 0.521875 0.456250 1 0.523438 0.452083 1 0.518750 0.454167 1 0.531250 0.452083 1 0.000000 0.000000 0 0.534375 0.468750 1 0.517188 0.481250 1 0.520312 0.477083 1 0.510938 0.506250 1 0.498437 0.487500 1 0.496875 0.495833 1 0.540625 0.516667 1 0.526563 0.520833 1 0.539062 0.558333 1 0.518750 0.562500 1 0.542188 0.597917 1 0.525000 0.597917 1
0 0.400070 0.506229 0.078828 0.161917 0.000000 0.000000 0 0.404687 0.447917 1 0.400000 0.447917 1 0.000000 0.000000 0 0.000000 0.000000 0 0.418750 0.462500 1 0.382812 0.462500 1 0.426563 0.500000 1 0.373437 0.504167 1 0.415625 0.520833 1 0.390625 0.520833 1 0.415625 0.514583 1 0.384375 0.514583 1 0.431250 0.537500 1 0.370312 0.535417 1 0.431250 0.587500 1 0.370312 0.587500 1
0 0.398391 0.343198 0.048344 0.078938 0.000000 0.000000 0 0.000000 0.000000 0 0.000000 0.000000 0 0.000000 0.000000 0 0.000000 0.000000 0 0.000000 0.000000 0 0.000000 0.000000 0 0.000000 0.000000 0 0.000000 0.000000 0 0.000000 0.000000 0 0.000000 0.000000 0 0.000000 0.000000 0 0.000000 0.000000 0 0.000000 0.000000 0 0.000000 0.000000 0 0.000000 0.000000 0 0.000000 0.000000 0
0 0.964711 0.493583 0.059422 0.177042 0.960938 0.422917 1 0.964063 0.418750 1 0.959375 0.418750 1 0.971875 0.420833 1 0.000000 0.000000 0 0.981250 0.441667 1 0.951562 0.445833 1 0.987500 0.468750 1 0.946875 0.466667 1 0.987500 0.495833 1 0.000000 0.000000 0 0.979688 0.502083 1 0.957812 0.502083 1 0.975000 0.556250 1 0.957812 0.554167 1 0.000000 0.000000 0 0.000000 0.000000 0
0 0.879695 0.482729 0.129203 0.195458 0.825000 0.416667 1 0.823438 0.412500 1 0.000000 0.000000 0 0.829688 0.412500 1 0.000000 0.000000 0 0.850000 0.422917 1 0.840625 0.429167 1 0.871875 0.445833 1 0.853125 0.468750 1 0.851562 0.456250 1 0.860938 0.502083 1 0.884375 0.462500 1 0.895312 0.456250 1 0.875000 0.514583 1 0.901563 0.516667 1 0.865625 0.568750 1 0.934375 0.493750 1
0 0.152188 0.452917 0.085750 0.269042 0.000000 0.000000 0 0.000000 0.000000 0 0.000000 0.000000 0 0.145313 0.352083 1 0.168750 0.354167 1 0.137500 0.377083 1 0.176563 0.379167 1 0.126562 0.431250 1 0.185938 0.427083 1 0.000000 0.000000 0 0.000000 0.000000 0 0.142187 0.447917 1 0.164062 0.450000 1 0.132812 0.512500 1 0.171875 0.514583 1 0.120313 0.575000 1 0.181250 0.577083 1
0 0.910805 0.496427 0.058109 0.118313 0.000000 0.000000 0 0.000000 0.000000 0 0.000000 0.000000 0 0.000000 0.000000 0 0.000000 0.000000 0 0.000000 0.000000 0 0.000000 0.000000 0 0.000000 0.000000 0 0.000000 0.000000 0 0.000000 0.000000 0 0.000000 0.000000 0 0.000000 0.000000 0 0.000000 0.000000 0 0.000000 0.000000 0 0.000000 0.000000 0 0.000000 0.000000 0 0.000000 0.000000 0
0 0.237437 0.392958 0.033531 0.056208 0.000000 0.000000 0 0.000000 0.000000 0 0.000000 0.000000 0 0.000000 0.000000 0 0.000000 0.000000 0 0.000000 0.000000 0 0.000000 0.000000 0 0.000000 0.000000 0 0.000000 0.000000 0 0.000000 0.000000 0 0.000000 0.000000 0 0.000000 0.000000 0 0.000000 0.000000 0 0.000000 0.000000 0 0.000000 0.000000 0 0.000000 0.000000 0 0.000000 0.000000 0
0 0.311445 0.432469 0.055672 0.140146 0.304688 0.379167 1 0.306250 0.375000 1 0.300000 0.375000 1 0.310937 0.379167 1 0.296875 0.379167 1 0.315625 0.393750 1 0.292187 0.393750 1 0.000000 0.000000 0 0.289062 0.418750 1 0.000000 0.000000 0 0.000000 0.000000 0 0.000000 0.000000 0 0.000000 0.000000 0 0.000000 0.000000 0 0.000000 0.000000 0 0.000000 0.000000 0 0.000000 0.000000 0
0 0.825023 0.517104 0.050109 0.110667 0.831250 0.477083 1 0.834375 0.472917 1 0.829688 0.475000 1 0.837500 0.475000 1 0.000000 0.000000 0 0.845313 0.487500 1 0.821875 0.489583 1 0.848437 0.508333 1 0.820312 0.516667 1 0.842187 0.506250 1 0.829688 0.510417 1 0.842187 0.520833 1 0.828125 0.520833 1 0.846875 0.520833 1 0.823438 0.525000 1 0.842187 0.554167 1 0.829688 0.558333 1
0 0.788922 0.514667 0.018344 0.106625 0.000000 0.000000 0 0.000000 0.000000 0 0.000000 0.000000 0 0.000000 0.000000 0 0.000000 0.000000 0 0.000000 0.000000 0 0.000000 0.000000 0 0.000000 0.000000 0 0.000000 0.000000 0 0.000000 0.000000 0 0.000000 0.000000 0 0.000000 0.000000 0 0.000000 0.000000 0 0.000000 0.000000 0 0.000000 0.000000 0 0.000000 0.000000 0 0.000000 0.000000 0
0 0.352719 0.374125 0.038594 0.100667 0.000000 0.000000 0 0.000000 0.000000 0 0.000000 0.000000 0 0.000000 0.000000 0 0.000000 0.000000 0 0.000000 0.000000 0 0.000000 0.000000 0 0.000000 0.000000 0 0.000000 0.000000 0 0.000000 0.000000 0 0.000000 0.000000 0 0.000000 0.000000 0 0.000000 0.000000 0 0.000000 0.000000 0 0.000000 0.000000 0 0.000000 0.000000 0 0.000000 0.000000 0