0 0.196250 0.748875 0.110000 0.482006 0.235937 0.607903 1 0.000000 0.000000 0 0.235937 0.592705 1 0.000000 0.000000 0 0.214062 0.589666 1 0.157812 0.644377 1 0.228125 0.677812 1 0.000000 0.000000 0 0.000000 0.000000 0 0.000000 0.000000 0 0.000000 0.000000 0 0.164062 0.899696 1 0.212500 0.917933 1 0.000000 0.000000 0 0.000000 0.000000 0 0.000000 0.000000 0 0.000000 0.000000 0
0 0.521180 0.732827 0.084516 0.448632 0.514062 0.556231 1 0.518750 0.547112 1 0.510938 0.547112 1 0.526563 0.544073 1 0.000000 0.000000 0 0.543750 0.592705 1 0.493750 0.592705 1 0.559375 0.650456 1 0.478125 0.656535 1 0.542188 0.689970 1 0.489063 0.693009 1 0.532813 0.726444 1 0.496875 0.729483 1 0.523438 0.829787 1 0.496875 0.823708 1 0.520312 0.924012 1 0.498437 0.920973 1
0 0.659289 0.735426 0.062234 0.408055 0.639062 0.553191 1 0.645312 0.547112 1 0.000000 0.000000 0 0.657813 0.553191 1 0.000000 0.000000 0 0.678125 0.604863 1 0.637500 0.607903 1 0.684375 0.674772 1 0.632812 0.659574 1 0.675000 0.708207 1 0.632812 0.693009 1 0.660937 0.717325 1 0.642188 0.714286 1 0.660937 0.820669 1 0.646875 0.823708 1 0.660937 0.899696 1 0.651563 0.899696 1
0 0.742219 0.732219 0.068156 0.400000 0.756250 0.565350 1 0.759375 0.559271 1 0.751563 0.559271 1 0.000000 0.000000 0 0.740625 0.565350 1 0.771875 0.610942 1 0.729688 0.610942 1 0.000000 0.000000 0 0.721875 0.671733 1 0.000000 0.000000 0 0.718750 0.720365 1 0.762500 0.714286 1 0.731250 0.714286 1 0.759375 0.799392 1 0.735938 0.793313 1 0.759375 0.893617 1 0.739062 0.896657 1
0 0.805094 0.745517 0.068000 0.383435 0.778125 0.607903 1 0.781250 0.598784 1 0.000000 0.000000 0 0.792188 0.598784 1 0.000000 0.000000 0 0.814063 0.638298 1 0.778125 0.641337 1 0.821875 0.686930 1 0.000000 0.000000 0 0.798438 0.689970 1 0.000000 0.000000 0 0.810937 0.744681 1 0.782813 0.744681 1 0.807813 0.820669 1 0.782813 0.814590 1 0.804688 0.887538 1 0.782813 0.896657 1
0 0.879305 0.639833 0.037953 0.234012 0.000000 0.000000 0 0.000000 0.000000 0 0.000000 0.000000 0 0.875000 0.541033 1 0.000000 0.000000 0 0.867188 0.568389 1 0.893750 0.565350 1 0.864062 0.598784 1 0.895312 0.589666 1 0.865625 0.617021 1 0.000000 0.000000 0 0.873437 0.629179 1 0.885938 0.629179 1 0.875000 0.680851 1 0.882812 0.683891 1 0.875000 0.723404 1 0.881250 0.726444 1
0 0.614125 0.614787 0.037156 0.251033 0.000000 0.000000 0 0.000000 0.000000 0 0.000000 0.000000 0 0.000000 0.000000 0 0.000000 0.000000 0 0.000000 0.000000 0 0.000000 0.000000 0 0.000000 0.000000 0 0.000000 0.000000 0 0.000000 0.000000 0 0.000000 0.000000 0 0.000000 0.000000 0 0.000000 0.000000 0 0.000000 0.000000 0 0.000000 0.000000 0 0.000000 0.000000 0 0.000000 0.000000 0
0 0.922711 0.644939 0.036203 0.263131 0.910937 0.541033 1 0.912500 0.537994 1 0.909375 0.537994 1 0.921875 0.541033 1 0.000000 0.000000 0 0.926562 0.562310 1 0.915625 0.562310 1 0.934375 0.604863 1 0.000000 0.000000 0 0.920312 0.623100 1 0.907813 0.607903 1 0.926562 0.647416 1 0.000000 0.000000 0 0.929688 0.702128 1 0.000000 0.000000 0 0.932813 0.756839 1 0.000000 0.000000 0
0 0.702836 0.662933 0.056703 0.283678 0.000000 0.000000 0 0.000000 0.000000 0 0.000000 0.000000 0 0.000000 0.000000 0 0.000000 0.000000 0 0.710938 0.574468 1 0.696875 0.574468 1 0.718750 0.610942 1 0.000000 0.000000 0 0.706250 0.641337 1 0.000000 0.000000 0 0.704688 0.674772 1 0.695312 0.671733 1 0.704688 0.717325 1 0.692187 0.717325 1 0.709375 0.784195 1 0.689063 0.787234 1
0 0.331937 0.674286 0.071906 0.288571 0.000000 0.000000 0 0.000000 0.000000 0 0.000000 0.000000 0 0.312500 0.574468 1 0.000000 0.000000 0 0.312500 0.620061 1 0.351562 0.629179 1 0.306250 0.686930 1 0.000000 0.000000 0 0.000000 0.000000 0 0.000000 0.000000 0 0.000000 0.000000 0 0.000000 0.000000 0 0.000000 0.000000 0 0.000000 0.000000 0 0.000000 0.000000 0 0.000000 0.000000 0
0 0.279555 0.779772 0.154797 0.408967 0.000000 0.000000 0 0.000000 0.000000 0 0.000000 0.000000 0 0.000000 0.000000 0 0.000000 0.000000 0 0.326562 0.729483 1 0.225000 0.744681 1 0.346875 0.860182 1 0.214062 0.902736 1 0.000000 0.000000 0 0.000000 0.000000 0 0.321875 0.963526 1 0.267188 0.972644 1 0.000000 0.000000 0 0.000000 0.000000 0 0.000000 0.000000 0 0.000000 0.000000 0
0 0.960594 0.651535 0.039781 0.240760 0.959375 0.556231 1 0.962500 0.550152 1 0.957812 0.550152 1 0.000000 0.000000 0 0.953125 0.547112 1 0.971875 0.577508 1 0.948438 0.577508 1 0.979688 0.610942 1 0.946875 0.610942 1 0.970313 0.626140 1 0.943750 0.635258 1 0.967187 0.644377 1 0.950000 0.644377 1 0.965625 0.693009 1 0.951562 0.696049 1 0.962500 0.741641 1 0.953125 0.741641 1
0 0.593945 0.663936 0.049422 0.276383 0.585938 0.550152 1 0.589063 0.547112 1 0.000000 0.000000 0 0.595313 0.550152 1 0.000000 0.000000 0 0.606250 0.580547 1 0.587500 0.583587 1 0.604688 0.629179 1 0.584375 0.620061 1 0.585938 0.629179 1 0.576562 0.626140 1 0.600000 0.665653 1 0.584375 0.662614 1 0.600000 0.723404 1 0.578125 0.717325 1 0.598437 0.787234 1 0.575000 0.781155 1