0 0.499501 0.578648 0.419122 0.833703 0.564870 0.229687 1 0.584830 0.217188 1 0.546906 0.217188 1 0.610778 0.220312 1 0.528942 0.226562 1 0.668663 0.312500 1 0.500998 0.303125 1 0.690619 0.440625 1 0.479042 0.412500 1 0.638723 0.368750 1 0.437126 0.437500 1 0.608782 0.521875 1 0.544910 0.517188 1 0.638723 0.707812 1 0.465070 0.707812 1 0.658683 0.920312 1 0.405190 0.912500 1
0 0.356737 0.479812 0.088443 0.276906 0.383234 0.378125 1 0.385230 0.368750 1 0.371257 0.373437 1 0.000000 0.000000 0 0.353293 0.376563 1 0.385230 0.412500 1 0.337325 0.409375 1 0.000000 0.000000 0 0.325349 0.454688 1 0.000000 0.000000 0 0.377246 0.453125 1 0.377246 0.496875 1 0.345309 0.498437 1 0.375250 0.557813 1 0.345309 0.557813 1 0.000000 0.000000 0 0.000000 0.000000 0
0 0.090629 0.630625 0.181257 0.653156 0.000000 0.000000 0 0.041916 0.350000 1 0.000000 0.000000 0 0.059880 0.360938 1 0.000000 0.000000 0 0.115768 0.429688 1 0.045908 0.423438 1 0.081836 0.551562 1 0.000000 0.000000 0 0.000000 0.000000 0 0.000000 0.000000 0 0.095808 0.584375 1 0.015968 0.579688 1 0.111776 0.771875 1 0.000000 0.000000 0 0.155689 0.898438 1 0.000000 0.000000 0
0 0.215299 0.503367 0.155030 0.391016 0.215569 0.339062 1 0.000000 0.000000 0 0.209581 0.335938 1 0.000000 0.000000 0 0.189621 0.339062 1 0.141717 0.379688 1 0.189621 0.384375 1 0.000000 0.000000 0 0.217565 0.450000 1 0.000000 0.000000 0 0.263473 0.479687 1 0.163673 0.495312 1 0.205589 0.495312 1 0.157685 0.589063 1 0.183633 0.593750 1 0.163673 0.681250 1 0.187625 0.679688 1
0 0.948703 0.691602 0.102595 0.540547 0.000000 0.000000 0 0.000000 0.000000 0 0.000000 0.000000 0 0.000000 0.000000 0 0.000000 0.000000 0 0.000000 0.000000 0 0.000000 0.000000 0 0.000000 0.000000 0 0.958084 0.523438 1 0.000000 0.000000 0 0.946108 0.600000 1 0.000000 0.000000 0 0.000000 0.000000 0 0.000000 0.000000 0 0.000000 0.000000 0 0.000000 0.000000 0 0.000000 0.000000 0
0 0.757405 0.414891 0.088782 0.300437 0.796407 0.295312 1 0.000000 0.000000 0 0.792415 0.290625 1 0.000000 0.000000 0 0.778443 0.290625 1 0.738523 0.314063 1 0.780439 0.315625 1 0.720559 0.368750 1 0.770459 0.367188 1 0.740519 0.387500 1 0.000000 0.000000 0 0.734531 0.395313 1 0.758483 0.396875 1 0.000000 0.000000 0 0.756487 0.475000 1 0.000000 0.000000 0 0.750499 0.545312 1
0 0.842715 0.286188 0.049102 0.028656 0.000000 0.000000 0 0.000000 0.000000 0 0.000000 0.000000 0 0.000000 0.000000 0 0.000000 0.000000 0 0.000000 0.000000 0 0.000000 0.000000 0 0.000000 0.000000 0 0.000000 0.000000 0 0.000000 0.000000 0 0.000000 0.000000 0 0.000000 0.000000 0 0.000000 0.000000 0 0.000000 0.000000 0 0.000000 0.000000 0 0.000000 0.000000 0 0.000000 0.000000 0
0 0.720988 0.449125 0.054511 0.190750 0.000000 0.000000 0 0.000000 0.000000 0 0.000000 0.000000 0 0.000000 0.000000 0 0.000000 0.000000 0 0.000000 0.000000 0 0.000000 0.000000 0 0.000000 0.000000 0 0.000000 0.000000 0 0.000000 0.000000 0 0.000000 0.000000 0 0.726547 0.403125 1 0.000000 0.000000 0 0.740519 0.470313 1 0.000000 0.000000 0 0.710579 0.509375 1 0.762475 0.531250 1
0 0.831557 0.646375 0.316647 0.707250 0.874251 0.362500 1 0.886228 0.348438 1 0.846307 0.348438 1 0.916168 0.356250 1 0.820359 0.362500 1 0.958084 0.440625 1 0.818363 0.445312 1 0.966068 0.554688 1 0.802395 0.554688 1 0.924152 0.645312 1 0.762475 0.646875 1 0.940120 0.659375 1 0.812375 0.657813 1 0.966068 0.789062 1 0.804391 0.812500 1 0.000000 0.000000 0 0.778443 0.959375 1
0 0.937425 0.340922 0.061597 0.087219 0.000000 0.000000 0 0.000000 0.000000 0 0.000000 0.000000 0 0.000000 0.000000 0 0.000000 0.000000 0 0.000000 0.000000 0 0.000000 0.000000 0 0.000000 0.000000 0 0.000000 0.000000 0 0.000000 0.000000 0 0.000000 0.000000 0 0.000000 0.000000 0 0.000000 0.000000 0 0.000000 0.000000 0 0.000000 0.000000 0 0.000000 0.000000 0 0.000000 0.000000 0
0 0.021208 0.411883 0.042415 0.150359 0.000000 0.000000 0 0.000000 0.000000 0 0.000000 0.000000 0 0.000000 0.000000 0 0.000000 0.000000 0 0.000000 0.000000 0 0.000000 0.000000 0 0.000000 0.000000 0 0.000000 0.000000 0 0.000000 0.000000 0 0.000000 0.000000 0 0.003992 0.448437 1 0.000000 0.000000 0 0.000000 0.000000 0 0.000000 0.000000 0 0.000000 0.000000 0 0.000000 0.000000 0
0 0.786417 0.378961 0.113074 0.171922 0.000000 0.000000 0 0.000000 0.000000 0 0.000000 0.000000 0 0.000000 0.000000 0 0.000000 0.000000 0 0.000000 0.000000 0 0.808383 0.354687 1 0.000000 0.000000 0 0.816367 0.407813 1 0.000000 0.000000 0 0.868263 0.381250 1 0.000000 0.000000 0 0.000000 0.000000 0 0.000000 0.000000 0 0.000000 0.000000 0 0.000000 0.000000 0 0.000000 0.000000 0