0 0.289875 0.183509 0.070875 0.117441 0.296875 0.152582 1 0.298438 0.147887 1 0.293750 0.147887 1 0.306250 0.147887 1 0.287500 0.147887 1 0.315625 0.173709 1 0.276562 0.164319 1 0.320312 0.211268 1 0.256250 0.190141 1 0.000000 0.000000 0 0.265625 0.220657 1 0.312500 0.241784 1 0.285938 0.241784 1 0.000000 0.000000 0 0.000000 0.000000 0 0.000000 0.000000 0 0.000000 0.000000 0
0 0.531852 0.596937 0.170359 0.408568 0.492188 0.523474 1 0.000000 0.000000 0 0.000000 0.000000 0 0.507812 0.530516 1 0.000000 0.000000 0 0.523438 0.565728 1 0.521875 0.488263 1 0.523438 0.622066 1 0.503125 0.453052 1 0.500000 0.586854 1 0.470313 0.408451 1 0.596875 0.596244 1 0.603125 0.568075 1 0.546875 0.671362 1 0.601562 0.636150 1 0.534375 0.760563 1 0.603125 0.692488 1
0 0.273594 0.271397 0.067469 0.099085 0.273438 0.251174 1 0.278125 0.248826 1 0.270313 0.248826 1 0.281250 0.248826 1 0.264062 0.246479 1 0.287500 0.267606 1 0.254688 0.265258 1 0.303125 0.293427 1 0.253125 0.300469 1 0.296875 0.300469 1 0.276562 0.302817 1 0.000000 0.000000 0 0.000000 0.000000 0 0.000000 0.000000 0 0.000000 0.000000 0 0.000000 0.000000 0 0.000000 0.000000 0
0 0.357945 0.189108 0.044484 0.080469 0.000000 0.000000 0 0.000000 0.000000 0 0.000000 0.000000 0 0.000000 0.000000 0 0.000000 0.000000 0 0.000000 0.000000 0 0.000000 0.000000 0 0.000000 0.000000 0 0.000000 0.000000 0 0.000000 0.000000 0 0.000000 0.000000 0 0.000000 0.000000 0 0.000000 0.000000 0 0.000000 0.000000 0 0.000000 0.000000 0 0.000000 0.000000 0 0.000000 0.000000 0
0 0.404172 0.154660 0.064250 0.135798 0.000000 0.000000 0 0.401562 0.107981 1 0.395313 0.107981 1 0.406250 0.107981 1 0.000000 0.000000 0 0.414062 0.126761 1 0.379688 0.119718 1 0.417187 0.161972 1 0.378125 0.164319 1 0.404687 0.133803 1 0.387500 0.124413 1 0.407813 0.178404 1 0.385937 0.176056 1 0.429688 0.194836 1 0.000000 0.000000 0 0.000000 0.000000 0 0.000000 0.000000 0
0 0.472414 0.126502 0.098828 0.092629 0.000000 0.000000 0 0.000000 0.000000 0 0.000000 0.000000 0 0.000000 0.000000 0 0.000000 0.000000 0 0.000000 0.000000 0 0.000000 0.000000 0 0.000000 0.000000 0 0.000000 0.000000 0 0.000000 0.000000 0 0.000000 0.000000 0 0.000000 0.000000 0 0.000000 0.000000 0 0.000000 0.000000 0 0.000000 0.000000 0 0.000000 0.000000 0 0.000000 0.000000 0
0 0.966297 0.125469 0.044125 0.092207 0.000000 0.000000 0 0.000000 0.000000 0 0.000000 0.000000 0 0.000000 0.000000 0 0.000000 0.000000 0 0.000000 0.000000 0 0.000000 0.000000 0 0.000000 0.000000 0 0.000000 0.000000 0 0.000000 0.000000 0 0.000000 0.000000 0 0.000000 0.000000 0 0.000000 0.000000 0 0.000000 0.000000 0 0.000000 0.000000 0 0.000000 0.000000 0 0.000000 0.000000 0
0 0.438195 0.099683 0.044484 0.071103 0.000000 0.000000 0 0.000000 0.000000 0 0.000000 0.000000 0 0.000000 0.000000 0 0.000000 0.000000 0 0.000000 0.000000 0 0.000000 0.000000 0 0.000000 0.000000 0 0.000000 0.000000 0 0.000000 0.000000 0 0.000000 0.000000 0 0.000000 0.000000 0 0.000000 0.000000 0 0.000000 0.000000 0 0.000000 0.000000 0 0.000000 0.000000 0 0.000000 0.000000 0
0 0.879664 0.315845 0.078078 0.340423 0.875000 0.178404 1 0.878125 0.173709 1 0.871875 0.171362 1 0.889062 0.173709 1 0.000000 0.000000 0 0.893750 0.201878 1 0.873437 0.208920 1 0.909375 0.260563 1 0.000000 0.000000 0 0.893750 0.281690 1 0.000000 0.000000 0 0.893750 0.312207 1 0.876563 0.314554 1 0.895312 0.377934 1 0.876563 0.380282 1 0.901563 0.460094 1 0.870313 0.453052 1
0 0.100211 0.178216 0.061203 0.135962 0.100000 0.138498 1 0.104688 0.133803 1 0.096875 0.133803 1 0.114062 0.136150 1 0.000000 0.000000 0 0.123438 0.176056 1 0.081250 0.171362 1 0.126562 0.218310 1 0.079687 0.211268 1 0.115625 0.246479 1 0.103125 0.244131 1 0.117188 0.258216 1 0.092188 0.255869 1 0.000000 0.000000 0 0.000000 0.000000 0 0.000000 0.000000 0 0.000000 0.000000 0
0 0.148500 0.190458 0.047531 0.123263 0.000000 0.000000 0 0.000000 0.000000 0 0.000000 0.000000 0 0.000000 0.000000 0 0.000000 0.000000 0 0.000000 0.000000 0 0.000000 0.000000 0 0.000000 0.000000 0 0.000000 0.000000 0 0.000000 0.000000 0 0.000000 0.000000 0 0.000000 0.000000 0 0.000000 0.000000 0 0.000000 0.000000 0 0.000000 0.000000 0 0.000000 0.000000 0 0.000000 0.000000 0
0 0.958203 0.422758 0.083594 0.261620 0.926562 0.330986 1 0.929688 0.323944 1 0.000000 0.000000 0 0.940625 0.321596 1 0.000000 0.000000 0 0.957812 0.347418 1 0.937500 0.354460 1 0.973437 0.396714 1 0.945312 0.389671 1 0.982812 0.436620 1 0.953125 0.424883 1 0.993750 0.396714 1 0.975000 0.396714 1 0.987500 0.462441 1 0.954688 0.446009 1 0.996875 0.530516 1 0.943750 0.511737 1
0 0.344695 0.134002 0.053766 0.102277 0.000000 0.000000 0 0.000000 0.000000 0 0.000000 0.000000 0 0.000000 0.000000 0 0.000000 0.000000 0 0.000000 0.000000 0 0.000000 0.000000 0 0.000000 0.000000 0 0.000000 0.000000 0 0.000000 0.000000 0 0.000000 0.000000 0 0.000000 0.000000 0 0.000000 0.000000 0 0.000000 0.000000 0 0.000000 0.000000 0 0.000000 0.000000 0 0.000000 0.000000 0