0 0.740766 0.554286 0.379562 0.738080 0.793750 0.292740 1 0.807813 0.278689 1 0.000000 0.000000 0 0.837500 0.283372 1 0.000000 0.000000 0 0.828125 0.360656 1 0.790625 0.271663 1 0.740625 0.440281 1 0.734375 0.316159 1 0.657813 0.454333 1 0.659375 0.395785 1 0.765625 0.536300 1 0.721875 0.508197 1 0.781250 0.721311 1 0.668750 0.669789 1 0.893750 0.836066 1 0.610938 0.854801 1
0 0.152930 0.677155 0.119953 0.406721 0.146875 0.536300 1 0.153125 0.526932 1 0.140625 0.526932 1 0.164062 0.531616 1 0.131250 0.536300 1 0.189062 0.583138 1 0.117188 0.580796 1 0.196875 0.679157 1 0.112500 0.644028 1 0.189062 0.740047 1 0.142187 0.566745 1 0.176563 0.756440 1 0.134375 0.754098 1 0.193750 0.887588 1 0.131250 0.889930 1 0.000000 0.000000 0 0.000000 0.000000 0
0 0.315641 0.672541 0.148375 0.429813 0.325000 0.519906 1 0.331250 0.510539 1 0.318750 0.512881 1 0.345313 0.515222 1 0.307812 0.512881 1 0.364063 0.576112 1 0.285938 0.573770 1 0.400000 0.639344 1 0.257812 0.632319 1 0.370312 0.702576 1 0.279687 0.707260 1 0.342187 0.742389 1 0.300000 0.742389 1 0.343750 0.859485 1 0.259375 0.810304 1 0.346875 0.960187 1 0.270313 0.913349 1
0 0.439570 0.659052 0.129859 0.485457 0.437500 0.482436 1 0.446875 0.468384 1 0.432812 0.468384 1 0.464062 0.475410 1 0.000000 0.000000 0 0.484375 0.543326 1 0.404687 0.545667 1 0.473438 0.615925 1 0.387500 0.627635 1 0.425000 0.608899 1 0.437500 0.594848 1 0.464062 0.735363 1 0.414062 0.733021 1 0.476562 0.859485 1 0.415625 0.859485 1 0.000000 0.000000 0 0.000000 0.000000 0
0 0.571953 0.677728 0.114094 0.413021 0.560937 0.529274 1 0.565625 0.517564 1 0.556250 0.517564 1 0.579688 0.519906 1 0.000000 0.000000 0 0.595313 0.576112 1 0.532813 0.585480 1 0.614062 0.634660 1 0.523438 0.662763 1 0.592187 0.711944 1 0.535937 0.704918 1 0.593750 0.723653 1 0.546875 0.725995 1 0.573438 0.756440 1 0.548438 0.831382 1 0.573438 0.866511 1 0.553125 0.915691 1
0 0.864102 0.179895 0.109172 0.254871 0.871875 0.077283 1 0.000000 0.000000 0 0.864062 0.072600 1 0.000000 0.000000 0 0.845313 0.079625 1 0.901563 0.142857 1 0.829688 0.145199 1 0.000000 0.000000 0 0.000000 0.000000 0 0.000000 0.000000 0 0.000000 0.000000 0 0.896875 0.274005 1 0.846875 0.266979 1 0.000000 0.000000 0 0.000000 0.000000 0 0.000000 0.000000 0 0.000000 0.000000 0
0 0.447742 0.173712 0.137359 0.185785 0.443750 0.128806 1 0.451562 0.119438 1 0.442188 0.119438 1 0.470313 0.119438 1 0.000000 0.000000 0 0.487500 0.175644 1 0.425000 0.177986 1 0.501563 0.236534 1 0.000000 0.000000 0 0.484375 0.271663 1 0.000000 0.000000 0 0.473438 0.278689 1 0.426563 0.278689 1 0.476562 0.231850 1 0.000000 0.000000 0 0.407813 0.266979 1 0.000000 0.000000 0
0 0.334570 0.184625 0.155109 0.205457 0.365625 0.131148 1 0.370312 0.124122 1 0.359375 0.121780 1 0.379688 0.124122 1 0.348438 0.124122 1 0.395313 0.177986 1 0.332813 0.182670 1 0.398438 0.245902 1 0.306250 0.192037 1 0.381250 0.255269 1 0.306250 0.166276 1 0.362500 0.285714 1 0.318750 0.281030 1 0.375000 0.257611 1 0.285938 0.180328 1 0.000000 0.000000 0 0.257812 0.283372 1
0 0.917125 0.245656 0.117719 0.204473 0.904687 0.194379 1 0.907813 0.180328 1 0.901563 0.185012 1 0.926562 0.182670 1 0.000000 0.000000 0 0.956250 0.231850 1 0.896875 0.229508 1 0.967187 0.304450 1 0.875000 0.290398 1 0.929688 0.309133 1 0.900000 0.297424 1 0.937500 0.344262 1 0.882812 0.337237 1 0.000000 0.000000 0 0.000000 0.000000 0 0.000000 0.000000 0 0.000000 0.000000 0
0 0.075789 0.220808 0.100078 0.195105 0.085938 0.154567 1 0.092188 0.145199 1 0.081250 0.142857 1 0.104688 0.161593 1 0.070312 0.159251 1 0.128125 0.238876 1 0.046875 0.231850 1 0.131250 0.306792 1 0.034375 0.304450 1 0.000000 0.000000 0 0.000000 0.000000 0 0.104688 0.353630 1 0.062500 0.351288 1 0.000000 0.000000 0 0.000000 0.000000 0 0.000000 0.000000 0 0.000000 0.000000 0
0 0.045922 0.723876 0.088375 0.322084 0.000000 0.000000 0 0.000000 0.000000 0 0.000000 0.000000 0 0.000000 0.000000 0 0.000000 0.000000 0 0.020313 0.629977 1 0.000000 0.000000 0 0.012500 0.742389 1 0.000000 0.000000 0 0.000000 0.000000 0 0.000000 0.000000 0 0.060937 0.768150 1 0.015625 0.765808 1 0.057813 0.899297 1 0.000000 0.000000 0 0.000000 0.000000 0 0.000000 0.000000 0
0 0.231406 0.153021 0.056469 0.144637 0.000000 0.000000 0 0.000000 0.000000 0 0.000000 0.000000 0 0.000000 0.000000 0 0.229687 0.114754 1 0.207813 0.152225 1 0.242188 0.152225 1 0.000000 0.000000 0 0.253125 0.187354 1 0.000000 0.000000 0 0.000000 0.000000 0 0.212500 0.227166 1 0.237500 0.227166 1 0.000000 0.000000 0 0.000000 0.000000 0 0.000000 0.000000 0 0.000000 0.000000 0