0 0.401422 0.676896 0.183500 0.531333 0.435937 0.472917 1 0.442188 0.466667 1 0.431250 0.464583 1 0.000000 0.000000 0 0.415625 0.450000 1 0.442188 0.518750 1 0.375000 0.500000 1 0.442188 0.587500 1 0.334375 0.560417 1 0.464062 0.614583 1 0.325000 0.631250 1 0.417187 0.645833 1 0.381250 0.645833 1 0.435937 0.770833 1 0.379688 0.779167 1 0.442188 0.910417 1 0.385937 0.908333 1
0 0.669250 0.518906 0.064844 0.137563 0.662500 0.470833 1 0.665625 0.466667 1 0.657813 0.466667 1 0.670312 0.468750 1 0.651563 0.470833 1 0.682813 0.497917 1 0.642188 0.500000 1 0.687500 0.531250 1 0.642188 0.539583 1 0.673438 0.550000 1 0.656250 0.550000 1 0.681250 0.562500 1 0.653125 0.562500 1 0.000000 0.000000 0 0.000000 0.000000 0 0.000000 0.000000 0 0.000000 0.000000 0
0 0.903703 0.561365 0.064687 0.084854 0.904687 0.543750 1 0.909375 0.541667 1 0.900000 0.539583 1 0.914062 0.545833 1 0.893750 0.543750 1 0.921875 0.572917 1 0.881250 0.572917 1 0.926562 0.597917 1 0.876563 0.595833 1 0.901563 0.610417 1 0.898438 0.606250 1 0.000000 0.000000 0 0.000000 0.000000 0 0.000000 0.000000 0 0.000000 0.000000 0 0.000000 0.000000 0 0.000000 0.000000 0
0 0.733211 0.559698 0.051797 0.083896 0.000000 0.000000 0 0.000000 0.000000 0 0.000000 0.000000 0 0.000000 0.000000 0 0.000000 0.000000 0 0.000000 0.000000 0 0.000000 0.000000 0 0.000000 0.000000 0 0.000000 0.000000 0 0.000000 0.000000 0 0.000000 0.000000 0 0.000000 0.000000 0 0.000000 0.000000 0 0.000000 0.000000 0 0.000000 0.000000 0 0.000000 0.000000 0 0.000000 0.000000 0
0 0.865828 0.535656 0.035875 0.089021 0.000000 0.000000 0 0.000000 0.000000 0 0.000000 0.000000 0 0.000000 0.000000 0 0.000000 0.000000 0 0.000000 0.000000 0 0.000000 0.000000 0 0.000000 0.000000 0 0.000000 0.000000 0 0.000000 0.000000 0 0.000000 0.000000 0 0.000000 0.000000 0 0.000000 0.000000 0 0.000000 0.000000 0 0.000000 0.000000 0 0.000000 0.000000 0 0.000000 0.000000 0
0 0.853289 0.443760 0.052234 0.080937 0.000000 0.000000 0 0.000000 0.000000 0 0.000000 0.000000 0 0.000000 0.000000 0 0.000000 0.000000 0 0.000000 0.000000 0 0.000000 0.000000 0 0.000000 0.000000 0 0.000000 0.000000 0 0.000000 0.000000 0 0.000000 0.000000 0 0.000000 0.000000 0 0.000000 0.000000 0 0.000000 0.000000 0 0.000000 0.000000 0 0.000000 0.000000 0 0.000000 0.000000 0
0 0.816508 0.375219 0.044703 0.081854 0.000000 0.000000 0 0.000000 0.000000 0 0.000000 0.000000 0 0.000000 0.000000 0 0.000000 0.000000 0 0.000000 0.000000 0 0.000000 0.000000 0 0.000000 0.000000 0 0.000000 0.000000 0 0.000000 0.000000 0 0.000000 0.000000 0 0.000000 0.000000 0 0.000000 0.000000 0 0.000000 0.000000 0 0.000000 0.000000 0 0.000000 0.000000 0 0.000000 0.000000 0
0 0.735023 0.507240 0.070422 0.111521 0.728125 0.472917 1 0.731250 0.464583 1 0.725000 0.468750 1 0.740625 0.470833 1 0.717187 0.475000 1 0.753125 0.487500 1 0.712500 0.502083 1 0.771875 0.522917 1 0.707812 0.541667 1 0.754687 0.533333 1 0.726562 0.554167 1 0.760938 0.558333 1 0.732812 0.566667 1 0.000000 0.000000 0 0.000000 0.000000 0 0.000000 0.000000 0 0.000000 0.000000 0
0 0.794516 0.545667 0.041094 0.109583 0.789062 0.506250 1 0.793750 0.502083 1 0.785937 0.500000 1 0.801562 0.510417 1 0.778125 0.510417 1 0.812500 0.535417 1 0.764062 0.533333 1 0.000000 0.000000 0 0.762500 0.566667 1 0.000000 0.000000 0 0.790625 0.560417 1 0.800000 0.583333 1 0.773438 0.583333 1 0.000000 0.000000 0 0.000000 0.000000 0 0.000000 0.000000 0 0.000000 0.000000 0
0 0.276141 0.543000 0.056688 0.111375 0.273438 0.512500 1 0.276562 0.506250 1 0.267188 0.508333 1 0.281250 0.512500 1 0.262500 0.510417 1 0.289062 0.539583 1 0.254688 0.541667 1 0.298438 0.572917 1 0.259375 0.575000 1 0.267188 0.566667 1 0.285938 0.568750 1 0.289062 0.593750 1 0.268750 0.595833 1 0.000000 0.000000 0 0.000000 0.000000 0 0.000000 0.000000 0 0.000000 0.000000 0
0 0.612547 0.542302 0.064375 0.110354 0.604688 0.508333 1 0.607812 0.502083 1 0.601562 0.504167 1 0.615625 0.506250 1 0.598437 0.510417 1 0.628125 0.539583 1 0.592187 0.541667 1 0.629687 0.568750 1 0.595313 0.575000 1 0.609375 0.579167 1 0.609375 0.583333 1 0.628125 0.585417 1 0.596875 0.585417 1 0.632812 0.577083 1 0.000000 0.000000 0 0.000000 0.000000 0 0.000000 0.000000 0
0 0.656813 0.397115 0.050812 0.072271 0.000000 0.000000 0 0.000000 0.000000 0 0.000000 0.000000 0 0.000000 0.000000 0 0.000000 0.000000 0 0.000000 0.000000 0 0.000000 0.000000 0 0.000000 0.000000 0 0.000000 0.000000 0 0.000000 0.000000 0 0.000000 0.000000 0 0.000000 0.000000 0 0.000000 0.000000 0 0.000000 0.000000 0 0.000000 0.000000 0 0.000000 0.000000 0 0.000000 0.000000 0
0 0.839641 0.552594 0.065250 0.101438 0.837500 0.527083 1 0.842187 0.520833 1 0.832812 0.520833 1 0.848437 0.522917 1 0.829688 0.522917 1 0.857812 0.556250 1 0.821875 0.558333 1 0.864062 0.591667 1 0.814063 0.591667 1 0.832812 0.591667 1 0.842187 0.589583 1 0.000000 0.000000 0 0.000000 0.000000 0 0.000000 0.000000 0 0.000000 0.000000 0 0.000000 0.000000 0 0.000000 0.000000 0