0 0.631547 0.329958 0.135562 0.585583 0.662500 0.091667 1 0.000000 0.000000 0 0.000000 0.000000 0 0.000000 0.000000 0 0.650000 0.063889 1 0.584375 0.130556 1 0.667188 0.094444 1 0.568750 0.222222 1 0.684375 0.205556 1 0.585938 0.300000 1 0.701562 0.277778 1 0.601562 0.300000 1 0.643750 0.291667 1 0.609375 0.475000 1 0.659375 0.469444 1 0.607812 0.613889 1 0.671875 0.616667 1
0 0.553672 0.733069 0.194219 0.502250 0.587500 0.563889 1 0.000000 0.000000 0 0.584375 0.558333 1 0.000000 0.000000 0 0.562500 0.566667 1 0.495312 0.633333 1 0.579688 0.636111 1 0.535937 0.580556 1 0.635938 0.633333 1 0.562500 0.547222 1 0.598437 0.563889 1 0.476562 0.947222 1 0.557813 0.947222 1 0.000000 0.000000 0 0.000000 0.000000 0 0.000000 0.000000 0 0.000000 0.000000 0
0 0.419031 0.225167 0.092281 0.240444 0.396875 0.152778 1 0.403125 0.144444 1 0.392188 0.144444 1 0.410938 0.152778 1 0.385937 0.152778 1 0.418750 0.191667 1 0.378125 0.191667 1 0.431250 0.241667 1 0.370312 0.241667 1 0.428125 0.241667 1 0.000000 0.000000 0 0.412500 0.277778 1 0.389062 0.277778 1 0.435937 0.308333 1 0.000000 0.000000 0 0.459375 0.358333 1 0.000000 0.000000 0
0 0.836797 0.438194 0.128938 0.570778 0.800000 0.208333 1 0.807813 0.197222 1 0.000000 0.000000 0 0.821875 0.197222 1 0.000000 0.000000 0 0.818750 0.238889 1 0.853125 0.250000 1 0.804688 0.336111 1 0.000000 0.000000 0 0.764062 0.336111 1 0.000000 0.000000 0 0.854688 0.427778 1 0.871875 0.425000 1 0.814063 0.550000 1 0.810937 0.533333 1 0.867188 0.663889 1 0.834375 0.652778 1
0 0.762031 0.388361 0.074750 0.340111 0.000000 0.000000 0 0.000000 0.000000 0 0.000000 0.000000 0 0.000000 0.000000 0 0.000000 0.000000 0 0.768750 0.308333 1 0.000000 0.000000 0 0.753125 0.355556 1 0.000000 0.000000 0 0.734375 0.377778 1 0.000000 0.000000 0 0.773438 0.408333 1 0.000000 0.000000 0 0.759375 0.458333 1 0.000000 0.000000 0 0.748437 0.527778 1 0.000000 0.000000 0
0 0.438875 0.241722 0.036188 0.136000 0.000000 0.000000 0 0.000000 0.000000 0 0.000000 0.000000 0 0.000000 0.000000 0 0.000000 0.000000 0 0.000000 0.000000 0 0.000000 0.000000 0 0.000000 0.000000 0 0.000000 0.000000 0 0.000000 0.000000 0 0.000000 0.000000 0 0.000000 0.000000 0 0.000000 0.000000 0 0.000000 0.000000 0 0.000000 0.000000 0 0.000000 0.000000 0 0.000000 0.000000 0
0 0.929094 0.487583 0.066375 0.561389 0.937500 0.280556 1 0.939063 0.266667 1 0.928125 0.272222 1 0.000000 0.000000 0 0.904687 0.266667 1 0.948438 0.327778 1 0.893750 0.325000 1 0.962500 0.419444 1 0.878125 0.402778 1 0.000000 0.000000 0 0.000000 0.000000 0 0.937500 0.441667 1 0.898438 0.441667 1 0.935937 0.538889 1 0.898438 0.547222 1 0.929688 0.688889 1 0.901563 0.688889 1
0 0.970836 0.545681 0.058328 0.592583 0.960938 0.294444 1 0.971875 0.288889 1 0.964063 0.286111 1 0.992188 0.294444 1 0.000000 0.000000 0 0.000000 0.000000 0 0.951562 0.355556 1 0.000000 0.000000 0 0.000000 0.000000 0 0.000000 0.000000 0 0.000000 0.000000 0 0.000000 0.000000 0 0.970313 0.525000 1 0.000000 0.000000 0 0.995313 0.630556 1 0.000000 0.000000 0 0.996875 0.788889 1
0 0.459359 0.256389 0.025687 0.127222 0.000000 0.000000 0 0.000000 0.000000 0 0.000000 0.000000 0 0.000000 0.000000 0 0.000000 0.000000 0 0.000000 0.000000 0 0.000000 0.000000 0 0.000000 0.000000 0 0.000000 0.000000 0 0.000000 0.000000 0 0.000000 0.000000 0 0.000000 0.000000 0 0.000000 0.000000 0 0.000000 0.000000 0 0.000000 0.000000 0 0.000000 0.000000 0 0.000000 0.000000 0
0 0.897977 0.510778 0.076078 0.524333 0.000000 0.000000 0 0.000000 0.000000 0 0.000000 0.000000 0 0.892188 0.288889 1 0.000000 0.000000 0 0.909375 0.344444 1 0.870313 0.358333 1 0.928125 0.427778 1 0.000000 0.000000 0 0.889062 0.480556 1 0.000000 0.000000 0 0.907813 0.500000 1 0.876563 0.508333 1 0.901563 0.616667 1 0.876563 0.616667 1 0.910937 0.736111 1 0.882812 0.725000 1
0 0.454422 0.289486 0.092156 0.407083 0.429688 0.147222 1 0.437500 0.138889 1 0.426563 0.136111 1 0.000000 0.000000 0 0.412500 0.133333 1 0.445312 0.186111 1 0.401562 0.183333 1 0.457813 0.263889 1 0.000000 0.000000 0 0.421875 0.241667 1 0.000000 0.000000 0 0.434375 0.280556 1 0.403125 0.280556 1 0.457813 0.325000 1 0.000000 0.000000 0 0.490625 0.447222 1 0.000000 0.000000 0