0 0.537109 0.496112 0.279438 0.570258 0.484375 0.297424 1 0.489063 0.283372 1 0.468750 0.290398 1 0.000000 0.000000 0 0.451562 0.325527 1 0.512500 0.339578 1 0.459375 0.409836 1 0.570312 0.344262 1 0.445312 0.508197 1 0.556250 0.386417 1 0.429688 0.583138 1 0.571875 0.531616 1 0.521875 0.559719 1 0.620313 0.578454 1 0.556250 0.711944 1 0.620313 0.730679 1 0.485938 0.697892 1
0 0.872734 0.376007 0.047188 0.280304 0.876563 0.262295 1 0.879687 0.255269 1 0.873437 0.257611 1 0.000000 0.000000 0 0.862500 0.266979 1 0.884375 0.295082 1 0.000000 0.000000 0 0.000000 0.000000 0 0.857812 0.330211 1 0.887500 0.374707 1 0.870313 0.379391 1 0.881250 0.360656 1 0.871875 0.360656 1 0.878125 0.428571 1 0.865625 0.426230 1 0.873437 0.494145 1 0.859375 0.491803 1
0 0.176141 0.388056 0.041188 0.102623 0.000000 0.000000 0 0.000000 0.000000 0 0.000000 0.000000 0 0.000000 0.000000 0 0.000000 0.000000 0 0.000000 0.000000 0 0.000000 0.000000 0 0.000000 0.000000 0 0.000000 0.000000 0 0.000000 0.000000 0 0.000000 0.000000 0 0.000000 0.000000 0 0.000000 0.000000 0 0.000000 0.000000 0 0.000000 0.000000 0 0.000000 0.000000 0 0.000000 0.000000 0
0 0.204359 0.354930 0.033719 0.153794 0.000000 0.000000 0 0.000000 0.000000 0 0.000000 0.000000 0 0.000000 0.000000 0 0.000000 0.000000 0 0.000000 0.000000 0 0.000000 0.000000 0 0.000000 0.000000 0 0.000000 0.000000 0 0.000000 0.000000 0 0.000000 0.000000 0 0.000000 0.000000 0 0.000000 0.000000 0 0.000000 0.000000 0 0.000000 0.000000 0 0.000000 0.000000 0 0.000000 0.000000 0
0 0.329211 0.380867 0.043516 0.198454 0.343750 0.306792 1 0.000000 0.000000 0 0.340625 0.302108 1 0.000000 0.000000 0 0.331250 0.304450 1 0.340625 0.327869 1 0.323437 0.325527 1 0.345313 0.353630 1 0.315625 0.346604 1 0.348438 0.381733 1 0.317188 0.370023 1 0.334375 0.377049 1 0.325000 0.377049 1 0.326562 0.419204 1 0.332813 0.414520 1 0.320312 0.456674 1 0.334375 0.451991 1
0 0.240398 0.382108 0.045859 0.171101 0.248438 0.316159 1 0.248438 0.309133 1 0.245312 0.311475 1 0.000000 0.000000 0 0.000000 0.000000 0 0.248438 0.332553 1 0.240625 0.337237 1 0.000000 0.000000 0 0.000000 0.000000 0 0.000000 0.000000 0 0.000000 0.000000 0 0.237500 0.384075 1 0.234375 0.379391 1 0.251563 0.416862 1 0.234375 0.414520 1 0.250000 0.449649 1 0.225000 0.447307 1
0 0.970164 0.376909 0.029672 0.134567 0.000000 0.000000 0 0.000000 0.000000 0 0.000000 0.000000 0 0.000000 0.000000 0 0.000000 0.000000 0 0.000000 0.000000 0 0.000000 0.000000 0 0.000000 0.000000 0 0.000000 0.000000 0 0.000000 0.000000 0 0.000000 0.000000 0 0.000000 0.000000 0 0.000000 0.000000 0 0.000000 0.000000 0 0.000000 0.000000 0 0.000000 0.000000 0 0.000000 0.000000 0
0 0.056289 0.410386 0.071141 0.264098 0.050000 0.313817 1 0.054688 0.306792 1 0.046875 0.306792 1 0.060937 0.309133 1 0.040625 0.309133 1 0.060937 0.337237 1 0.035937 0.344262 1 0.075000 0.372365 1 0.034375 0.377049 1 0.060937 0.391101 1 0.028125 0.351288 1 0.046875 0.393443 1 0.060937 0.386417 1 0.029687 0.459016 1 0.068750 0.459016 1 0.043750 0.508197 1 0.078125 0.503513 1
0 0.363516 0.362354 0.039156 0.167658 0.000000 0.000000 0 0.000000 0.000000 0 0.000000 0.000000 0 0.359375 0.290398 1 0.371875 0.292740 1 0.350000 0.311475 1 0.376563 0.306792 1 0.000000 0.000000 0 0.000000 0.000000 0 0.000000 0.000000 0 0.000000 0.000000 0 0.356250 0.351288 1 0.367188 0.351288 1 0.356250 0.398126 1 0.370312 0.398126 1 0.000000 0.000000 0 0.000000 0.000000 0
0 0.626633 0.349333 0.042609 0.167845 0.000000 0.000000 0 0.000000 0.000000 0 0.000000 0.000000 0 0.620313 0.281030 1 0.629687 0.283372 1 0.614062 0.297424 1 0.631250 0.295082 1 0.610938 0.323185 1 0.640625 0.318501 1 0.000000 0.000000 0 0.000000 0.000000 0 0.615625 0.339578 1 0.629687 0.337237 1 0.620313 0.370023 1 0.629687 0.370023 1 0.625000 0.405152 1 0.629687 0.405152 1
0 0.136516 0.350269 0.042156 0.151265 0.000000 0.000000 0 0.000000 0.000000 0 0.000000 0.000000 0 0.000000 0.000000 0 0.000000 0.000000 0 0.000000 0.000000 0 0.000000 0.000000 0 0.000000 0.000000 0 0.000000 0.000000 0 0.000000 0.000000 0 0.000000 0.000000 0 0.000000 0.000000 0 0.000000 0.000000 0 0.000000 0.000000 0 0.000000 0.000000 0 0.000000 0.000000 0 0.000000 0.000000 0