0 0.493320 0.566737 0.122016 0.600000 0.498437 0.328671 1 0.504687 0.321678 1 0.493750 0.314685 1 0.000000 0.000000 0 0.471875 0.307692 1 0.467187 0.361305 1 0.456250 0.349650 1 0.000000 0.000000 0 0.471875 0.433566 1 0.000000 0.000000 0 0.514062 0.421911 1 0.475000 0.550117 1 0.462500 0.552448 1 0.460938 0.675991 1 0.468750 0.682984 1 0.453125 0.790210 1 0.454688 0.804196 1
0 0.217398 0.525909 0.105672 0.691445 0.254688 0.251748 1 0.000000 0.000000 0 0.251563 0.235431 1 0.000000 0.000000 0 0.235937 0.235431 1 0.198437 0.277389 1 0.181250 0.279720 1 0.000000 0.000000 0 0.201563 0.398601 1 0.000000 0.000000 0 0.242188 0.487179 1 0.209375 0.517483 1 0.185938 0.519814 1 0.206250 0.675991 1 0.171875 0.682984 1 0.185938 0.827506 1 0.153125 0.836830 1
0 0.653937 0.601958 0.066781 0.442564 0.671875 0.433566 1 0.000000 0.000000 0 0.667188 0.424242 1 0.000000 0.000000 0 0.650000 0.421911 1 0.667188 0.475524 1 0.620313 0.470862 1 0.679688 0.540793 1 0.615625 0.538462 1 0.679688 0.592075 1 0.000000 0.000000 0 0.653125 0.585082 1 0.626563 0.580420 1 0.642188 0.692308 1 0.620313 0.689977 1 0.637500 0.785548 1 0.609375 0.780886 1
0 0.049445 0.370245 0.095766 0.496480 0.082812 0.202797 1 0.000000 0.000000 0 0.078125 0.191142 1 0.000000 0.000000 0 0.051562 0.181818 1 0.076563 0.277389 1 0.006250 0.256410 1 0.089063 0.372960 1 0.006250 0.349650 1 0.090625 0.433566 1 0.006250 0.449883 1 0.060937 0.454545 1 0.026562 0.449883 1 0.057813 0.596737 1 0.037500 0.599068 1 0.000000 0.000000 0 0.000000 0.000000 0
0 0.420453 0.556305 0.110219 0.628368 0.446875 0.319347 1 0.454688 0.314685 1 0.443750 0.305361 1 0.000000 0.000000 0 0.420312 0.286713 1 0.428125 0.365967 1 0.385937 0.349650 1 0.432812 0.473193 1 0.396875 0.433566 1 0.459375 0.494172 1 0.454688 0.435897 1 0.428125 0.554779 1 0.400000 0.547786 1 0.429688 0.692308 1 0.393750 0.687646 1 0.432812 0.813520 1 0.381250 0.811189 1
0 0.542461 0.585513 0.102984 0.523287 0.565625 0.375291 1 0.000000 0.000000 0 0.559375 0.363636 1 0.000000 0.000000 0 0.539062 0.368298 1 0.557813 0.414918 1 0.512500 0.412587 1 0.551562 0.512821 1 0.507812 0.494172 1 0.575000 0.473193 1 0.534375 0.524476 1 0.548438 0.564103 1 0.504687 0.564103 1 0.553125 0.703963 1 0.504687 0.713287 1 0.556250 0.811189 1 0.504687 0.825175 1
0 0.595867 0.590350 0.076047 0.480932 0.606250 0.391608 1 0.614062 0.384615 1 0.603125 0.382284 1 0.000000 0.000000 0 0.589063 0.386946 1 0.617188 0.447552 1 0.573438 0.431235 1 0.621875 0.508159 1 0.000000 0.000000 0 0.000000 0.000000 0 0.000000 0.000000 0 0.612500 0.578089 1 0.579688 0.578089 1 0.607812 0.703963 1 0.578125 0.694639 1 0.598437 0.776224 1 0.578125 0.792541 1
0 0.721469 0.596375 0.105187 0.452611 0.723437 0.414918 1 0.000000 0.000000 0 0.721875 0.405594 1 0.000000 0.000000 0 0.707812 0.400932 1 0.717187 0.466200 1 0.678125 0.445221 1 0.725000 0.529138 1 0.676562 0.531469 1 0.743750 0.559441 1 0.696875 0.564103 1 0.717187 0.585082 1 0.696875 0.573427 1 0.737500 0.671329 1 0.707812 0.666667 1 0.726562 0.785548 1 0.693750 0.792541 1
0 0.756672 0.602739 0.084687 0.426177 0.760938 0.442890 1 0.764062 0.438228 1 0.756250 0.438228 1 0.000000 0.000000 0 0.739062 0.428904 1 0.782813 0.456876 1 0.725000 0.461538 1 0.789062 0.517483 1 0.718750 0.524476 1 0.789062 0.545455 1 0.739062 0.561772 1 0.768750 0.592075 1 0.734375 0.596737 1 0.759375 0.696970 1 0.734375 0.689977 1 0.748437 0.794872 1 0.726562 0.794872 1
0 0.964313 0.654930 0.033437 0.078252 0.000000 0.000000 0 0.000000 0.000000 0 0.000000 0.000000 0 0.000000 0.000000 0 0.000000 0.000000 0 0.000000 0.000000 0 0.000000 0.000000 0 0.000000 0.000000 0 0.000000 0.000000 0 0.000000 0.000000 0 0.000000 0.000000 0 0.000000 0.000000 0 0.000000 0.000000 0 0.000000 0.000000 0 0.000000 0.000000 0 0.000000 0.000000 0 0.000000 0.000000 0
0 0.167406 0.529114 0.148750 0.769510 0.179688 0.235431 1 0.000000 0.000000 0 0.175000 0.209790 1 0.000000 0.000000 0 0.164062 0.200466 1 0.118750 0.265734 1 0.139063 0.261072 1 0.000000 0.000000 0 0.143750 0.379953 1 0.000000 0.000000 0 0.212500 0.407925 1 0.139063 0.470862 1 0.160938 0.473193 1 0.131250 0.675991 1 0.150000 0.682984 1 0.120313 0.850816 1 0.128125 0.881119 1
0 0.344797 0.531667 0.132844 0.716620 0.392188 0.263403 1 0.000000 0.000000 0 0.390625 0.244755 1 0.000000 0.000000 0 0.370312 0.240093 1 0.326562 0.307692 1 0.354687 0.310023 1 0.000000 0.000000 0 0.354687 0.419580 1 0.000000 0.000000 0 0.389062 0.501166 1 0.331250 0.515152 1 0.360938 0.512821 1 0.314063 0.685315 1 0.346875 0.685315 1 0.296875 0.841492 1 0.326562 0.855478 1