0 0.448289 0.623595 0.047984 0.195527 0.000000 0.000000 0 0.000000 0.000000 0 0.000000 0.000000 0 0.442188 0.533958 1 0.451562 0.533958 1 0.432812 0.562061 1 0.459375 0.559719 1 0.000000 0.000000 0 0.000000 0.000000 0 0.000000 0.000000 0 0.000000 0.000000 0 0.435937 0.618267 1 0.454688 0.622951 1 0.439063 0.679157 1 0.453125 0.688525 1 0.437500 0.714286 1 0.451562 0.714286 1
0 0.478203 0.622787 0.032750 0.193302 0.467187 0.543326 1 0.470313 0.540984 1 0.465625 0.540984 1 0.478125 0.543326 1 0.000000 0.000000 0 0.484375 0.564403 1 0.475000 0.566745 1 0.487500 0.592506 1 0.000000 0.000000 0 0.476562 0.606557 1 0.000000 0.000000 0 0.478125 0.615925 1 0.470313 0.613583 1 0.478125 0.667447 1 0.475000 0.667447 1 0.482812 0.709602 1 0.481250 0.709602 1
0 0.339805 0.627986 0.057422 0.181639 0.345313 0.552693 1 0.000000 0.000000 0 0.342187 0.550351 1 0.000000 0.000000 0 0.335938 0.550351 1 0.320312 0.578454 1 0.340625 0.571429 1 0.315625 0.601874 1 0.340625 0.601874 1 0.321875 0.618267 1 0.329688 0.620609 1 0.325000 0.620609 1 0.335938 0.620609 1 0.328125 0.662763 1 0.346875 0.665105 1 0.332813 0.700234 1 0.353125 0.700234 1
0 0.607828 0.601358 0.049594 0.105855 0.000000 0.000000 0 0.000000 0.000000 0 0.000000 0.000000 0 0.000000 0.000000 0 0.000000 0.000000 0 0.000000 0.000000 0 0.000000 0.000000 0 0.000000 0.000000 0 0.000000 0.000000 0 0.000000 0.000000 0 0.000000 0.000000 0 0.000000 0.000000 0 0.000000 0.000000 0 0.000000 0.000000 0 0.000000 0.000000 0 0.000000 0.000000 0 0.000000 0.000000 0
0 0.242828 0.608326 0.028781 0.189204 0.000000 0.000000 0 0.000000 0.000000 0 0.000000 0.000000 0 0.000000 0.000000 0 0.000000 0.000000 0 0.000000 0.000000 0 0.000000 0.000000 0 0.000000 0.000000 0 0.000000 0.000000 0 0.000000 0.000000 0 0.000000 0.000000 0 0.000000 0.000000 0 0.000000 0.000000 0 0.000000 0.000000 0 0.000000 0.000000 0 0.000000 0.000000 0 0.000000 0.000000 0
0 0.703516 0.610703 0.046281 0.185948 0.000000 0.000000 0 0.000000 0.000000 0 0.000000 0.000000 0 0.698438 0.533958 1 0.709375 0.533958 1 0.692187 0.555035 1 0.714063 0.555035 1 0.682813 0.573770 1 0.721875 0.578454 1 0.682813 0.594848 1 0.721875 0.606557 1 0.696875 0.604215 1 0.710938 0.606557 1 0.695312 0.641686 1 0.707812 0.651054 1 0.695312 0.679157 1 0.704688 0.686183 1
0 0.685953 0.600164 0.022844 0.145761 0.000000 0.000000 0 0.000000 0.000000 0 0.000000 0.000000 0 0.000000 0.000000 0 0.000000 0.000000 0 0.000000 0.000000 0 0.000000 0.000000 0 0.000000 0.000000 0 0.000000 0.000000 0 0.000000 0.000000 0 0.000000 0.000000 0 0.000000 0.000000 0 0.000000 0.000000 0 0.000000 0.000000 0 0.000000 0.000000 0 0.000000 0.000000 0 0.000000 0.000000 0
0 0.411555 0.623595 0.037484 0.182037 0.000000 0.000000 0 0.000000 0.000000 0 0.000000 0.000000 0 0.000000 0.000000 0 0.000000 0.000000 0 0.406250 0.571429 1 0.426563 0.573770 1 0.396875 0.597190 1 0.000000 0.000000 0 0.395313 0.618267 1 0.000000 0.000000 0 0.407813 0.625293 1 0.421875 0.622951 1 0.410938 0.662763 1 0.423438 0.648712 1 0.412500 0.690867 1 0.428125 0.688525 1
0 0.307016 0.609063 0.036594 0.164543 0.000000 0.000000 0 0.000000 0.000000 0 0.000000 0.000000 0 0.000000 0.000000 0 0.000000 0.000000 0 0.000000 0.000000 0 0.000000 0.000000 0 0.000000 0.000000 0 0.000000 0.000000 0 0.000000 0.000000 0 0.000000 0.000000 0 0.000000 0.000000 0 0.000000 0.000000 0 0.000000 0.000000 0 0.000000 0.000000 0 0.000000 0.000000 0 0.000000 0.000000 0
0 0.059375 0.613208 0.050719 0.207354 0.070312 0.529274 1 0.000000 0.000000 0 0.067187 0.524590 1 0.000000 0.000000 0 0.062500 0.524590 1 0.068750 0.550351 1 0.057813 0.550351 1 0.078125 0.566745 1 0.065625 0.573770 1 0.068750 0.566745 1 0.079687 0.571429 1 0.068750 0.613583 1 0.059375 0.615925 1 0.073438 0.655738 1 0.057813 0.653396 1 0.068750 0.704918 1 0.040625 0.686183 1
0 0.498773 0.623782 0.019891 0.101756 0.000000 0.000000 0 0.000000 0.000000 0 0.000000 0.000000 0 0.000000 0.000000 0 0.000000 0.000000 0 0.000000 0.000000 0 0.000000 0.000000 0 0.000000 0.000000 0 0.000000 0.000000 0 0.000000 0.000000 0 0.000000 0.000000 0 0.000000 0.000000 0 0.000000 0.000000 0 0.000000 0.000000 0 0.000000 0.000000 0 0.000000 0.000000 0 0.000000 0.000000 0
0 0.266484 0.612518 0.034625 0.175480 0.000000 0.000000 0 0.000000 0.000000 0 0.000000 0.000000 0 0.000000 0.000000 0 0.000000 0.000000 0 0.271875 0.559719 1 0.257812 0.557377 1 0.278125 0.576112 1 0.251563 0.573770 1 0.278125 0.597190 1 0.248438 0.597190 1 0.271875 0.606557 1 0.260937 0.606557 1 0.271875 0.637002 1 0.256250 0.641686 1 0.276562 0.679157 1 0.254688 0.683841 1
0 0.030758 0.581370 0.020547 0.098197 0.000000 0.000000 0 0.000000 0.000000 0 0.000000 0.000000 0 0.000000 0.000000 0 0.000000 0.000000 0 0.000000 0.000000 0 0.000000 0.000000 0 0.000000 0.000000 0 0.000000 0.000000 0 0.000000 0.000000 0 0.000000 0.000000 0 0.000000 0.000000 0 0.000000 0.000000 0 0.000000 0.000000 0 0.000000 0.000000 0 0.000000 0.000000 0 0.000000 0.000000 0