0 0.553156 0.794339 0.090500 0.299688 0.556250 0.687500 1 0.562500 0.682692 1 0.553125 0.680288 1 0.000000 0.000000 0 0.000000 0.000000 0 0.576562 0.737981 1 0.523438 0.737981 1 0.590625 0.798077 1 0.512500 0.790865 1 0.570312 0.805288 1 0.531250 0.805288 1 0.567187 0.836538 1 0.535937 0.836538 1 0.564063 0.814904 1 0.534375 0.814904 1 0.565625 0.923077 1 0.537500 0.923077 1
0 0.699617 0.412103 0.142984 0.437476 0.701562 0.274038 1 0.706250 0.262019 1 0.000000 0.000000 0 0.723437 0.259615 1 0.000000 0.000000 0 0.731250 0.314904 1 0.731250 0.310096 1 0.731250 0.389423 1 0.734375 0.372596 1 0.698438 0.391827 1 0.700000 0.377404 1 0.734375 0.459135 1 0.734375 0.451923 1 0.676562 0.468750 1 0.679688 0.447115 1 0.668750 0.584135 1 0.679688 0.562500 1
0 0.262766 0.304555 0.101094 0.249447 0.281250 0.216346 1 0.284375 0.211538 1 0.278125 0.206731 1 0.000000 0.000000 0 0.262500 0.204327 1 0.290625 0.247596 1 0.242188 0.233173 1 0.303125 0.295673 1 0.220312 0.274038 1 0.289062 0.331731 1 0.235937 0.317308 1 0.270313 0.346154 1 0.231250 0.346154 1 0.000000 0.000000 0 0.248438 0.336538 1 0.000000 0.000000 0 0.243750 0.420673 1
0 0.185828 0.809724 0.118313 0.269303 0.182812 0.723558 1 0.185938 0.713942 1 0.178125 0.713942 1 0.195312 0.716346 1 0.165625 0.716346 1 0.210938 0.747596 1 0.151562 0.747596 1 0.225000 0.802885 1 0.134375 0.810096 1 0.190625 0.819712 1 0.159375 0.824519 1 0.198437 0.814904 1 0.154688 0.814904 1 0.182812 0.829327 1 0.156250 0.831731 1 0.181250 0.920673 1 0.156250 0.923077 1
0 0.428273 0.365048 0.078797 0.182548 0.429688 0.317308 1 0.434375 0.312500 1 0.425000 0.312500 1 0.442188 0.312500 1 0.415625 0.314904 1 0.451562 0.350962 1 0.403125 0.353365 1 0.457813 0.413462 1 0.390625 0.411058 1 0.426563 0.411058 1 0.414062 0.415865 1 0.440625 0.454327 1 0.406250 0.454327 1 0.000000 0.000000 0 0.000000 0.000000 0 0.000000 0.000000 0 0.000000 0.000000 0
0 0.033773 0.553185 0.067547 0.291563 0.026562 0.461538 1 0.028125 0.451923 1 0.021875 0.451923 1 0.037500 0.447115 1 0.012500 0.451923 1 0.043750 0.475962 1 0.003125 0.480769 1 0.059375 0.540865 1 0.000000 0.000000 0 0.053125 0.492788 1 0.010937 0.497596 1 0.039062 0.581731 1 0.004687 0.579327 1 0.050000 0.588942 1 0.000000 0.000000 0 0.035937 0.687500 1 0.000000 0.000000 0
0 0.789492 0.277536 0.083266 0.231466 0.779687 0.199519 1 0.784375 0.192308 1 0.776563 0.192308 1 0.796875 0.192308 1 0.768750 0.197115 1 0.807813 0.225962 1 0.764062 0.228365 1 0.806250 0.274038 1 0.732812 0.218750 1 0.778125 0.300481 1 0.000000 0.000000 0 0.814063 0.329327 1 0.776563 0.329327 1 0.789062 0.310096 1 0.000000 0.000000 0 0.792188 0.394231 1 0.000000 0.000000 0
0 0.197633 0.547115 0.095703 0.313798 0.207813 0.432692 1 0.212500 0.425481 1 0.200000 0.425481 1 0.218750 0.432692 1 0.192188 0.432692 1 0.234375 0.473558 1 0.178125 0.478365 1 0.232813 0.536058 1 0.170313 0.540865 1 0.206250 0.502404 1 0.192188 0.500000 1 0.220312 0.574519 1 0.189062 0.576923 1 0.231250 0.600962 1 0.164062 0.605769 1 0.221875 0.704327 1 0.164062 0.701923 1
0 0.378555 0.268113 0.087703 0.222380 0.376563 0.187500 1 0.381250 0.182692 1 0.373437 0.182692 1 0.390625 0.189904 1 0.364063 0.189904 1 0.404687 0.233173 1 0.348438 0.237981 1 0.412500 0.286058 1 0.342187 0.288462 1 0.384375 0.245192 1 0.367188 0.240385 1 0.395313 0.343750 1 0.360938 0.343750 1 0.000000 0.000000 0 0.000000 0.000000 0 0.000000 0.000000 0 0.000000 0.000000 0
0 0.395109 0.788762 0.118313 0.314591 0.403125 0.677885 1 0.409375 0.670673 1 0.396875 0.670673 1 0.000000 0.000000 0 0.381250 0.680288 1 0.423438 0.713942 1 0.367188 0.713942 1 0.446875 0.776442 1 0.348438 0.781250 1 0.417187 0.735577 1 0.384375 0.740385 1 0.412500 0.819712 1 0.370312 0.819712 1 0.440625 0.798077 1 0.350000 0.805288 1 0.421875 0.925481 1 0.368750 0.913462 1
0 0.498484 0.536190 0.086188 0.313918 0.512500 0.420673 1 0.518750 0.415865 1 0.509375 0.413462 1 0.523438 0.420673 1 0.496875 0.418269 1 0.529687 0.475962 1 0.482812 0.459135 1 0.528125 0.538462 1 0.473438 0.519231 1 0.512500 0.579327 1 0.471875 0.564904 1 0.514062 0.569712 1 0.487500 0.569712 1 0.000000 0.000000 0 0.470313 0.586538 1 0.000000 0.000000 0 0.464062 0.682692 1
0 0.477070 0.356911 0.067391 0.222380 0.473438 0.278846 1 0.473438 0.274038 1 0.467187 0.274038 1 0.485938 0.278846 1 0.459375 0.281250 1 0.496875 0.310096 1 0.457813 0.319712 1 0.506250 0.375000 1 0.450000 0.375000 1 0.493750 0.394231 1 0.464062 0.394231 1 0.479687 0.396635 1 0.470313 0.396635 1 0.490625 0.418269 1 0.467187 0.418269 1 0.000000 0.000000 0 0.467187 0.480769 1
0 0.421195 0.534976 0.100078 0.270481 0.428125 0.430288 1 0.431250 0.427885 1 0.425000 0.425481 1 0.437500 0.430288 1 0.414062 0.427885 1 0.445312 0.466346 1 0.401562 0.461538 1 0.454688 0.524038 1 0.392188 0.524038 1 0.454688 0.538462 1 0.410938 0.528846 1 0.437500 0.567308 1 0.406250 0.564904 1 0.420312 0.632212 1 0.381250 0.620192 1 0.410938 0.697115 1 0.396875 0.697115 1