0 0.126094 0.729674 0.164250 0.540653 0.070312 0.563969 1 0.000000 0.000000 0 0.000000 0.000000 0 0.095312 0.535248 1 0.000000 0.000000 0 0.117188 0.605744 1 0.134375 0.566580 1 0.142187 0.691906 1 0.126562 0.673629 1 0.087500 0.712794 1 0.084375 0.671018 1 0.131250 0.762402 1 0.153125 0.738903 1 0.121875 0.926893 1 0.156250 0.913838 1 0.000000 0.000000 0 0.000000 0.000000 0
0 0.223539 0.555744 0.105891 0.321253 0.232813 0.438642 1 0.235937 0.436031 1 0.228125 0.436031 1 0.000000 0.000000 0 0.215625 0.436031 1 0.251563 0.469974 1 0.212500 0.475196 1 0.267188 0.506527 1 0.195312 0.509138 1 0.262500 0.522193 1 0.179688 0.537859 1 0.250000 0.569191 1 0.225000 0.571802 1 0.256250 0.637076 1 0.221875 0.634465 1 0.260937 0.686684 1 0.215625 0.691906 1
0 0.468289 0.512611 0.100953 0.463916 0.465625 0.328982 1 0.471875 0.315927 1 0.459375 0.321149 1 0.000000 0.000000 0 0.448437 0.323760 1 0.498437 0.381201 1 0.442188 0.378590 1 0.506250 0.454308 1 0.432812 0.441253 1 0.473438 0.459530 1 0.434375 0.501305 1 0.487500 0.524804 1 0.451562 0.519582 1 0.481250 0.608355 1 0.445312 0.608355 1 0.478125 0.710183 1 0.439063 0.699739 1
0 0.590891 0.378995 0.076906 0.269217 0.000000 0.000000 0 0.000000 0.000000 0 0.000000 0.000000 0 0.579688 0.274151 1 0.596875 0.268930 1 0.568750 0.326371 1 0.615625 0.310705 1 0.570312 0.360313 1 0.620313 0.342037 1 0.565625 0.396867 1 0.621875 0.373368 1 0.592187 0.407311 1 0.612500 0.402089 1 0.592187 0.459530 1 0.610938 0.454308 1 0.590625 0.527415 1 0.612500 0.524804 1
0 0.673852 0.381932 0.061016 0.238225 0.682813 0.281984 1 0.682813 0.276762 1 0.678125 0.276762 1 0.000000 0.000000 0 0.671875 0.284595 1 0.689063 0.315927 1 0.662500 0.308094 1 0.696875 0.344648 1 0.646875 0.342037 1 0.692187 0.373368 1 0.654687 0.370757 1 0.682813 0.378590 1 0.662500 0.375979 1 0.679688 0.430809 1 0.657813 0.428198 1 0.679688 0.475196 1 0.654687 0.475196 1
0 0.842781 0.381292 0.058750 0.265091 0.000000 0.000000 0 0.000000 0.000000 0 0.000000 0.000000 0 0.000000 0.000000 0 0.000000 0.000000 0 0.821875 0.287206 1 0.853125 0.284595 1 0.818750 0.323760 1 0.864062 0.318538 1 0.000000 0.000000 0 0.862500 0.347258 1 0.835938 0.360313 1 0.851562 0.355091 1 0.835938 0.396867 1 0.000000 0.000000 0 0.856250 0.449086 1 0.000000 0.000000 0
0 0.782000 0.530339 0.090094 0.453943 0.781250 0.357702 1 0.789062 0.349869 1 0.778125 0.349869 1 0.801562 0.352480 1 0.000000 0.000000 0 0.812500 0.409922 1 0.000000 0.000000 0 0.806250 0.488251 1 0.000000 0.000000 0 0.764062 0.485640 1 0.000000 0.000000 0 0.790625 0.550914 1 0.764062 0.550914 1 0.789062 0.637076 1 0.765625 0.626632 1 0.800000 0.720627 1 0.771875 0.702350 1
0 0.052094 0.374556 0.055594 0.212141 0.046875 0.297650 1 0.048438 0.295039 1 0.043750 0.295039 1 0.054688 0.295039 1 0.000000 0.000000 0 0.062500 0.315927 1 0.037500 0.318538 1 0.070312 0.352480 1 0.037500 0.347258 1 0.073438 0.375979 1 0.034375 0.368146 1 0.059375 0.368146 1 0.045312 0.368146 1 0.056250 0.417755 1 0.048438 0.415144 1 0.059375 0.459530 1 0.054688 0.454308 1
0 0.915687 0.433903 0.082531 0.356057 0.935937 0.310705 1 0.939063 0.302872 1 0.932813 0.302872 1 0.000000 0.000000 0 0.918750 0.297650 1 0.942187 0.321149 1 0.903125 0.321149 1 0.954688 0.368146 1 0.887500 0.375979 1 0.929688 0.370757 1 0.910937 0.386423 1 0.931250 0.422977 1 0.912500 0.422977 1 0.932813 0.485640 1 0.901563 0.493473 1 0.926562 0.563969 1 0.884375 0.558747 1
0 0.105336 0.357272 0.066484 0.203159 0.000000 0.000000 0 0.000000 0.000000 0 0.000000 0.000000 0 0.000000 0.000000 0 0.000000 0.000000 0 0.084375 0.297650 1 0.110937 0.318538 1 0.000000 0.000000 0 0.123438 0.352480 1 0.000000 0.000000 0 0.132812 0.370757 1 0.000000 0.000000 0 0.000000 0.000000 0 0.000000 0.000000 0 0.000000 0.000000 0 0.000000 0.000000 0 0.000000 0.000000 0
0 0.579555 0.542363 0.098484 0.272977 0.559375 0.483029 1 0.562500 0.469974 1 0.556250 0.469974 1 0.573438 0.454308 1 0.000000 0.000000 0 0.592187 0.475196 1 0.551562 0.477807 1 0.596875 0.537859 1 0.550000 0.532637 1 0.589063 0.595300 1 0.546875 0.574413 1 0.584375 0.571802 1 0.559375 0.574413 1 0.601562 0.624021 1 0.550000 0.637076 1 0.000000 0.000000 0 0.000000 0.000000 0
0 0.308500 0.575862 0.087375 0.242167 0.000000 0.000000 0 0.000000 0.000000 0 0.000000 0.000000 0 0.000000 0.000000 0 0.320312 0.530026 1 0.342187 0.506527 1 0.293750 0.509138 1 0.340625 0.571802 1 0.295312 0.584856 1 0.337500 0.631854 1 0.312500 0.637076 1 0.303125 0.496084 1 0.268750 0.496084 1 0.317188 0.574413 1 0.282813 0.574413 1 0.321875 0.660574 1 0.285938 0.657963 1
0 0.395273 0.435627 0.048734 0.139504 0.000000 0.000000 0 0.000000 0.000000 0 0.000000 0.000000 0 0.000000 0.000000 0 0.000000 0.000000 0 0.000000 0.000000 0 0.000000 0.000000 0 0.000000 0.000000 0 0.000000 0.000000 0 0.000000 0.000000 0 0.000000 0.000000 0 0.000000 0.000000 0 0.000000 0.000000 0 0.000000 0.000000 0 0.000000 0.000000 0 0.000000 0.000000 0 0.000000 0.000000 0