0 0.974429 0.900164 0.051143 0.199609 0.000000 0.000000 0 0.000000 0.000000 0 0.000000 0.000000 0 0.000000 0.000000 0 0.000000 0.000000 0 0.984127 0.985938 1 0.980952 0.851562 1 0.000000 0.000000 0 0.965079 0.921875 1 0.000000 0.000000 0 0.000000 0.000000 0 0.000000 0.000000 0 0.000000 0.000000 0 0.000000 0.000000 0 0.000000 0.000000 0 0.000000 0.000000 0 0.000000 0.000000 0
0 0.732690 0.727984 0.045063 0.132594 0.719048 0.693750 1 0.725397 0.690625 1 0.722222 0.689063 1 0.739683 0.692187 1 0.000000 0.000000 0 0.742857 0.717187 1 0.723810 0.707812 1 0.744444 0.754687 1 0.000000 0.000000 0 0.000000 0.000000 0 0.000000 0.000000 0 0.734921 0.778125 1 0.714286 0.765625 1 0.000000 0.000000 0 0.000000 0.000000 0 0.000000 0.000000 0 0.000000 0.000000 0
0 0.421937 0.770164 0.078540 0.225203 0.000000 0.000000 0 0.000000 0.000000 0 0.000000 0.000000 0 0.000000 0.000000 0 0.000000 0.000000 0 0.452381 0.703125 1 0.423810 0.693750 1 0.436508 0.729688 1 0.415873 0.717187 1 0.000000 0.000000 0 0.415873 0.750000 1 0.430159 0.750000 1 0.423810 0.750000 1 0.430159 0.792188 1 0.428571 0.792188 1 0.430159 0.843750 1 0.430159 0.848437 1
0 0.111984 0.633773 0.042159 0.069734 0.000000 0.000000 0 0.000000 0.000000 0 0.000000 0.000000 0 0.000000 0.000000 0 0.000000 0.000000 0 0.000000 0.000000 0 0.000000 0.000000 0 0.000000 0.000000 0 0.000000 0.000000 0 0.000000 0.000000 0 0.000000 0.000000 0 0.000000 0.000000 0 0.000000 0.000000 0 0.000000 0.000000 0 0.000000 0.000000 0 0.000000 0.000000 0 0.000000 0.000000 0
0 0.303556 0.697023 0.049365 0.162641 0.000000 0.000000 0 0.000000 0.000000 0 0.000000 0.000000 0 0.000000 0.000000 0 0.000000 0.000000 0 0.290476 0.654687 1 0.311111 0.648438 1 0.287302 0.678125 1 0.000000 0.000000 0 0.000000 0.000000 0 0.000000 0.000000 0 0.296825 0.707812 1 0.314286 0.706250 1 0.300000 0.748437 1 0.309524 0.746875 1 0.000000 0.000000 0 0.000000 0.000000 0
0 0.729159 0.824055 0.057937 0.137172 0.723810 0.779687 1 0.726984 0.773438 1 0.000000 0.000000 0 0.736508 0.776563 1 0.000000 0.000000 0 0.731746 0.792188 1 0.747619 0.787500 1 0.714286 0.796875 1 0.000000 0.000000 0 0.722222 0.785937 1 0.000000 0.000000 0 0.728571 0.823438 1 0.744444 0.821875 1 0.730159 0.860938 1 0.749206 0.859375 1 0.733333 0.890625 1 0.753968 0.887500 1
0 0.422429 0.555312 0.022921 0.037031 0.000000 0.000000 0 0.000000 0.000000 0 0.000000 0.000000 0 0.000000 0.000000 0 0.000000 0.000000 0 0.000000 0.000000 0 0.000000 0.000000 0 0.000000 0.000000 0 0.000000 0.000000 0 0.000000 0.000000 0 0.000000 0.000000 0 0.000000 0.000000 0 0.000000 0.000000 0 0.000000 0.000000 0 0.000000 0.000000 0 0.000000 0.000000 0 0.000000 0.000000 0
0 0.494230 0.589078 0.037286 0.098062 0.000000 0.000000 0 0.000000 0.000000 0 0.000000 0.000000 0 0.000000 0.000000 0 0.000000 0.000000 0 0.000000 0.000000 0 0.000000 0.000000 0 0.000000 0.000000 0 0.000000 0.000000 0 0.000000 0.000000 0 0.000000 0.000000 0 0.000000 0.000000 0 0.000000 0.000000 0 0.000000 0.000000 0 0.000000 0.000000 0 0.000000 0.000000 0 0.000000 0.000000 0
0 0.139476 0.765133 0.061651 0.205328 0.130159 0.679688 1 0.134921 0.675000 1 0.000000 0.000000 0 0.142857 0.679688 1 0.000000 0.000000 0 0.126984 0.704688 1 0.165079 0.704688 1 0.119048 0.739062 1 0.000000 0.000000 0 0.111111 0.759375 1 0.000000 0.000000 0 0.130159 0.759375 1 0.150794 0.753125 1 0.133333 0.800000 1 0.155556 0.795312 1 0.128571 0.846875 1 0.155556 0.840625 1
0 0.081246 0.752750 0.079317 0.225656 0.112698 0.670312 1 0.000000 0.000000 0 0.111111 0.665625 1 0.000000 0.000000 0 0.098413 0.662500 1 0.058730 0.675000 1 0.092063 0.685937 1 0.046032 0.709375 1 0.093651 0.728125 1 0.053968 0.746875 1 0.068254 0.748437 1 0.065079 0.745313 1 0.084127 0.751563 1 0.063492 0.796875 1 0.080952 0.798438 1 0.065079 0.843750 1 0.084127 0.850000 1
0 0.354587 0.735133 0.052317 0.189672 0.342857 0.659375 1 0.346032 0.654687 1 0.000000 0.000000 0 0.358730 0.657813 1 0.000000 0.000000 0 0.358730 0.685937 1 0.366667 0.671875 1 0.349206 0.715625 1 0.000000 0.000000 0 0.333333 0.737500 1 0.341270 0.695312 1 0.349206 0.748437 1 0.361905 0.745313 1 0.346032 0.784375 1 0.361905 0.782813 1 0.342857 0.821875 1 0.360317 0.823438 1
0 0.276222 0.750234 0.059302 0.166938 0.000000 0.000000 0 0.000000 0.000000 0 0.000000 0.000000 0 0.000000 0.000000 0 0.000000 0.000000 0 0.265079 0.695312 1 0.285714 0.689063 1 0.263492 0.726562 1 0.298413 0.721875 1 0.258730 0.750000 1 0.000000 0.000000 0 0.274603 0.743750 1 0.292063 0.739062 1 0.268254 0.795312 1 0.000000 0.000000 0 0.000000 0.000000 0 0.000000 0.000000 0
0 0.584841 0.779102 0.076159 0.227828 0.000000 0.000000 0 0.000000 0.000000 0 0.000000 0.000000 0 0.576190 0.681250 1 0.595238 0.682813 1 0.574603 0.710938 1 0.609524 0.709375 1 0.574603 0.746875 1 0.612698 0.742188 1 0.553968 0.753125 1 0.000000 0.000000 0 0.577778 0.770312 1 0.601587 0.770312 1 0.574603 0.825000 1 0.590476 0.821875 1 0.574603 0.868750 1 0.587302 0.859375 1