0 0.103422 0.478056 0.051687 0.360937 0.090625 0.330211 1 0.093750 0.323185 1 0.082812 0.323185 1 0.101562 0.325527 1 0.000000 0.000000 0 0.112500 0.370023 1 0.000000 0.000000 0 0.125000 0.421546 1 0.000000 0.000000 0 0.115625 0.428571 1 0.000000 0.000000 0 0.103125 0.470726 1 0.000000 0.000000 0 0.109375 0.562061 1 0.000000 0.000000 0 0.115625 0.639344 1 0.000000 0.000000 0
0 0.300609 0.585386 0.259375 0.487635 0.396875 0.405152 1 0.000000 0.000000 0 0.398438 0.391101 1 0.000000 0.000000 0 0.382812 0.379391 1 0.000000 0.000000 0 0.346875 0.393443 1 0.000000 0.000000 0 0.389062 0.468384 1 0.000000 0.000000 0 0.420312 0.540984 1 0.282813 0.543326 1 0.304688 0.508197 1 0.298438 0.714286 1 0.367188 0.653396 1 0.203125 0.751756 1 0.379688 0.796253 1
0 0.261625 0.463677 0.093969 0.403279 0.253125 0.299766 1 0.256250 0.295082 1 0.246875 0.295082 1 0.000000 0.000000 0 0.234375 0.299766 1 0.267188 0.337237 1 0.229687 0.351288 1 0.295312 0.327869 1 0.228125 0.419204 1 0.262500 0.278689 1 0.239063 0.473068 1 0.276562 0.461358 1 0.245312 0.468384 1 0.285938 0.522248 1 0.250000 0.545667 1 0.289062 0.634660 1 0.256250 0.632319 1
0 0.351055 0.315211 0.038141 0.139461 0.000000 0.000000 0 0.000000 0.000000 0 0.000000 0.000000 0 0.000000 0.000000 0 0.000000 0.000000 0 0.000000 0.000000 0 0.000000 0.000000 0 0.000000 0.000000 0 0.000000 0.000000 0 0.000000 0.000000 0 0.000000 0.000000 0 0.000000 0.000000 0 0.000000 0.000000 0 0.000000 0.000000 0 0.000000 0.000000 0 0.000000 0.000000 0 0.000000 0.000000 0
0 0.472469 0.455995 0.132875 0.414754 0.456250 0.290398 1 0.462500 0.283372 1 0.451562 0.283372 1 0.470313 0.283372 1 0.440625 0.283372 1 0.484375 0.327869 1 0.429688 0.339578 1 0.503125 0.388759 1 0.415625 0.407494 1 0.495312 0.456674 1 0.450000 0.391101 1 0.484375 0.463700 1 0.446875 0.463700 1 0.504687 0.540984 1 0.450000 0.550351 1 0.509375 0.632319 1 0.462500 0.634660 1
0 0.518109 0.446358 0.059938 0.402740 0.517188 0.290398 1 0.521875 0.283372 1 0.512500 0.283372 1 0.000000 0.000000 0 0.503125 0.290398 1 0.529687 0.334895 1 0.487500 0.341920 1 0.000000 0.000000 0 0.000000 0.000000 0 0.000000 0.000000 0 0.000000 0.000000 0 0.537500 0.468384 1 0.501563 0.468384 1 0.543750 0.550351 1 0.515625 0.555035 1 0.551562 0.620609 1 0.520312 0.622951 1
0 0.572461 0.455527 0.088172 0.425340 0.575000 0.285714 1 0.579688 0.278689 1 0.570312 0.278689 1 0.587500 0.283372 1 0.562500 0.281030 1 0.595313 0.323185 1 0.551562 0.323185 1 0.609375 0.388759 1 0.535937 0.398126 1 0.609375 0.428571 1 0.540625 0.463700 1 0.593750 0.456674 1 0.559375 0.459016 1 0.589063 0.543326 1 0.557813 0.548009 1 0.582812 0.632319 1 0.550000 0.629977 1
0 0.683898 0.401347 0.102891 0.361007 0.679688 0.264637 1 0.682813 0.255269 1 0.675000 0.255269 1 0.692187 0.259953 1 0.665625 0.257611 1 0.701562 0.311475 1 0.654687 0.309133 1 0.710938 0.370023 1 0.643750 0.372365 1 0.726562 0.426230 1 0.651563 0.442623 1 0.698438 0.435597 1 0.659375 0.437939 1 0.703125 0.538642 1 0.664062 0.531616 1 0.703125 0.629977 1 0.664062 0.620609 1
0 0.851117 0.434789 0.080047 0.434918 0.831250 0.255269 1 0.835938 0.248244 1 0.826562 0.250585 1 0.846875 0.252927 1 0.817187 0.252927 1 0.857812 0.311475 1 0.807813 0.311475 1 0.871875 0.372365 1 0.000000 0.000000 0 0.871875 0.428571 1 0.000000 0.000000 0 0.853125 0.428571 1 0.818750 0.435597 1 0.848437 0.536300 1 0.815625 0.538642 1 0.839063 0.625293 1 0.818750 0.629977 1
0 0.954906 0.465878 0.088656 0.404824 0.939063 0.297424 1 0.945312 0.292740 1 0.934375 0.292740 1 0.951562 0.297424 1 0.000000 0.000000 0 0.959375 0.344262 1 0.920312 0.344262 1 0.968750 0.405152 1 0.921875 0.405152 1 0.926562 0.402810 1 0.957812 0.393443 1 0.954688 0.454333 1 0.929688 0.451991 1 0.964063 0.557377 1 0.923438 0.559719 1 0.975000 0.648712 1 0.921875 0.648712 1
0 0.798352 0.463934 0.086734 0.463279 0.795312 0.288056 1 0.800000 0.283372 1 0.792188 0.283372 1 0.807813 0.285714 1 0.781250 0.285714 1 0.812500 0.334895 1 0.775000 0.332553 1 0.825000 0.400468 1 0.760938 0.412178 1 0.831250 0.468384 1 0.784375 0.437939 1 0.821875 0.454333 1 0.792188 0.454333 1 0.814063 0.557377 1 0.795312 0.555035 1 0.804688 0.658080 1 0.787500 0.662763 1
0 0.611180 0.311112 0.049422 0.143208 0.000000 0.000000 0 0.000000 0.000000 0 0.000000 0.000000 0 0.000000 0.000000 0 0.000000 0.000000 0 0.000000 0.000000 0 0.000000 0.000000 0 0.000000 0.000000 0 0.000000 0.000000 0 0.000000 0.000000 0 0.000000 0.000000 0 0.000000 0.000000 0 0.000000 0.000000 0 0.000000 0.000000 0 0.000000 0.000000 0 0.000000 0.000000 0 0.000000 0.000000 0
0 0.388211 0.448888 0.081828 0.427283 0.385937 0.278689 1 0.389062 0.269321 1 0.378125 0.269321 1 0.000000 0.000000 0 0.370312 0.276347 1 0.403125 0.316159 1 0.362500 0.327869 1 0.425000 0.309133 1 0.000000 0.000000 0 0.393750 0.271663 1 0.000000 0.000000 0 0.407813 0.449649 1 0.375000 0.451991 1 0.420312 0.519906 1 0.381250 0.538642 1 0.418750 0.625293 1 0.384375 0.632319 1