0 0.069414 0.365129 0.100484 0.164136 0.067187 0.331776 1 0.071875 0.322430 1 0.059375 0.322430 1 0.079687 0.320093 1 0.046875 0.324766 1 0.100000 0.355140 1 0.029687 0.359813 1 0.101562 0.429907 1 0.035937 0.457944 1 0.081250 0.425234 1 0.065625 0.422897 1 0.092188 0.460280 1 0.051562 0.469626 1 0.110937 0.483645 1 0.034375 0.507009 1 0.000000 0.000000 0 0.000000 0.000000 0
0 0.208250 0.402231 0.101625 0.269743 0.201563 0.310748 1 0.206250 0.301402 1 0.192188 0.308411 1 0.210938 0.301402 1 0.181250 0.315421 1 0.226562 0.352804 1 0.167187 0.369159 1 0.248438 0.420561 1 0.171875 0.429907 1 0.237500 0.406542 1 0.217188 0.418224 1 0.239063 0.521028 1 0.198437 0.535047 1 0.000000 0.000000 0 0.000000 0.000000 0 0.000000 0.000000 0 0.000000 0.000000 0
0 0.278773 0.385549 0.091672 0.285397 0.267188 0.275701 1 0.270313 0.268692 1 0.259375 0.271028 1 0.000000 0.000000 0 0.246875 0.280374 1 0.278125 0.317757 1 0.240625 0.331776 1 0.000000 0.000000 0 0.260937 0.392523 1 0.000000 0.000000 0 0.287500 0.429907 1 0.295312 0.467290 1 0.267188 0.476636 1 0.307812 0.560748 1 0.279687 0.565421 1 0.000000 0.000000 0 0.000000 0.000000 0
0 0.319062 0.402477 0.046344 0.264252 0.314063 0.320093 1 0.317188 0.303738 1 0.307812 0.310748 1 0.326562 0.306075 1 0.000000 0.000000 0 0.337500 0.352804 1 0.306250 0.357477 1 0.000000 0.000000 0 0.309375 0.406542 1 0.000000 0.000000 0 0.312500 0.429907 1 0.334375 0.436916 1 0.314063 0.436916 1 0.332813 0.497664 1 0.315625 0.502336 1 0.000000 0.000000 0 0.000000 0.000000 0
0 0.379484 0.484463 0.096812 0.482196 0.356250 0.292056 1 0.364063 0.280374 1 0.348438 0.285047 1 0.373437 0.287383 1 0.345313 0.296729 1 0.396875 0.331776 1 0.334375 0.352804 1 0.406250 0.411215 1 0.346875 0.427570 1 0.376563 0.380841 1 0.364063 0.397196 1 0.404687 0.474299 1 0.365625 0.488318 1 0.409375 0.588785 1 0.378125 0.598131 1 0.418750 0.689252 1 0.390625 0.698598 1
0 0.640945 0.576963 0.130734 0.721355 0.625000 0.301402 1 0.632812 0.287383 1 0.617188 0.287383 1 0.646875 0.282710 1 0.604688 0.289720 1 0.657813 0.355140 1 0.603125 0.352804 1 0.690625 0.467290 1 0.000000 0.000000 0 0.645312 0.532710 1 0.587500 0.523364 1 0.637500 0.525701 1 0.596875 0.530374 1 0.639062 0.724299 1 0.617188 0.703271 1 0.642188 0.841121 1 0.639062 0.813084 1
0 0.746891 0.607862 0.198375 0.761799 0.709375 0.345794 1 0.721875 0.334112 1 0.000000 0.000000 0 0.000000 0.000000 0 0.000000 0.000000 0 0.818750 0.443925 1 0.721875 0.441589 1 0.828125 0.619159 1 0.000000 0.000000 0 0.748437 0.549065 1 0.670312 0.551402 1 0.762500 0.750000 1 0.693750 0.731308 1 0.759375 0.969626 1 0.665625 0.915888 1 0.000000 0.000000 0 0.000000 0.000000 0
0 0.919281 0.679778 0.161438 0.555070 0.950000 0.474299 1 0.959375 0.467290 1 0.000000 0.000000 0 0.000000 0.000000 0 0.000000 0.000000 0 0.000000 0.000000 0 0.950000 0.542056 1 0.000000 0.000000 0 0.912500 0.602804 1 0.978125 0.642523 1 0.923438 0.537383 1 0.000000 0.000000 0 0.935937 0.710280 1 0.000000 0.000000 0 0.914062 0.787383 1 0.000000 0.000000 0 0.868750 0.873832 1
0 0.464391 0.279871 0.064719 0.150070 0.000000 0.000000 0 0.000000 0.000000 0 0.000000 0.000000 0 0.000000 0.000000 0 0.000000 0.000000 0 0.000000 0.000000 0 0.000000 0.000000 0 0.000000 0.000000 0 0.000000 0.000000 0 0.000000 0.000000 0 0.000000 0.000000 0 0.000000 0.000000 0 0.000000 0.000000 0 0.000000 0.000000 0 0.000000 0.000000 0 0.000000 0.000000 0 0.000000 0.000000 0
0 0.706766 0.273960 0.045531 0.118107 0.000000 0.000000 0 0.000000 0.000000 0 0.000000 0.000000 0 0.000000 0.000000 0 0.000000 0.000000 0 0.000000 0.000000 0 0.000000 0.000000 0 0.000000 0.000000 0 0.000000 0.000000 0 0.000000 0.000000 0 0.000000 0.000000 0 0.000000 0.000000 0 0.000000 0.000000 0 0.000000 0.000000 0 0.000000 0.000000 0 0.000000 0.000000 0 0.000000 0.000000 0
0 0.499703 0.565386 0.162594 0.695117 0.479687 0.289720 1 0.490625 0.275701 1 0.476562 0.278037 1 0.515625 0.282710 1 0.000000 0.000000 0 0.548438 0.362150 1 0.459375 0.364486 1 0.568750 0.464953 1 0.428125 0.446262 1 0.548438 0.411215 1 0.453125 0.436916 1 0.543750 0.577103 1 0.481250 0.584112 1 0.529687 0.707944 1 0.492188 0.712617 1 0.532813 0.820093 1 0.500000 0.838785 1
0 0.902961 0.657850 0.194078 0.684299 0.000000 0.000000 0 0.000000 0.000000 0 0.000000 0.000000 0 0.000000 0.000000 0 0.000000 0.000000 0 0.000000 0.000000 0 0.000000 0.000000 0 0.935937 0.925234 1 0.962500 0.649533 1 0.875000 0.773364 1 0.918750 0.707944 1 0.000000 0.000000 0 0.000000 0.000000 0 0.000000 0.000000 0 0.000000 0.000000 0 0.000000 0.000000 0 0.000000 0.000000 0
0 0.758531 0.308411 0.166031 0.280093 0.745313 0.254673 1 0.754687 0.242991 1 0.740625 0.242991 1 0.787500 0.240654 1 0.000000 0.000000 0 0.817187 0.336449 1 0.748437 0.324766 1 0.814063 0.474299 1 0.717187 0.446262 1 0.000000 0.000000 0 0.704688 0.392523 1 0.000000 0.000000 0 0.000000 0.000000 0 0.000000 0.000000 0 0.000000 0.000000 0 0.000000 0.000000 0 0.000000 0.000000 0