0 0.130430 0.449410 0.123078 0.216463 0.134375 0.395197 1 0.000000 0.000000 0 0.128125 0.388646 1 0.000000 0.000000 0 0.106250 0.388646 1 0.139063 0.432314 1 0.092188 0.423581 1 0.000000 0.000000 0 0.090625 0.482533 1 0.000000 0.000000 0 0.000000 0.000000 0 0.145313 0.493450 1 0.121875 0.486900 1 0.181250 0.423581 1 0.092188 0.436681 1 0.159375 0.524017 1 0.145313 0.526201 1
0 0.815617 0.604192 0.036016 0.140044 0.000000 0.000000 0 0.000000 0.000000 0 0.000000 0.000000 0 0.000000 0.000000 0 0.000000 0.000000 0 0.000000 0.000000 0 0.000000 0.000000 0 0.000000 0.000000 0 0.000000 0.000000 0 0.000000 0.000000 0 0.000000 0.000000 0 0.000000 0.000000 0 0.000000 0.000000 0 0.000000 0.000000 0 0.000000 0.000000 0 0.000000 0.000000 0 0.000000 0.000000 0
0 0.364141 0.348090 0.077094 0.431594 0.384375 0.189956 1 0.390625 0.181223 1 0.379688 0.176856 1 0.000000 0.000000 0 0.365625 0.172489 1 0.382812 0.220524 1 0.346875 0.216157 1 0.000000 0.000000 0 0.337500 0.283843 1 0.000000 0.000000 0 0.351562 0.344978 1 0.371875 0.362445 1 0.345313 0.366812 1 0.375000 0.447598 1 0.350000 0.458515 1 0.376563 0.526201 1 0.351562 0.541485 1
0 0.495781 0.318777 0.264188 0.548559 0.554688 0.266376 1 0.564063 0.262009 1 0.551562 0.251092 1 0.000000 0.000000 0 0.000000 0.000000 0 0.565625 0.281659 1 0.518750 0.216157 1 0.584375 0.347162 1 0.498437 0.157205 1 0.612500 0.393013 1 0.498437 0.098253 1 0.479687 0.364629 1 0.448437 0.338428 1 0.473438 0.443231 1 0.421875 0.434498 1 0.412500 0.495633 1 0.382812 0.528384 1
0 0.521312 0.465731 0.116188 0.216965 0.515625 0.395197 1 0.520312 0.386463 1 0.509375 0.386463 1 0.526563 0.388646 1 0.498437 0.386463 1 0.532813 0.421397 1 0.489063 0.417031 1 0.568750 0.449782 1 0.503125 0.447598 1 0.562500 0.484716 1 0.537500 0.480349 1 0.520312 0.532751 1 0.482812 0.530568 1 0.556250 0.467249 1 0.504687 0.456332 1 0.543750 0.550218 1 0.504687 0.550218 1
0 0.231570 0.383144 0.102922 0.370786 0.250000 0.242358 1 0.250000 0.237991 1 0.242188 0.235808 1 0.000000 0.000000 0 0.221875 0.242358 1 0.251563 0.292576 1 0.207813 0.288210 1 0.000000 0.000000 0 0.193750 0.351528 1 0.000000 0.000000 0 0.192188 0.401747 1 0.248438 0.393013 1 0.218750 0.390830 1 0.256250 0.478166 1 0.217188 0.471616 1 0.270313 0.539301 1 0.212500 0.530568 1
0 0.895336 0.665240 0.093047 0.246812 0.898438 0.567686 1 0.903125 0.563319 1 0.895312 0.563319 1 0.912500 0.569869 1 0.000000 0.000000 0 0.923438 0.598253 1 0.890625 0.602620 1 0.910937 0.648472 1 0.000000 0.000000 0 0.890625 0.661572 1 0.000000 0.000000 0 0.925000 0.650655 1 0.895312 0.652838 1 0.900000 0.681223 1 0.864062 0.681223 1 0.896875 0.762009 1 0.864062 0.753275 1
0 0.873992 0.568668 0.045703 0.067686 0.000000 0.000000 0 0.000000 0.000000 0 0.000000 0.000000 0 0.000000 0.000000 0 0.000000 0.000000 0 0.000000 0.000000 0 0.000000 0.000000 0 0.000000 0.000000 0 0.000000 0.000000 0 0.000000 0.000000 0 0.000000 0.000000 0 0.000000 0.000000 0 0.000000 0.000000 0 0.000000 0.000000 0 0.000000 0.000000 0 0.000000 0.000000 0 0.000000 0.000000 0
0 0.627578 0.481299 0.184000 0.212205 0.596875 0.406114 1 0.603125 0.399563 1 0.590625 0.397380 1 0.609375 0.408297 1 0.584375 0.403930 1 0.607812 0.434498 1 0.576562 0.427948 1 0.646875 0.454148 1 0.618750 0.447598 1 0.656250 0.467249 1 0.617188 0.434498 1 0.615625 0.537118 1 0.592187 0.537118 1 0.657813 0.480349 1 0.621875 0.467249 1 0.682813 0.567686 1 0.631250 0.563319 1
0 0.961188 0.592860 0.024469 0.053974 0.000000 0.000000 0 0.000000 0.000000 0 0.000000 0.000000 0 0.000000 0.000000 0 0.000000 0.000000 0 0.000000 0.000000 0 0.000000 0.000000 0 0.000000 0.000000 0 0.000000 0.000000 0 0.000000 0.000000 0 0.000000 0.000000 0 0.000000 0.000000 0 0.000000 0.000000 0 0.000000 0.000000 0 0.000000 0.000000 0 0.000000 0.000000 0 0.000000 0.000000 0
0 0.947297 0.608832 0.057375 0.133865 0.000000 0.000000 0 0.000000 0.000000 0 0.000000 0.000000 0 0.000000 0.000000 0 0.000000 0.000000 0 0.000000 0.000000 0 0.000000 0.000000 0 0.000000 0.000000 0 0.000000 0.000000 0 0.000000 0.000000 0 0.000000 0.000000 0 0.000000 0.000000 0 0.000000 0.000000 0 0.000000 0.000000 0 0.000000 0.000000 0 0.000000 0.000000 0 0.000000 0.000000 0
0 0.044773 0.297980 0.046641 0.511332 0.032813 0.096070 1 0.000000 0.000000 0 0.028125 0.080786 1 0.000000 0.000000 0 0.000000 0.000000 0 0.031250 0.168122 1 0.000000 0.000000 0 0.045312 0.213974 1 0.000000 0.000000 0 0.053125 0.246725 1 0.000000 0.000000 0 0.031250 0.270742 1 0.000000 0.000000 0 0.040625 0.408297 1 0.000000 0.000000 0 0.000000 0.000000 0 0.000000 0.000000 0