0 0.043680 0.508998 0.087359 0.244942 0.000000 0.000000 0 0.000000 0.000000 0 0.000000 0.000000 0 0.000000 0.000000 0 0.051562 0.459207 1 0.000000 0.000000 0 0.071875 0.547786 1 0.000000 0.000000 0 0.090625 0.657343 1 0.000000 0.000000 0 0.000000 0.000000 0 0.000000 0.000000 0 0.000000 0.000000 0 0.000000 0.000000 0 0.000000 0.000000 0 0.000000 0.000000 0 0.000000 0.000000 0
0 0.147617 0.719103 0.295234 0.539324 0.167187 0.594406 1 0.000000 0.000000 0 0.000000 0.000000 0 0.000000 0.000000 0 0.159375 0.536131 1 0.025000 0.622378 1 0.128125 0.652681 1 0.000000 0.000000 0 0.170313 0.846154 1 0.000000 0.000000 0 0.259375 0.958042 1 0.009375 0.934732 1 0.075000 0.960373 1 0.000000 0.000000 0 0.000000 0.000000 0 0.000000 0.000000 0 0.000000 0.000000 0
0 0.484625 0.544452 0.050875 0.072634 0.000000 0.000000 0 0.000000 0.000000 0 0.000000 0.000000 0 0.000000 0.000000 0 0.000000 0.000000 0 0.000000 0.000000 0 0.000000 0.000000 0 0.000000 0.000000 0 0.000000 0.000000 0 0.000000 0.000000 0 0.000000 0.000000 0 0.000000 0.000000 0 0.000000 0.000000 0 0.000000 0.000000 0 0.000000 0.000000 0 0.000000 0.000000 0 0.000000 0.000000 0
0 0.835023 0.735268 0.101359 0.370163 0.856250 0.585082 1 0.859375 0.580420 1 0.851562 0.580420 1 0.000000 0.000000 0 0.840625 0.585082 1 0.870313 0.629371 1 0.820312 0.631702 1 0.875000 0.671329 1 0.806250 0.678322 1 0.875000 0.708625 1 0.798438 0.717949 1 0.862500 0.731935 1 0.834375 0.729604 1 0.873437 0.811189 1 0.828125 0.815851 1 0.857812 0.871795 1 0.823438 0.881119 1
0 0.634211 0.598135 0.030672 0.182424 0.000000 0.000000 0 0.000000 0.000000 0 0.000000 0.000000 0 0.000000 0.000000 0 0.000000 0.000000 0 0.000000 0.000000 0 0.000000 0.000000 0 0.000000 0.000000 0 0.000000 0.000000 0 0.000000 0.000000 0 0.000000 0.000000 0 0.000000 0.000000 0 0.000000 0.000000 0 0.000000 0.000000 0 0.000000 0.000000 0 0.000000 0.000000 0 0.000000 0.000000 0
0 0.742297 0.555117 0.027313 0.054429 0.000000 0.000000 0 0.000000 0.000000 0 0.000000 0.000000 0 0.000000 0.000000 0 0.000000 0.000000 0 0.000000 0.000000 0 0.000000 0.000000 0 0.000000 0.000000 0 0.000000 0.000000 0 0.000000 0.000000 0 0.000000 0.000000 0 0.000000 0.000000 0 0.000000 0.000000 0 0.000000 0.000000 0 0.000000 0.000000 0 0.000000 0.000000 0 0.000000 0.000000 0
0 0.294109 0.610641 0.040188 0.233497 0.000000 0.000000 0 0.000000 0.000000 0 0.000000 0.000000 0 0.000000 0.000000 0 0.301563 0.519814 1 0.290625 0.538462 1 0.295312 0.545455 1 0.000000 0.000000 0 0.292187 0.582751 1 0.000000 0.000000 0 0.296875 0.608392 1 0.289062 0.622378 1 0.292187 0.620047 1 0.287500 0.671329 1 0.290625 0.671329 1 0.287500 0.710956 1 0.290625 0.710956 1
0 0.249695 0.632005 0.031484 0.222051 0.240625 0.545455 1 0.243750 0.538462 1 0.237500 0.540793 1 0.248438 0.545455 1 0.000000 0.000000 0 0.254688 0.566434 1 0.228125 0.566434 1 0.257812 0.599068 1 0.000000 0.000000 0 0.260937 0.620047 1 0.000000 0.000000 0 0.251563 0.631702 1 0.237500 0.631702 1 0.257812 0.682984 1 0.239063 0.680653 1 0.257812 0.727273 1 0.237500 0.731935 1
0 0.226023 0.646748 0.044578 0.268974 0.239063 0.538462 1 0.000000 0.000000 0 0.235937 0.531469 1 0.000000 0.000000 0 0.226562 0.533800 1 0.228125 0.564103 1 0.220312 0.566434 1 0.231250 0.608392 1 0.215625 0.606061 1 0.235937 0.615385 1 0.225000 0.634033 1 0.000000 0.000000 0 0.218750 0.638695 1 0.000000 0.000000 0 0.220312 0.699301 1 0.000000 0.000000 0 0.217188 0.752914 1
0 0.579867 0.694930 0.052891 0.260676 0.581250 0.594406 1 0.582812 0.585082 1 0.576562 0.587413 1 0.000000 0.000000 0 0.000000 0.000000 0 0.598437 0.617716 1 0.562500 0.620047 1 0.603125 0.671329 1 0.553125 0.662005 1 0.598437 0.659674 1 0.557813 0.655012 1 0.587500 0.699301 1 0.571875 0.699301 1 0.585938 0.759907 1 0.568750 0.752914 1 0.582812 0.799534 1 0.571875 0.792541 1
0 0.278570 0.854953 0.124703 0.290093 0.240625 0.797203 1 0.248438 0.783217 1 0.000000 0.000000 0 0.278125 0.804196 1 0.000000 0.000000 0 0.289062 0.904429 1 0.306250 0.862471 1 0.000000 0.000000 0 0.000000 0.000000 0 0.000000 0.000000 0 0.000000 0.000000 0 0.000000 0.000000 0 0.000000 0.000000 0 0.000000 0.000000 0 0.000000 0.000000 0 0.000000 0.000000 0 0.000000 0.000000 0