0 0.253648 0.544937 0.133141 0.564042 0.296875 0.329167 1 0.000000 0.000000 0 0.289062 0.316667 1 0.000000 0.000000 0 0.264062 0.302083 1 0.246875 0.335417 1 0.242188 0.362500 1 0.271875 0.414583 1 0.209375 0.456250 1 0.287500 0.454167 1 0.203125 0.564583 1 0.218750 0.529167 1 0.234375 0.533333 1 0.234375 0.650000 1 0.287500 0.635417 1 0.217188 0.770833 1 0.275000 0.783333 1
0 0.300602 0.432563 0.041078 0.168250 0.307812 0.360417 1 0.307812 0.356250 1 0.303125 0.354167 1 0.000000 0.000000 0 0.298438 0.358333 1 0.310937 0.381250 1 0.287500 0.379167 1 0.315625 0.406250 1 0.284375 0.404167 1 0.314063 0.425000 1 0.289062 0.422917 1 0.306250 0.429167 1 0.290625 0.429167 1 0.307812 0.464583 1 0.292187 0.464583 1 0.306250 0.506250 1 0.290625 0.504167 1
0 0.387688 0.385094 0.055750 0.114438 0.398438 0.354167 1 0.400000 0.350000 1 0.393750 0.350000 1 0.000000 0.000000 0 0.385937 0.347917 1 0.406250 0.364583 1 0.368750 0.366667 1 0.406250 0.400000 1 0.364063 0.400000 1 0.000000 0.000000 0 0.000000 0.000000 0 0.396875 0.425000 1 0.379688 0.425000 1 0.000000 0.000000 0 0.000000 0.000000 0 0.000000 0.000000 0 0.000000 0.000000 0
0 0.449508 0.371417 0.060859 0.137792 0.450000 0.325000 1 0.451562 0.320833 1 0.445312 0.320833 1 0.000000 0.000000 0 0.435937 0.320833 1 0.448437 0.350000 1 0.435937 0.350000 1 0.000000 0.000000 0 0.443750 0.393750 1 0.000000 0.000000 0 0.467187 0.406250 1 0.454688 0.425000 1 0.443750 0.429167 1 0.000000 0.000000 0 0.000000 0.000000 0 0.000000 0.000000 0 0.000000 0.000000 0
0 0.503555 0.395875 0.038547 0.080708 0.000000 0.000000 0 0.000000 0.000000 0 0.000000 0.000000 0 0.000000 0.000000 0 0.000000 0.000000 0 0.000000 0.000000 0 0.000000 0.000000 0 0.000000 0.000000 0 0.000000 0.000000 0 0.000000 0.000000 0 0.000000 0.000000 0 0.000000 0.000000 0 0.000000 0.000000 0 0.000000 0.000000 0 0.000000 0.000000 0 0.000000 0.000000 0 0.000000 0.000000 0
0 0.532969 0.398292 0.036031 0.115958 0.000000 0.000000 0 0.000000 0.000000 0 0.000000 0.000000 0 0.000000 0.000000 0 0.000000 0.000000 0 0.000000 0.000000 0 0.000000 0.000000 0 0.000000 0.000000 0 0.000000 0.000000 0 0.000000 0.000000 0 0.000000 0.000000 0 0.000000 0.000000 0 0.000000 0.000000 0 0.000000 0.000000 0 0.000000 0.000000 0 0.000000 0.000000 0 0.000000 0.000000 0
0 0.613672 0.455042 0.062031 0.277875 0.000000 0.000000 0 0.610938 0.345833 1 0.604688 0.345833 1 0.623437 0.345833 1 0.000000 0.000000 0 0.628125 0.377083 1 0.618750 0.370833 1 0.625000 0.420833 1 0.000000 0.000000 0 0.606250 0.433333 1 0.000000 0.000000 0 0.625000 0.462500 1 0.614062 0.456250 1 0.628125 0.529167 1 0.606250 0.522917 1 0.628125 0.570833 1 0.606250 0.564583 1
0 0.653773 0.435937 0.056484 0.256208 0.000000 0.000000 0 0.000000 0.000000 0 0.000000 0.000000 0 0.640625 0.327083 1 0.659375 0.331250 1 0.628125 0.356250 1 0.664062 0.358333 1 0.000000 0.000000 0 0.670312 0.408333 1 0.000000 0.000000 0 0.668750 0.439583 1 0.631250 0.435417 1 0.656250 0.439583 1 0.000000 0.000000 0 0.650000 0.497917 1 0.000000 0.000000 0 0.645312 0.543750 1
0 0.725305 0.440833 0.073953 0.281375 0.000000 0.000000 0 0.000000 0.000000 0 0.000000 0.000000 0 0.718750 0.329167 1 0.737500 0.327083 1 0.704688 0.358333 1 0.746875 0.358333 1 0.701562 0.395833 1 0.750000 0.395833 1 0.714063 0.410417 1 0.753125 0.425000 1 0.715625 0.422917 1 0.737500 0.422917 1 0.715625 0.491667 1 0.739062 0.493750 1 0.707812 0.552083 1 0.740625 0.550000 1
0 0.813117 0.437260 0.056797 0.101688 0.000000 0.000000 0 0.000000 0.000000 0 0.000000 0.000000 0 0.000000 0.000000 0 0.000000 0.000000 0 0.000000 0.000000 0 0.000000 0.000000 0 0.000000 0.000000 0 0.000000 0.000000 0 0.000000 0.000000 0 0.000000 0.000000 0 0.000000 0.000000 0 0.000000 0.000000 0 0.000000 0.000000 0 0.000000 0.000000 0 0.000000 0.000000 0 0.000000 0.000000 0
0 0.822539 0.385573 0.036078 0.082188 0.000000 0.000000 0 0.000000 0.000000 0 0.000000 0.000000 0 0.000000 0.000000 0 0.000000 0.000000 0 0.000000 0.000000 0 0.000000 0.000000 0 0.000000 0.000000 0 0.000000 0.000000 0 0.000000 0.000000 0 0.000000 0.000000 0 0.000000 0.000000 0 0.000000 0.000000 0 0.000000 0.000000 0 0.000000 0.000000 0 0.000000 0.000000 0 0.000000 0.000000 0
0 0.789992 0.457198 0.044922 0.084688 0.000000 0.000000 0 0.000000 0.000000 0 0.000000 0.000000 0 0.000000 0.000000 0 0.000000 0.000000 0 0.000000 0.000000 0 0.000000 0.000000 0 0.000000 0.000000 0 0.000000 0.000000 0 0.000000 0.000000 0 0.000000 0.000000 0 0.000000 0.000000 0 0.000000 0.000000 0 0.000000 0.000000 0 0.000000 0.000000 0 0.000000 0.000000 0 0.000000 0.000000 0
0 0.166961 0.421677 0.072078 0.132271 0.168750 0.375000 1 0.170313 0.370833 1 0.000000 0.000000 0 0.182812 0.372917 1 0.000000 0.000000 0 0.189062 0.391667 1 0.173437 0.393750 1 0.192188 0.416667 1 0.162500 0.416667 1 0.189062 0.452083 1 0.143750 0.425000 1 0.184375 0.458333 1 0.168750 0.456250 1 0.000000 0.000000 0 0.000000 0.000000 0 0.000000 0.000000 0 0.000000 0.000000 0