0 0.709211 0.370082 0.138266 0.312857 0.700000 0.283372 1 0.704688 0.271663 1 0.690625 0.274005 1 0.000000 0.000000 0 0.675000 0.276347 1 0.742188 0.337237 1 0.656250 0.351288 1 0.768750 0.440281 1 0.632812 0.428571 1 0.775000 0.536300 1 0.625000 0.519906 1 0.728125 0.531616 1 0.664062 0.533958 1 0.000000 0.000000 0 0.000000 0.000000 0 0.000000 0.000000 0 0.000000 0.000000 0
0 0.829969 0.484684 0.132844 0.343560 0.831250 0.372365 1 0.835938 0.365340 1 0.825000 0.365340 1 0.843750 0.365340 1 0.809375 0.367681 1 0.864062 0.421546 1 0.801562 0.421546 1 0.878125 0.515222 1 0.000000 0.000000 0 0.878125 0.604215 1 0.000000 0.000000 0 0.859375 0.555035 1 0.807813 0.548009 1 0.000000 0.000000 0 0.000000 0.000000 0 0.000000 0.000000 0 0.000000 0.000000 0
0 0.915953 0.705492 0.067250 0.325831 0.901563 0.601874 1 0.906250 0.594848 1 0.895312 0.594848 1 0.915625 0.597190 1 0.885938 0.597190 1 0.917188 0.632319 1 0.884375 0.629977 1 0.939063 0.667447 1 0.000000 0.000000 0 0.931250 0.672131 1 0.000000 0.000000 0 0.915625 0.723653 1 0.885938 0.718970 1 0.918750 0.779859 1 0.000000 0.000000 0 0.921875 0.833724 1 0.000000 0.000000 0
0 0.096250 0.613126 0.043531 0.204614 0.000000 0.000000 0 0.000000 0.000000 0 0.000000 0.000000 0 0.000000 0.000000 0 0.100000 0.526932 1 0.081250 0.545667 1 0.098437 0.545667 1 0.000000 0.000000 0 0.101562 0.585480 1 0.000000 0.000000 0 0.107813 0.604215 1 0.079687 0.597190 1 0.092188 0.599532 1 0.089063 0.655738 1 0.110937 0.644028 1 0.085938 0.700234 1 0.103125 0.693208 1
0 0.691219 0.154590 0.018344 0.036534 0.000000 0.000000 0 0.000000 0.000000 0 0.000000 0.000000 0 0.000000 0.000000 0 0.000000 0.000000 0 0.000000 0.000000 0 0.000000 0.000000 0 0.000000 0.000000 0 0.000000 0.000000 0 0.000000 0.000000 0 0.000000 0.000000 0 0.000000 0.000000 0 0.000000 0.000000 0 0.000000 0.000000 0 0.000000 0.000000 0 0.000000 0.000000 0 0.000000 0.000000 0
0 0.800922 0.158232 0.020906 0.079133 0.000000 0.000000 0 0.000000 0.000000 0 0.000000 0.000000 0 0.000000 0.000000 0 0.000000 0.000000 0 0.000000 0.000000 0 0.000000 0.000000 0 0.000000 0.000000 0 0.000000 0.000000 0 0.000000 0.000000 0 0.000000 0.000000 0 0.000000 0.000000 0 0.000000 0.000000 0 0.000000 0.000000 0 0.000000 0.000000 0 0.000000 0.000000 0 0.000000 0.000000 0
0 0.941023 0.280574 0.019203 0.031593 0.000000 0.000000 0 0.000000 0.000000 0 0.000000 0.000000 0 0.000000 0.000000 0 0.000000 0.000000 0 0.000000 0.000000 0 0.000000 0.000000 0 0.000000 0.000000 0 0.000000 0.000000 0 0.000000 0.000000 0 0.000000 0.000000 0 0.000000 0.000000 0 0.000000 0.000000 0 0.000000 0.000000 0 0.000000 0.000000 0 0.000000 0.000000 0 0.000000 0.000000 0
0 0.033008 0.617881 0.064797 0.196745 0.000000 0.000000 0 0.000000 0.000000 0 0.000000 0.000000 0 0.000000 0.000000 0 0.020313 0.536300 1 0.009375 0.555035 1 0.021875 0.555035 1 0.000000 0.000000 0 0.020313 0.583138 1 0.000000 0.000000 0 0.017188 0.615925 1 0.004687 0.608899 1 0.021875 0.611241 1 0.007812 0.662763 1 0.032813 0.660422 1 0.000000 0.700234 1 0.045312 0.693208 1
0 0.458617 0.505351 0.028516 0.060445 0.000000 0.000000 0 0.000000 0.000000 0 0.000000 0.000000 0 0.000000 0.000000 0 0.000000 0.000000 0 0.000000 0.000000 0 0.000000 0.000000 0 0.000000 0.000000 0 0.000000 0.000000 0 0.000000 0.000000 0 0.000000 0.000000 0 0.000000 0.000000 0 0.000000 0.000000 0 0.000000 0.000000 0 0.000000 0.000000 0 0.000000 0.000000 0 0.000000 0.000000 0
0 0.353453 0.182084 0.009781 0.020562 0.000000 0.000000 0 0.000000 0.000000 0 0.000000 0.000000 0 0.000000 0.000000 0 0.000000 0.000000 0 0.000000 0.000000 0 0.000000 0.000000 0 0.000000 0.000000 0 0.000000 0.000000 0 0.000000 0.000000 0 0.000000 0.000000 0 0.000000 0.000000 0 0.000000 0.000000 0 0.000000 0.000000 0 0.000000 0.000000 0 0.000000 0.000000 0 0.000000 0.000000 0
0 0.221414 0.576007 0.266922 0.607283 0.331250 0.332553 1 0.340625 0.323185 1 0.326562 0.318501 1 0.000000 0.000000 0 0.306250 0.318501 1 0.343750 0.421546 1 0.271875 0.362998 1 0.329688 0.524590 1 0.287500 0.351288 1 0.323437 0.597190 1 0.304688 0.337237 1 0.278125 0.597190 1 0.225000 0.569087 1 0.292187 0.695550 1 0.178125 0.655738 1 0.282813 0.843091 1 0.114062 0.751756 1
0 0.648508 0.263080 0.025266 0.035527 0.000000 0.000000 0 0.000000 0.000000 0 0.000000 0.000000 0 0.000000 0.000000 0 0.000000 0.000000 0 0.000000 0.000000 0 0.000000 0.000000 0 0.000000 0.000000 0 0.000000 0.000000 0 0.000000 0.000000 0 0.000000 0.000000 0 0.000000 0.000000 0 0.000000 0.000000 0 0.000000 0.000000 0 0.000000 0.000000 0 0.000000 0.000000 0 0.000000 0.000000 0
0 0.766352 0.659871 0.291422 0.633888 0.000000 0.000000 0 0.000000 0.000000 0 0.000000 0.000000 0 0.767188 0.456674 1 0.000000 0.000000 0 0.735938 0.515222 1 0.845313 0.529274 1 0.634375 0.543326 1 0.876563 0.700234 1 0.642188 0.451991 1 0.000000 0.000000 0 0.735938 0.784543 1 0.828125 0.782201 1 0.675000 0.779859 1 0.895312 0.754098 1 0.723437 0.885246 1 0.856250 0.885246 1