0 0.597070 0.363550 0.231820 0.469517 0.530000 0.262840 1 0.534000 0.250755 1 0.526000 0.250755 1 0.560000 0.247734 1 0.000000 0.000000 0 0.556000 0.293051 1 0.598000 0.265861 1 0.608000 0.323263 1 0.644000 0.226586 1 0.592000 0.395770 1 0.684000 0.181269 1 0.578000 0.447130 1 0.598000 0.480363 1 0.494000 0.495468 1 0.512000 0.525680 1 0.528000 0.525680 1 0.550000 0.540785 1
0 0.083300 0.814607 0.101160 0.348308 0.120000 0.685801 1 0.120000 0.679758 1 0.112000 0.679758 1 0.000000 0.000000 0 0.090000 0.694864 1 0.112000 0.755287 1 0.082000 0.746224 1 0.100000 0.818731 1 0.044000 0.827795 1 0.108000 0.885196 1 0.076000 0.885196 1 0.098000 0.906344 1 0.072000 0.903323 1 0.000000 0.000000 0 0.000000 0.000000 0 0.000000 0.000000 0 0.000000 0.000000 0
0 0.173020 0.802870 0.064040 0.268580 0.192000 0.706949 1 0.196000 0.694864 1 0.186000 0.697885 1 0.000000 0.000000 0 0.166000 0.712991 1 0.212000 0.785498 1 0.150000 0.785498 1 0.000000 0.000000 0 0.144000 0.864048 1 0.000000 0.000000 0 0.162000 0.918429 1 0.206000 0.924471 1 0.180000 0.924471 1 0.000000 0.000000 0 0.000000 0.000000 0 0.000000 0.000000 0 0.000000 0.000000 0
0 0.780830 0.894502 0.079100 0.206405 0.792000 0.839879 1 0.798000 0.833837 1 0.788000 0.830816 1 0.000000 0.000000 0 0.000000 0.000000 0 0.806000 0.885196 1 0.768000 0.873112 1 0.810000 0.927492 1 0.750000 0.930514 1 0.000000 0.000000 0 0.750000 0.990937 1 0.800000 0.993958 1 0.784000 0.993958 1 0.000000 0.000000 0 0.000000 0.000000 0 0.000000 0.000000 0 0.000000 0.000000 0
0 0.903590 0.884426 0.085980 0.231148 0.916000 0.812689 1 0.922000 0.803625 1 0.914000 0.800604 1 0.930000 0.812689 1 0.904000 0.800604 1 0.932000 0.854985 1 0.886000 0.851964 1 0.938000 0.906344 1 0.872000 0.906344 1 0.902000 0.900302 1 0.908000 0.918429 1 0.924000 0.975831 1 0.894000 0.975831 1 0.000000 0.000000 0 0.000000 0.000000 0 0.000000 0.000000 0 0.000000 0.000000 0
0 0.199360 0.871314 0.077720 0.255317 0.216000 0.785498 1 0.000000 0.000000 0 0.208000 0.779456 1 0.000000 0.000000 0 0.188000 0.788520 1 0.220000 0.848943 1 0.184000 0.845921 1 0.230000 0.921450 1 0.170000 0.915408 1 0.226000 0.966767 1 0.200000 0.975831 1 0.000000 0.000000 0 0.180000 0.987915 1 0.000000 0.000000 0 0.000000 0.000000 0 0.000000 0.000000 0 0.000000 0.000000 0
0 0.983760 0.972704 0.032480 0.054592 0.000000 0.000000 0 0.000000 0.000000 0 0.000000 0.000000 0 0.000000 0.000000 0 0.000000 0.000000 0 0.000000 0.000000 0 0.000000 0.000000 0 0.000000 0.000000 0 0.000000 0.000000 0 0.000000 0.000000 0 0.000000 0.000000 0 0.000000 0.000000 0 0.000000 0.000000 0 0.000000 0.000000 0 0.000000 0.000000 0 0.000000 0.000000 0 0.000000 0.000000 0
0 0.032520 0.826042 0.065040 0.347915 0.050000 0.706949 1 0.000000 0.000000 0 0.044000 0.694864 1 0.000000 0.000000 0 0.024000 0.694864 1 0.048000 0.779456 1 0.010000 0.752266 1 0.000000 0.000000 0 0.016000 0.845921 1 0.000000 0.000000 0 0.054000 0.854985 1 0.036000 0.939577 1 0.006000 0.930514 1 0.000000 0.000000 0 0.000000 0.000000 0 0.000000 0.000000 0 0.000000 0.000000 0
0 0.360750 0.859547 0.087780 0.244955 0.370000 0.770393 1 0.372000 0.761329 1 0.364000 0.761329 1 0.378000 0.770393 1 0.352000 0.773414 1 0.386000 0.830816 1 0.336000 0.836858 1 0.390000 0.912387 1 0.328000 0.918429 1 0.390000 0.894260 1 0.358000 0.897281 1 0.380000 0.978852 1 0.348000 0.975831 1 0.000000 0.000000 0 0.000000 0.000000 0 0.000000 0.000000 0 0.000000 0.000000 0
0 0.561480 0.859804 0.082720 0.280393 0.558000 0.761329 1 0.564000 0.752266 1 0.552000 0.755287 1 0.570000 0.761329 1 0.542000 0.764350 1 0.582000 0.815710 1 0.530000 0.836858 1 0.588000 0.897281 1 0.534000 0.912387 1 0.608000 0.948640 1 0.556000 0.975831 1 0.578000 0.969789 1 0.540000 0.969789 1 0.000000 0.000000 0 0.000000 0.000000 0 0.000000 0.000000 0 0.000000 0.000000 0
0 0.285100 0.872568 0.075760 0.254864 0.000000 0.000000 0 0.282000 0.782477 1 0.276000 0.788520 1 0.000000 0.000000 0 0.262000 0.803625 1 0.308000 0.836858 1 0.258000 0.839879 1 0.000000 0.000000 0 0.274000 0.873112 1 0.000000 0.000000 0 0.282000 0.794562 1 0.304000 0.957704 1 0.268000 0.966767 1 0.000000 0.000000 0 0.000000 0.000000 0 0.000000 0.000000 0 0.000000 0.000000 0
0 0.704360 0.845227 0.103120 0.309366 0.694000 0.737160 1 0.698000 0.728097 1 0.686000 0.731118 1 0.710000 0.731118 1 0.682000 0.740181 1 0.728000 0.791541 1 0.676000 0.797583 1 0.738000 0.867069 1 0.668000 0.882175 1 0.690000 0.854985 1 0.718000 0.861027 1 0.726000 0.918429 1 0.686000 0.918429 1 0.000000 0.000000 0 0.000000 0.000000 0 0.000000 0.000000 0 0.000000 0.000000 0