0 0.041063 0.705917 0.082125 0.544417 0.023438 0.485417 1 0.031250 0.481250 1 0.015625 0.477083 1 0.000000 0.000000 0 0.000000 0.000000 0 0.057813 0.543750 1 0.000000 0.000000 0 0.056250 0.618750 1 0.000000 0.000000 0 0.026562 0.702083 1 0.000000 0.000000 0 0.046875 0.700000 1 0.006250 0.706250 1 0.042188 0.820833 1 0.026562 0.822917 1 0.071875 0.920833 1 0.046875 0.933333 1
0 0.112344 0.732677 0.116281 0.534646 0.115625 0.541667 1 0.125000 0.529167 1 0.104688 0.531250 1 0.000000 0.000000 0 0.089063 0.529167 1 0.157812 0.602083 1 0.068750 0.610417 1 0.176563 0.685417 1 0.060937 0.700000 1 0.150000 0.772917 1 0.103125 0.779167 1 0.143750 0.783333 1 0.084375 0.787500 1 0.139063 0.910417 1 0.100000 0.916667 1 0.000000 0.000000 0 0.000000 0.000000 0
0 0.711844 0.558833 0.058875 0.217208 0.714063 0.504167 1 0.721875 0.495833 1 0.704688 0.500000 1 0.742188 0.500000 1 0.692187 0.510417 1 0.764062 0.560417 1 0.693750 0.575000 1 0.000000 0.000000 0 0.000000 0.000000 0 0.000000 0.000000 0 0.000000 0.000000 0 0.000000 0.000000 0 0.000000 0.000000 0 0.000000 0.000000 0 0.000000 0.000000 0 0.000000 0.000000 0 0.000000 0.000000 0
0 0.240172 0.817979 0.180344 0.337083 0.229687 0.743750 1 0.242188 0.720833 1 0.215625 0.731250 1 0.256250 0.714583 1 0.187500 0.735417 1 0.284375 0.781250 1 0.164062 0.847917 1 0.317188 0.897917 1 0.000000 0.000000 0 0.256250 0.864583 1 0.168750 0.904167 1 0.000000 0.000000 0 0.000000 0.000000 0 0.000000 0.000000 0 0.000000 0.000000 0 0.000000 0.000000 0 0.000000 0.000000 0
0 0.462109 0.690906 0.241188 0.527062 0.453125 0.491667 1 0.464062 0.483333 1 0.442188 0.485417 1 0.476562 0.489583 1 0.428125 0.489583 1 0.503125 0.560417 1 0.410938 0.560417 1 0.565625 0.577083 1 0.351562 0.585417 1 0.503125 0.527083 1 0.409375 0.531250 1 0.487500 0.808333 1 0.426563 0.806250 1 0.481250 0.979167 1 0.425000 0.972917 1 0.000000 0.000000 0 0.000000 0.000000 0
0 0.799836 0.818688 0.170609 0.333333 0.760938 0.772917 1 0.765625 0.743750 1 0.748437 0.758333 1 0.790625 0.708333 1 0.000000 0.000000 0 0.850000 0.812500 1 0.754687 0.789583 1 0.854688 0.954167 1 0.721875 0.881250 1 0.770312 0.877083 1 0.746875 0.820833 1 0.814063 0.991667 1 0.760938 0.985417 1 0.000000 0.000000 0 0.000000 0.000000 0 0.000000 0.000000 0 0.000000 0.000000 0
0 0.956078 0.737615 0.087844 0.481979 0.993750 0.554167 1 0.000000 0.000000 0 0.982812 0.547917 1 0.000000 0.000000 0 0.967187 0.543750 1 0.000000 0.000000 0 0.946875 0.620833 1 0.000000 0.000000 0 0.909375 0.695833 1 0.987500 0.745833 1 0.929688 0.702083 1 0.992188 0.827083 1 0.943750 0.822917 1 0.992188 0.954167 1 0.932813 0.943750 1 0.000000 0.000000 0 0.000000 0.000000 0
0 0.374156 0.773042 0.168531 0.431458 0.381250 0.710417 1 0.393750 0.697917 1 0.371875 0.697917 1 0.000000 0.000000 0 0.350000 0.704167 1 0.425000 0.783333 1 0.334375 0.783333 1 0.434375 0.918750 1 0.315625 0.720833 1 0.000000 0.000000 0 0.329688 0.643750 1 0.403125 0.983333 1 0.345313 0.981250 1 0.000000 0.000000 0 0.000000 0.000000 0 0.000000 0.000000 0 0.000000 0.000000 0
0 0.236266 0.642375 0.169844 0.329583 0.000000 0.000000 0 0.000000 0.000000 0 0.000000 0.000000 0 0.000000 0.000000 0 0.000000 0.000000 0 0.292187 0.550000 1 0.248438 0.539583 1 0.228125 0.641667 1 0.201563 0.643750 1 0.168750 0.545833 1 0.164062 0.550000 1 0.273438 0.727083 1 0.234375 0.725000 1 0.000000 0.000000 0 0.000000 0.000000 0 0.000000 0.000000 0 0.000000 0.000000 0
0 0.572773 0.737823 0.115172 0.523479 0.578125 0.537500 1 0.581250 0.520833 1 0.565625 0.529167 1 0.000000 0.000000 0 0.545312 0.539583 1 0.607812 0.597917 1 0.534375 0.606250 1 0.620313 0.702083 1 0.540625 0.712500 1 0.621875 0.797917 1 0.553125 0.637500 1 0.587500 0.787500 1 0.553125 0.783333 1 0.562500 0.927083 1 0.557813 0.927083 1 0.000000 0.000000 0 0.000000 0.000000 0
0 0.200586 0.643188 0.090609 0.325750 0.206250 0.506250 1 0.215625 0.491667 1 0.196875 0.495833 1 0.235937 0.504167 1 0.000000 0.000000 0 0.000000 0.000000 0 0.171875 0.589583 1 0.000000 0.000000 0 0.165625 0.693750 1 0.000000 0.000000 0 0.162500 0.783333 1 0.239063 0.762500 1 0.189062 0.764583 1 0.000000 0.000000 0 0.000000 0.000000 0 0.000000 0.000000 0 0.000000 0.000000 0
0 0.798336 0.625417 0.087922 0.258458 0.771875 0.529167 1 0.781250 0.516667 1 0.759375 0.525000 1 0.800000 0.518750 1 0.751563 0.535417 1 0.826562 0.589583 1 0.746875 0.608333 1 0.000000 0.000000 0 0.000000 0.000000 0 0.000000 0.000000 0 0.000000 0.000000 0 0.839063 0.766667 1 0.776563 0.770833 1 0.000000 0.000000 0 0.000000 0.000000 0 0.000000 0.000000 0 0.000000 0.000000 0
0 0.514281 0.474031 0.058437 0.111687 0.521875 0.487500 1 0.532813 0.479167 1 0.512500 0.475000 1 0.000000 0.000000 0 0.492188 0.481250 1 0.000000 0.000000 0 0.000000 0.000000 0 0.000000 0.000000 0 0.000000 0.000000 0 0.000000 0.000000 0 0.000000 0.000000 0 0.000000 0.000000 0 0.000000 0.000000 0 0.000000 0.000000 0 0.000000 0.000000 0 0.000000 0.000000 0 0.000000 0.000000 0