0 0.635320 0.529219 0.402600 0.685405 0.000000 0.000000 0 0.000000 0.000000 0 0.000000 0.000000 0 0.572000 0.237237 1 0.000000 0.000000 0 0.578000 0.249249 1 0.612000 0.342342 1 0.520000 0.360360 1 0.552000 0.426426 1 0.460000 0.450450 1 0.472000 0.498498 1 0.696000 0.462462 1 0.714000 0.456456 1 0.600000 0.660661 1 0.682000 0.672673 1 0.550000 0.834835 1 0.816000 0.786787 1
0 0.212440 0.505946 0.118560 0.269970 0.218000 0.429429 1 0.228000 0.420420 1 0.212000 0.420420 1 0.238000 0.432432 1 0.200000 0.432432 1 0.258000 0.495495 1 0.180000 0.495495 1 0.264000 0.564565 1 0.174000 0.558559 1 0.226000 0.585586 1 0.194000 0.582583 1 0.232000 0.597598 1 0.190000 0.597598 1 0.228000 0.618619 1 0.196000 0.621622 1 0.000000 0.000000 0 0.000000 0.000000 0
0 0.093540 0.489880 0.154160 0.323604 0.106000 0.393393 1 0.116000 0.378378 1 0.098000 0.378378 1 0.132000 0.390390 1 0.084000 0.387387 1 0.150000 0.450450 1 0.060000 0.459459 1 0.154000 0.537538 1 0.046000 0.543544 1 0.114000 0.561562 1 0.066000 0.591592 1 0.124000 0.579580 1 0.064000 0.582583 1 0.106000 0.609610 1 0.034000 0.606607 1 0.000000 0.000000 0 0.000000 0.000000 0
0 0.263400 0.327117 0.140680 0.244925 0.252000 0.282282 1 0.260000 0.267267 1 0.246000 0.267267 1 0.276000 0.267267 1 0.234000 0.270270 1 0.312000 0.342342 1 0.204000 0.342342 1 0.314000 0.426426 1 0.194000 0.411411 1 0.278000 0.453453 1 0.184000 0.462462 1 0.284000 0.486486 1 0.222000 0.486486 1 0.000000 0.000000 0 0.000000 0.000000 0 0.000000 0.000000 0 0.000000 0.000000 0
0 0.703330 0.275826 0.139060 0.410991 0.692000 0.123123 1 0.696000 0.114114 1 0.686000 0.114114 1 0.714000 0.129129 1 0.676000 0.129129 1 0.730000 0.192192 1 0.660000 0.189189 1 0.740000 0.291291 1 0.648000 0.291291 1 0.710000 0.306306 1 0.000000 0.000000 0 0.712000 0.330330 1 0.668000 0.324324 1 0.000000 0.000000 0 0.000000 0.000000 0 0.000000 0.000000 0 0.000000 0.000000 0
0 0.566860 0.147658 0.075800 0.106486 0.000000 0.000000 0 0.000000 0.000000 0 0.000000 0.000000 0 0.000000 0.000000 0 0.000000 0.000000 0 0.000000 0.000000 0 0.000000 0.000000 0 0.000000 0.000000 0 0.000000 0.000000 0 0.000000 0.000000 0 0.000000 0.000000 0 0.000000 0.000000 0 0.000000 0.000000 0 0.000000 0.000000 0 0.000000 0.000000 0 0.000000 0.000000 0 0.000000 0.000000 0
0 0.425050 0.148318 0.098780 0.166306 0.414000 0.108108 1 0.424000 0.102102 1 0.408000 0.102102 1 0.438000 0.126126 1 0.398000 0.123123 1 0.458000 0.183183 1 0.370000 0.183183 1 0.000000 0.000000 0 0.000000 0.000000 0 0.000000 0.000000 0 0.000000 0.000000 0 0.000000 0.000000 0 0.000000 0.000000 0 0.000000 0.000000 0 0.000000 0.000000 0 0.000000 0.000000 0 0.000000 0.000000 0
0 0.879400 0.566291 0.241200 0.548318 0.928000 0.378378 1 0.936000 0.360360 1 0.000000 0.000000 0 0.972000 0.360360 1 0.000000 0.000000 0 0.000000 0.000000 0 0.932000 0.429429 1 0.000000 0.000000 0 0.892000 0.513514 1 0.000000 0.000000 0 0.828000 0.528529 1 0.000000 0.000000 0 0.000000 0.000000 0 0.000000 0.000000 0 0.944000 0.615616 1 0.000000 0.000000 0 0.982000 0.753754 1
0 0.118710 0.333559 0.162820 0.237447 0.112000 0.282282 1 0.120000 0.273273 1 0.104000 0.276276 1 0.134000 0.282282 1 0.096000 0.282282 1 0.160000 0.336336 1 0.072000 0.339339 1 0.176000 0.423423 1 0.050000 0.420420 1 0.156000 0.453453 1 0.064000 0.444444 1 0.144000 0.474474 1 0.086000 0.474474 1 0.000000 0.000000 0 0.000000 0.000000 0 0.000000 0.000000 0 0.000000 0.000000 0
0 0.737090 0.665661 0.265540 0.357147 0.000000 0.000000 0 0.000000 0.000000 0 0.000000 0.000000 0 0.000000 0.000000 0 0.000000 0.000000 0 0.730000 0.531532 1 0.000000 0.000000 0 0.662000 0.642643 1 0.000000 0.000000 0 0.614000 0.705706 1 0.000000 0.000000 0 0.832000 0.624625 1 0.772000 0.630631 1 0.742000 0.654655 1 0.652000 0.654655 1 0.836000 0.795796 1 0.698000 0.792793 1
0 0.285160 0.138138 0.106120 0.182102 0.286000 0.105105 1 0.294000 0.093093 1 0.276000 0.093093 1 0.306000 0.102102 1 0.000000 0.000000 0 0.332000 0.162162 1 0.242000 0.162162 1 0.000000 0.000000 0 0.000000 0.000000 0 0.000000 0.000000 0 0.000000 0.000000 0 0.000000 0.000000 0 0.000000 0.000000 0 0.000000 0.000000 0 0.000000 0.000000 0 0.000000 0.000000 0 0.000000 0.000000 0
0 0.873580 0.368829 0.134920 0.290931 0.000000 0.000000 0 0.000000 0.000000 0 0.000000 0.000000 0 0.000000 0.000000 0 0.000000 0.000000 0 0.938000 0.300300 1 0.852000 0.297297 1 0.958000 0.393393 1 0.808000 0.378378 1 0.916000 0.417417 1 0.828000 0.387387 1 0.910000 0.492492 1 0.864000 0.492492 1 0.000000 0.000000 0 0.000000 0.000000 0 0.000000 0.000000 0 0.000000 0.000000 0