0 0.660859 0.746336 0.082969 0.288163 0.000000 0.000000 0 0.000000 0.000000 0 0.000000 0.000000 0 0.651563 0.622129 1 0.671875 0.624217 1 0.642188 0.651357 1 0.681250 0.651357 1 0.632812 0.693111 1 0.689063 0.693111 1 0.626563 0.736952 1 0.695312 0.736952 1 0.656250 0.734864 1 0.678125 0.732777 1 0.662500 0.795407 1 0.673438 0.791232 1 0.673438 0.866388 1 0.000000 0.000000 0
0 0.801719 0.704969 0.046531 0.153946 0.000000 0.000000 0 0.000000 0.000000 0 0.000000 0.000000 0 0.000000 0.000000 0 0.793750 0.634656 1 0.781250 0.655532 1 0.801562 0.649269 1 0.782813 0.678497 1 0.810937 0.668058 1 0.000000 0.000000 0 0.817187 0.684760 1 0.789062 0.697286 1 0.806250 0.693111 1 0.793750 0.728601 1 0.804688 0.730689 1 0.796875 0.755741 1 0.804688 0.757829 1
0 0.493641 0.755344 0.052281 0.246430 0.487500 0.647182 1 0.490625 0.643006 1 0.485938 0.643006 1 0.500000 0.647182 1 0.000000 0.000000 0 0.504687 0.668058 1 0.476562 0.678497 1 0.514062 0.697286 1 0.471875 0.707724 1 0.489063 0.688935 1 0.468750 0.678497 1 0.503125 0.741127 1 0.481250 0.743215 1 0.500000 0.803758 1 0.484375 0.805846 1 0.503125 0.851775 1 0.493750 0.828810 1
0 0.443797 0.753841 0.061250 0.238121 0.000000 0.000000 0 0.000000 0.000000 0 0.000000 0.000000 0 0.000000 0.000000 0 0.000000 0.000000 0 0.467187 0.655532 1 0.432812 0.655532 1 0.471875 0.709812 1 0.423438 0.686848 1 0.000000 0.000000 0 0.000000 0.000000 0 0.460938 0.734864 1 0.437500 0.739040 1 0.462500 0.782881 1 0.456250 0.770355 1 0.000000 0.000000 0 0.000000 0.000000 0
0 0.343609 0.765793 0.064375 0.168121 0.000000 0.000000 0 0.000000 0.000000 0 0.000000 0.000000 0 0.000000 0.000000 0 0.000000 0.000000 0 0.329688 0.672234 1 0.357812 0.672234 1 0.323437 0.695198 1 0.368750 0.720251 1 0.317188 0.722338 1 0.368750 0.691023 1 0.335938 0.720251 1 0.350000 0.720251 1 0.339062 0.766180 1 0.348438 0.768267 1 0.339062 0.812109 1 0.342187 0.816284 1
0 0.543383 0.659050 0.023391 0.095261 0.000000 0.000000 0 0.000000 0.000000 0 0.000000 0.000000 0 0.000000 0.000000 0 0.000000 0.000000 0 0.000000 0.000000 0 0.000000 0.000000 0 0.000000 0.000000 0 0.000000 0.000000 0 0.000000 0.000000 0 0.000000 0.000000 0 0.000000 0.000000 0 0.000000 0.000000 0 0.000000 0.000000 0 0.000000 0.000000 0 0.000000 0.000000 0 0.000000 0.000000 0
0 0.697984 0.655063 0.016812 0.069666 0.000000 0.000000 0 0.000000 0.000000 0 0.000000 0.000000 0 0.000000 0.000000 0 0.000000 0.000000 0 0.000000 0.000000 0 0.000000 0.000000 0 0.000000 0.000000 0 0.000000 0.000000 0 0.000000 0.000000 0 0.000000 0.000000 0 0.000000 0.000000 0 0.000000 0.000000 0 0.000000 0.000000 0 0.000000 0.000000 0 0.000000 0.000000 0 0.000000 0.000000 0
0 0.125984 0.756023 0.061281 0.201524 0.000000 0.000000 0 0.000000 0.000000 0 0.000000 0.000000 0 0.000000 0.000000 0 0.000000 0.000000 0 0.107813 0.657620 1 0.139063 0.663883 1 0.101562 0.693111 1 0.150000 0.699374 1 0.112500 0.722338 1 0.135937 0.707724 1 0.117188 0.722338 1 0.134375 0.722338 1 0.115625 0.789144 1 0.137500 0.789144 1 0.115625 0.839248 1 0.142187 0.832985 1
0 0.078281 0.735459 0.049969 0.207829 0.000000 0.000000 0 0.000000 0.000000 0 0.000000 0.000000 0 0.000000 0.000000 0 0.084375 0.638831 1 0.104688 0.661795 1 0.068750 0.655532 1 0.000000 0.000000 0 0.062500 0.682672 1 0.000000 0.000000 0 0.078125 0.695198 1 0.090625 0.728601 1 0.073438 0.728601 1 0.090625 0.772443 1 0.067187 0.768267 1 0.089063 0.812109 1 0.062500 0.814196 1
0 0.272094 0.743685 0.057344 0.206534 0.000000 0.000000 0 0.000000 0.000000 0 0.000000 0.000000 0 0.000000 0.000000 0 0.000000 0.000000 0 0.257812 0.663883 1 0.285938 0.663883 1 0.000000 0.000000 0 0.289062 0.697286 1 0.000000 0.000000 0 0.292187 0.722338 1 0.259375 0.720251 1 0.275000 0.718163 1 0.259375 0.772443 1 0.281250 0.780793 1 0.251563 0.822547 1 0.275000 0.830898 1
0 0.177883 0.709541 0.042891 0.253653 0.162500 0.620042 1 0.000000 0.000000 0 0.164062 0.617954 1 0.000000 0.000000 0 0.171875 0.611691 1 0.181250 0.643006 1 0.175000 0.643006 1 0.179688 0.676409 1 0.000000 0.000000 0 0.167187 0.705637 1 0.000000 0.000000 0 0.179688 0.705637 1 0.173437 0.703549 1 0.181250 0.764092 1 0.178125 0.766180 1 0.181250 0.810021 1 0.176563 0.805846 1
0 0.412523 0.667422 0.017359 0.090042 0.000000 0.000000 0 0.000000 0.000000 0 0.000000 0.000000 0 0.000000 0.000000 0 0.000000 0.000000 0 0.000000 0.000000 0 0.000000 0.000000 0 0.000000 0.000000 0 0.000000 0.000000 0 0.000000 0.000000 0 0.000000 0.000000 0 0.000000 0.000000 0 0.000000 0.000000 0 0.000000 0.000000 0 0.000000 0.000000 0 0.000000 0.000000 0 0.000000 0.000000 0
0 0.574234 0.625511 0.012375 0.044676 0.000000 0.000000 0 0.000000 0.000000 0 0.000000 0.000000 0 0.000000 0.000000 0 0.000000 0.000000 0 0.000000 0.000000 0 0.000000 0.000000 0 0.000000 0.000000 0 0.000000 0.000000 0 0.000000 0.000000 0 0.000000 0.000000 0 0.000000 0.000000 0 0.000000 0.000000 0 0.000000 0.000000 0 0.000000 0.000000 0 0.000000 0.000000 0 0.000000 0.000000 0