0 0.120812 0.654573 0.157719 0.664437 0.145313 0.400000 1 0.154688 0.389583 1 0.129688 0.389583 1 0.000000 0.000000 0 0.103125 0.397917 1 0.143750 0.500000 1 0.084375 0.504167 1 0.000000 0.000000 0 0.098437 0.662500 1 0.000000 0.000000 0 0.123438 0.800000 1 0.150000 0.762500 1 0.100000 0.779167 1 0.000000 0.000000 0 0.132812 0.960417 1 0.000000 0.000000 0 0.000000 0.000000 0
0 0.135141 0.608104 0.219594 0.759000 0.176563 0.318750 1 0.189062 0.297917 1 0.162500 0.297917 1 0.206250 0.310417 1 0.142187 0.304167 1 0.221875 0.402083 1 0.117188 0.410417 1 0.000000 0.000000 0 0.021875 0.531250 1 0.000000 0.000000 0 0.043750 0.508333 1 0.212500 0.689583 1 0.139063 0.695833 1 0.196875 0.870833 1 0.139063 0.870833 1 0.000000 0.000000 0 0.000000 0.000000 0
0 0.289883 0.624719 0.141578 0.750562 0.282813 0.347917 1 0.293750 0.335417 1 0.271875 0.335417 1 0.312500 0.350000 1 0.256250 0.352083 1 0.335938 0.433333 1 0.234375 0.441667 1 0.000000 0.000000 0 0.000000 0.000000 0 0.339062 0.483333 1 0.000000 0.000000 0 0.325000 0.639583 1 0.262500 0.654167 1 0.326562 0.829167 1 0.271875 0.831250 1 0.318750 0.983333 1 0.287500 0.983333 1
0 0.734766 0.603531 0.172687 0.776521 0.714063 0.297917 1 0.732812 0.277083 1 0.704688 0.279167 1 0.760938 0.293750 1 0.000000 0.000000 0 0.798438 0.418750 1 0.707812 0.381250 1 0.801562 0.566667 1 0.000000 0.000000 0 0.734375 0.547917 1 0.000000 0.000000 0 0.754687 0.666667 1 0.693750 0.650000 1 0.762500 0.887500 1 0.693750 0.870833 1 0.000000 0.000000 0 0.000000 0.000000 0
0 0.520141 0.624177 0.164594 0.751646 0.496875 0.316667 1 0.506250 0.295833 1 0.482812 0.302083 1 0.526563 0.285417 1 0.000000 0.000000 0 0.578125 0.364583 1 0.457813 0.391667 1 0.000000 0.000000 0 0.453125 0.508333 1 0.000000 0.000000 0 0.000000 0.000000 0 0.571875 0.591667 1 0.504687 0.608333 1 0.570312 0.806250 1 0.509375 0.852083 1 0.560937 0.947917 1 0.521875 0.952083 1
0 0.629891 0.632167 0.129437 0.732458 0.604688 0.339583 1 0.615625 0.318750 1 0.596875 0.320833 1 0.639062 0.327083 1 0.000000 0.000000 0 0.682813 0.393750 1 0.596875 0.385417 1 0.712500 0.516667 1 0.000000 0.000000 0 0.648438 0.506250 1 0.000000 0.000000 0 0.645312 0.604167 1 0.604688 0.606250 1 0.650000 0.858333 1 0.631250 0.852083 1 0.000000 0.000000 0 0.000000 0.000000 0
0 0.900781 0.560531 0.198437 0.875271 0.870313 0.208333 1 0.892188 0.189583 1 0.854688 0.193750 1 0.921875 0.195833 1 0.000000 0.000000 0 0.971875 0.306250 1 0.823438 0.325000 1 0.000000 0.000000 0 0.000000 0.000000 0 0.000000 0.000000 0 0.000000 0.000000 0 0.948438 0.683333 1 0.835938 0.675000 1 0.948438 0.958333 1 0.842187 0.922917 1 0.000000 0.000000 0 0.000000 0.000000 0
0 0.414633 0.657062 0.172297 0.685875 0.396875 0.395833 1 0.406250 0.383333 1 0.384375 0.387500 1 0.423438 0.389583 1 0.371875 0.391667 1 0.456250 0.462500 1 0.350000 0.472917 1 0.478125 0.581250 1 0.334375 0.614583 1 0.495312 0.679167 1 0.365625 0.541667 1 0.442188 0.693750 1 0.357812 0.691667 1 0.426563 0.845833 1 0.382812 0.845833 1 0.426563 0.958333 1 0.393750 0.960417 1
0 0.225836 0.343813 0.037078 0.062917 0.000000 0.000000 0 0.000000 0.000000 0 0.000000 0.000000 0 0.000000 0.000000 0 0.000000 0.000000 0 0.000000 0.000000 0 0.000000 0.000000 0 0.000000 0.000000 0 0.000000 0.000000 0 0.000000 0.000000 0 0.000000 0.000000 0 0.000000 0.000000 0 0.000000 0.000000 0 0.000000 0.000000 0 0.000000 0.000000 0 0.000000 0.000000 0 0.000000 0.000000 0
0 0.047898 0.645823 0.095797 0.653146 0.000000 0.000000 0 0.000000 0.000000 0 0.000000 0.000000 0 0.000000 0.000000 0 0.000000 0.000000 0 0.000000 0.000000 0 0.039062 0.352083 1 0.000000 0.000000 0 0.000000 0.000000 0 0.000000 0.000000 0 0.000000 0.000000 0 0.034375 0.631250 1 0.000000 0.000000 0 0.042188 0.745833 1 0.000000 0.000000 0 0.078125 0.893750 1 0.000000 0.000000 0
0 0.443742 0.391760 0.024984 0.090062 0.000000 0.000000 0 0.000000 0.000000 0 0.000000 0.000000 0 0.000000 0.000000 0 0.000000 0.000000 0 0.000000 0.000000 0 0.000000 0.000000 0 0.000000 0.000000 0 0.000000 0.000000 0 0.000000 0.000000 0 0.000000 0.000000 0 0.000000 0.000000 0 0.000000 0.000000 0 0.000000 0.000000 0 0.000000 0.000000 0 0.000000 0.000000 0 0.000000 0.000000 0