0 0.453516 0.552541 0.204188 0.466071 0.443750 0.369412 1 0.446875 0.362353 1 0.435937 0.362353 1 0.453125 0.364706 1 0.421875 0.367059 1 0.460938 0.395294 1 0.410938 0.400000 1 0.517188 0.425882 1 0.362500 0.423529 1 0.485938 0.435294 1 0.375000 0.367059 1 0.473438 0.517647 1 0.435937 0.534118 1 0.540625 0.545882 1 0.434375 0.656471 1 0.560937 0.604706 1 0.467187 0.715294 1
0 0.636578 0.445071 0.041062 0.054706 0.000000 0.000000 0 0.000000 0.000000 0 0.000000 0.000000 0 0.000000 0.000000 0 0.000000 0.000000 0 0.000000 0.000000 0 0.000000 0.000000 0 0.000000 0.000000 0 0.000000 0.000000 0 0.000000 0.000000 0 0.000000 0.000000 0 0.000000 0.000000 0 0.000000 0.000000 0 0.000000 0.000000 0 0.000000 0.000000 0 0.000000 0.000000 0 0.000000 0.000000 0
0 0.748523 0.559906 0.056578 0.268047 0.732812 0.456471 1 0.739062 0.451765 1 0.729688 0.449412 1 0.740625 0.458824 1 0.725000 0.456471 1 0.753125 0.487059 1 0.712500 0.480000 1 0.000000 0.000000 0 0.000000 0.000000 0 0.000000 0.000000 0 0.000000 0.000000 0 0.743750 0.552941 1 0.718750 0.548235 1 0.742188 0.630588 1 0.709375 0.625882 1 0.735938 0.687059 1 0.693750 0.680000 1
0 0.713789 0.406094 0.043172 0.126494 0.709375 0.371765 1 0.714063 0.367059 1 0.704688 0.369412 1 0.717187 0.364706 1 0.000000 0.000000 0 0.725000 0.395294 1 0.698438 0.392941 1 0.723437 0.444706 1 0.693750 0.435294 1 0.715625 0.400000 1 0.706250 0.407059 1 0.000000 0.000000 0 0.000000 0.000000 0 0.000000 0.000000 0 0.000000 0.000000 0 0.000000 0.000000 0 0.000000 0.000000 0
0 0.358703 0.420306 0.034625 0.095200 0.000000 0.000000 0 0.000000 0.000000 0 0.000000 0.000000 0 0.000000 0.000000 0 0.000000 0.000000 0 0.000000 0.000000 0 0.000000 0.000000 0 0.000000 0.000000 0 0.000000 0.000000 0 0.000000 0.000000 0 0.000000 0.000000 0 0.000000 0.000000 0 0.000000 0.000000 0 0.000000 0.000000 0 0.000000 0.000000 0 0.000000 0.000000 0 0.000000 0.000000 0
0 0.128336 0.428706 0.061516 0.122824 0.117188 0.400000 1 0.120313 0.392941 1 0.114062 0.392941 1 0.125000 0.395294 1 0.109375 0.395294 1 0.139063 0.416471 1 0.104688 0.430588 1 0.154688 0.454118 1 0.104688 0.470588 1 0.000000 0.000000 0 0.121875 0.472941 1 0.145313 0.489412 1 0.125000 0.489412 1 0.000000 0.000000 0 0.000000 0.000000 0 0.000000 0.000000 0 0.000000 0.000000 0
0 0.086008 0.538871 0.045266 0.187576 0.092188 0.484706 1 0.096875 0.477647 1 0.087500 0.477647 1 0.101562 0.482353 1 0.084375 0.480000 1 0.000000 0.000000 0 0.079687 0.508235 1 0.000000 0.000000 0 0.071875 0.548235 1 0.000000 0.000000 0 0.070312 0.581176 1 0.000000 0.000000 0 0.089063 0.569412 1 0.000000 0.000000 0 0.095312 0.625882 1 0.000000 0.000000 0 0.000000 0.000000 0
0 0.568656 0.415235 0.050031 0.146800 0.568750 0.367059 1 0.571875 0.360000 1 0.565625 0.360000 1 0.578125 0.367059 1 0.560937 0.364706 1 0.582812 0.392941 1 0.557813 0.397647 1 0.582812 0.432941 1 0.553125 0.425882 1 0.557813 0.435294 1 0.548438 0.440000 1 0.578125 0.454118 1 0.557813 0.454118 1 0.000000 0.000000 0 0.000000 0.000000 0 0.000000 0.000000 0 0.000000 0.000000 0
0 0.805203 0.567082 0.055813 0.294165 0.798438 0.451765 1 0.801562 0.444706 1 0.795312 0.444706 1 0.810937 0.449412 1 0.790625 0.451765 1 0.820312 0.475294 1 0.787500 0.482353 1 0.825000 0.503529 1 0.785937 0.529412 1 0.803125 0.510588 1 0.784375 0.562353 1 0.817187 0.567059 1 0.795312 0.567059 1 0.815625 0.623529 1 0.807813 0.632941 1 0.821875 0.696471 1 0.814063 0.696471 1
0 0.393234 0.409506 0.054594 0.151482 0.000000 0.000000 0 0.000000 0.000000 0 0.000000 0.000000 0 0.000000 0.000000 0 0.000000 0.000000 0 0.000000 0.000000 0 0.000000 0.000000 0 0.000000 0.000000 0 0.000000 0.000000 0 0.000000 0.000000 0 0.000000 0.000000 0 0.000000 0.000000 0 0.000000 0.000000 0 0.000000 0.000000 0 0.000000 0.000000 0 0.000000 0.000000 0 0.000000 0.000000 0
0 0.942133 0.370882 0.032516 0.057576 0.000000 0.000000 0 0.000000 0.000000 0 0.000000 0.000000 0 0.000000 0.000000 0 0.000000 0.000000 0 0.000000 0.000000 0 0.000000 0.000000 0 0.000000 0.000000 0 0.000000 0.000000 0 0.000000 0.000000 0 0.000000 0.000000 0 0.000000 0.000000 0 0.000000 0.000000 0 0.000000 0.000000 0 0.000000 0.000000 0 0.000000 0.000000 0 0.000000 0.000000 0
0 0.194398 0.483365 0.050047 0.207812 0.000000 0.000000 0 0.198437 0.400000 1 0.192188 0.400000 1 0.204687 0.400000 1 0.000000 0.000000 0 0.217188 0.428235 1 0.189062 0.428235 1 0.207813 0.463529 1 0.182812 0.458824 1 0.000000 0.000000 0 0.176563 0.477647 1 0.214062 0.482353 1 0.193750 0.484706 1 0.209375 0.529412 1 0.000000 0.000000 0 0.217188 0.583529 1 0.000000 0.000000 0
0 0.216031 0.452565 0.023125 0.149082 0.000000 0.000000 0 0.000000 0.000000 0 0.000000 0.000000 0 0.000000 0.000000 0 0.000000 0.000000 0 0.000000 0.000000 0 0.000000 0.000000 0 0.000000 0.000000 0 0.000000 0.000000 0 0.000000 0.000000 0 0.000000 0.000000 0 0.000000 0.000000 0 0.000000 0.000000 0 0.000000 0.000000 0 0.000000 0.000000 0 0.000000 0.000000 0 0.000000 0.000000 0