0 0.504969 0.261157 0.084719 0.133137 0.504687 0.221569 1 0.507812 0.217647 1 0.500000 0.217647 1 0.518750 0.221569 1 0.000000 0.000000 0 0.529687 0.249020 1 0.495312 0.254902 1 0.545312 0.286275 1 0.482812 0.292157 1 0.523438 0.276471 1 0.000000 0.000000 0 0.528125 0.321569 1 0.501563 0.325490 1 0.000000 0.000000 0 0.000000 0.000000 0 0.000000 0.000000 0 0.000000 0.000000 0
0 0.389359 0.366333 0.128031 0.285647 0.420312 0.264706 1 0.425000 0.256863 1 0.417187 0.256863 1 0.435937 0.258824 1 0.410938 0.260784 1 0.446875 0.296078 1 0.414062 0.296078 1 0.435937 0.339216 1 0.404687 0.341176 1 0.398438 0.358824 1 0.000000 0.000000 0 0.418750 0.368627 1 0.403125 0.368627 1 0.384375 0.382353 1 0.360938 0.400000 1 0.368750 0.474510 1 0.346875 0.494118 1
0 0.240617 0.653294 0.046828 0.223255 0.000000 0.000000 0 0.000000 0.000000 0 0.000000 0.000000 0 0.000000 0.000000 0 0.000000 0.000000 0 0.000000 0.000000 0 0.228125 0.574510 1 0.000000 0.000000 0 0.221875 0.609804 1 0.000000 0.000000 0 0.242188 0.621569 1 0.240625 0.643137 1 0.229687 0.643137 1 0.235937 0.696078 1 0.225000 0.686275 1 0.232813 0.749020 1 0.223438 0.747059 1
0 0.071555 0.641971 0.049703 0.256451 0.081250 0.539216 1 0.000000 0.000000 0 0.079687 0.533333 1 0.000000 0.000000 0 0.068750 0.537255 1 0.064062 0.558824 1 0.067187 0.564706 1 0.071875 0.592157 1 0.087500 0.601961 1 0.087500 0.588235 1 0.084375 0.592157 1 0.065625 0.635294 1 0.068750 0.637255 1 0.060937 0.686275 1 0.070312 0.688235 1 0.056250 0.750980 1 0.060937 0.758824 1
0 0.684195 0.484912 0.040141 0.062882 0.000000 0.000000 0 0.000000 0.000000 0 0.000000 0.000000 0 0.000000 0.000000 0 0.000000 0.000000 0 0.000000 0.000000 0 0.000000 0.000000 0 0.000000 0.000000 0 0.000000 0.000000 0 0.000000 0.000000 0 0.000000 0.000000 0 0.000000 0.000000 0 0.000000 0.000000 0 0.000000 0.000000 0 0.000000 0.000000 0 0.000000 0.000000 0 0.000000 0.000000 0
0 0.771898 0.581833 0.095391 0.212412 0.779687 0.494118 1 0.782813 0.490196 1 0.775000 0.490196 1 0.787500 0.492157 1 0.770312 0.492157 1 0.795312 0.517647 1 0.760938 0.521569 1 0.804688 0.549020 1 0.754687 0.545098 1 0.790625 0.564706 1 0.740625 0.550980 1 0.785937 0.570588 1 0.768750 0.572549 1 0.807813 0.607843 1 0.745313 0.598039 1 0.807813 0.662745 1 0.734375 0.647059 1
0 0.199867 0.651794 0.044891 0.245980 0.217188 0.556863 1 0.217188 0.547059 1 0.210938 0.550980 1 0.000000 0.000000 0 0.000000 0.000000 0 0.212500 0.578431 1 0.187500 0.582353 1 0.000000 0.000000 0 0.179688 0.621569 1 0.000000 0.000000 0 0.000000 0.000000 0 0.200000 0.643137 1 0.187500 0.647059 1 0.204687 0.692157 1 0.190625 0.698039 1 0.209375 0.749020 1 0.195312 0.756863 1
0 0.161336 0.683657 0.065953 0.225941 0.000000 0.000000 0 0.000000 0.000000 0 0.000000 0.000000 0 0.000000 0.000000 0 0.165625 0.582353 1 0.142187 0.617647 1 0.165625 0.615686 1 0.135937 0.654902 1 0.165625 0.643137 1 0.000000 0.000000 0 0.170313 0.674510 1 0.143750 0.670588 1 0.164062 0.670588 1 0.145313 0.723529 1 0.170313 0.719608 1 0.145313 0.768627 1 0.175000 0.766667 1
0 0.331055 0.664059 0.032734 0.184863 0.000000 0.000000 0 0.000000 0.000000 0 0.000000 0.000000 0 0.000000 0.000000 0 0.334375 0.580392 1 0.325000 0.605882 1 0.332813 0.607843 1 0.317188 0.633333 1 0.329688 0.641176 1 0.000000 0.000000 0 0.000000 0.000000 0 0.321875 0.652941 1 0.331250 0.658824 1 0.329688 0.707843 1 0.325000 0.705882 1 0.339062 0.745098 1 0.321875 0.743137 1
0 0.616055 0.501912 0.048078 0.112137 0.000000 0.000000 0 0.000000 0.000000 0 0.000000 0.000000 0 0.000000 0.000000 0 0.000000 0.000000 0 0.000000 0.000000 0 0.000000 0.000000 0 0.000000 0.000000 0 0.000000 0.000000 0 0.000000 0.000000 0 0.000000 0.000000 0 0.000000 0.000000 0 0.000000 0.000000 0 0.000000 0.000000 0 0.000000 0.000000 0 0.000000 0.000000 0 0.000000 0.000000 0
0 0.242133 0.608578 0.045359 0.118882 0.000000 0.000000 0 0.000000 0.000000 0 0.000000 0.000000 0 0.000000 0.000000 0 0.000000 0.000000 0 0.000000 0.000000 0 0.000000 0.000000 0 0.000000 0.000000 0 0.000000 0.000000 0 0.000000 0.000000 0 0.000000 0.000000 0 0.000000 0.000000 0 0.000000 0.000000 0 0.000000 0.000000 0 0.000000 0.000000 0 0.000000 0.000000 0 0.000000 0.000000 0
0 0.150250 0.572039 0.045937 0.124235 0.000000 0.000000 0 0.000000 0.000000 0 0.000000 0.000000 0 0.000000 0.000000 0 0.000000 0.000000 0 0.000000 0.000000 0 0.000000 0.000000 0 0.000000 0.000000 0 0.000000 0.000000 0 0.000000 0.000000 0 0.000000 0.000000 0 0.000000 0.000000 0 0.000000 0.000000 0 0.000000 0.000000 0 0.000000 0.000000 0 0.000000 0.000000 0 0.000000 0.000000 0
0 0.014406 0.580373 0.018969 0.128706 0.000000 0.000000 0 0.000000 0.000000 0 0.000000 0.000000 0 0.000000 0.000000 0 0.000000 0.000000 0 0.000000 0.000000 0 0.000000 0.000000 0 0.000000 0.000000 0 0.000000 0.000000 0 0.000000 0.000000 0 0.000000 0.000000 0 0.000000 0.000000 0 0.000000 0.000000 0 0.000000 0.000000 0 0.000000 0.000000 0 0.000000 0.000000 0 0.000000 0.000000 0