0 0.721852 0.435340 0.110422 0.240843 0.712500 0.344262 1 0.717187 0.339578 1 0.709375 0.339578 1 0.732812 0.346604 1 0.000000 0.000000 0 0.750000 0.393443 1 0.693750 0.388759 1 0.760938 0.447307 1 0.681250 0.444965 1 0.746875 0.475410 1 0.703125 0.459016 1 0.734375 0.491803 1 0.701562 0.491803 1 0.000000 0.000000 0 0.689063 0.545667 1 0.000000 0.000000 0 0.714063 0.627635 1
0 0.685352 0.419801 0.046328 0.239649 0.704688 0.330211 1 0.706250 0.325527 1 0.701562 0.325527 1 0.000000 0.000000 0 0.689063 0.332553 1 0.696875 0.358314 1 0.676562 0.360656 1 0.000000 0.000000 0 0.667188 0.421546 1 0.000000 0.000000 0 0.678125 0.468384 1 0.000000 0.000000 0 0.000000 0.000000 0 0.000000 0.000000 0 0.000000 0.000000 0 0.000000 0.000000 0 0.000000 0.000000 0
0 0.086211 0.458431 0.085453 0.310117 0.101562 0.337237 1 0.103125 0.330211 1 0.098437 0.330211 1 0.000000 0.000000 0 0.085938 0.330211 1 0.106250 0.370023 1 0.073438 0.367681 1 0.129688 0.388759 1 0.062500 0.409836 1 0.128125 0.362998 1 0.050000 0.451991 1 0.096875 0.447307 1 0.076563 0.447307 1 0.101562 0.519906 1 0.079687 0.517564 1 0.103125 0.592506 1 0.076563 0.590164 1
0 0.149727 0.320293 0.033047 0.083068 0.000000 0.000000 0 0.000000 0.000000 0 0.000000 0.000000 0 0.000000 0.000000 0 0.000000 0.000000 0 0.000000 0.000000 0 0.000000 0.000000 0 0.000000 0.000000 0 0.000000 0.000000 0 0.000000 0.000000 0 0.000000 0.000000 0 0.000000 0.000000 0 0.000000 0.000000 0 0.000000 0.000000 0 0.000000 0.000000 0 0.000000 0.000000 0 0.000000 0.000000 0
0 0.555008 0.398454 0.046609 0.197283 0.000000 0.000000 0 0.000000 0.000000 0 0.000000 0.000000 0 0.000000 0.000000 0 0.000000 0.000000 0 0.540625 0.355972 1 0.570312 0.353630 1 0.000000 0.000000 0 0.570312 0.388759 1 0.000000 0.000000 0 0.575000 0.419204 1 0.540625 0.402810 1 0.562500 0.405152 1 0.000000 0.000000 0 0.559375 0.461358 1 0.000000 0.000000 0 0.557813 0.512881 1
0 0.489242 0.453735 0.065422 0.266159 0.000000 0.000000 0 0.000000 0.000000 0 0.000000 0.000000 0 0.000000 0.000000 0 0.000000 0.000000 0 0.000000 0.000000 0 0.490625 0.348946 1 0.000000 0.000000 0 0.496875 0.393443 1 0.000000 0.000000 0 0.512500 0.358314 1 0.481250 0.444965 1 0.493750 0.442623 1 0.495312 0.501171 1 0.501563 0.489461 1 0.473438 0.531616 1 0.493750 0.557377 1
0 0.539875 0.439426 0.042906 0.221991 0.000000 0.000000 0 0.000000 0.000000 0 0.000000 0.000000 0 0.000000 0.000000 0 0.000000 0.000000 0 0.000000 0.000000 0 0.529687 0.355972 1 0.000000 0.000000 0 0.526563 0.381733 1 0.000000 0.000000 0 0.531250 0.416862 1 0.000000 0.000000 0 0.520312 0.405152 1 0.000000 0.000000 0 0.534375 0.463700 1 0.000000 0.000000 0 0.535937 0.522248 1
0 0.327523 0.353677 0.140922 0.439532 0.000000 0.000000 0 0.000000 0.000000 0 0.000000 0.000000 0 0.000000 0.000000 0 0.320312 0.180328 1 0.295312 0.231850 1 0.317188 0.224824 1 0.000000 0.000000 0 0.343750 0.295082 1 0.000000 0.000000 0 0.370312 0.309133 1 0.292187 0.330211 1 0.310937 0.332553 1 0.000000 0.000000 0 0.367188 0.421546 1 0.000000 0.000000 0 0.359375 0.526932 1
0 0.832742 0.389368 0.035641 0.178407 0.000000 0.000000 0 0.000000 0.000000 0 0.000000 0.000000 0 0.000000 0.000000 0 0.000000 0.000000 0 0.000000 0.000000 0 0.000000 0.000000 0 0.000000 0.000000 0 0.000000 0.000000 0 0.000000 0.000000 0 0.000000 0.000000 0 0.000000 0.000000 0 0.000000 0.000000 0 0.000000 0.000000 0 0.000000 0.000000 0 0.000000 0.000000 0 0.000000 0.000000 0
0 0.647914 0.404262 0.040828 0.197096 0.000000 0.000000 0 0.000000 0.000000 0 0.000000 0.000000 0 0.000000 0.000000 0 0.000000 0.000000 0 0.635938 0.355972 1 0.660937 0.360656 1 0.631250 0.386417 1 0.667188 0.388759 1 0.628125 0.405152 1 0.671875 0.414520 1 0.640625 0.419204 1 0.650000 0.421546 1 0.648438 0.475410 1 0.657813 0.482436 1 0.639062 0.510539 1 0.645312 0.531616 1
0 0.980891 0.413466 0.038219 0.172974 0.000000 0.000000 0 0.000000 0.000000 0 0.000000 0.000000 0 0.981250 0.344262 1 0.000000 0.000000 0 0.975000 0.358314 1 0.996875 0.360656 1 0.971875 0.395785 1 0.000000 0.000000 0 0.968750 0.416862 1 0.000000 0.000000 0 0.978125 0.409836 1 0.995313 0.409836 1 0.973437 0.447307 1 0.990625 0.449649 1 0.975000 0.482436 1 0.989062 0.484778 1
0 0.879406 0.410621 0.041656 0.164286 0.000000 0.000000 0 0.000000 0.000000 0 0.000000 0.000000 0 0.000000 0.000000 0 0.000000 0.000000 0 0.000000 0.000000 0 0.000000 0.000000 0 0.000000 0.000000 0 0.000000 0.000000 0 0.000000 0.000000 0 0.000000 0.000000 0 0.000000 0.000000 0 0.000000 0.000000 0 0.000000 0.000000 0 0.000000 0.000000 0 0.000000 0.000000 0 0.000000 0.000000 0
0 0.911172 0.411101 0.030094 0.140749 0.000000 0.000000 0 0.000000 0.000000 0 0.000000 0.000000 0 0.000000 0.000000 0 0.000000 0.000000 0 0.000000 0.000000 0 0.000000 0.000000 0 0.000000 0.000000 0 0.000000 0.000000 0 0.000000 0.000000 0 0.000000 0.000000 0 0.000000 0.000000 0 0.000000 0.000000 0 0.000000 0.000000 0 0.000000 0.000000 0 0.000000 0.000000 0 0.000000 0.000000 0