0 0.907469 0.276382 0.126406 0.502506 0.000000 0.000000 0 0.000000 0.000000 0 0.000000 0.000000 0 0.887500 0.072600 1 0.918750 0.072600 1 0.868750 0.124122 1 0.932813 0.124122 1 0.000000 0.000000 0 0.948438 0.213115 1 0.000000 0.000000 0 0.964063 0.278689 1 0.884375 0.278689 1 0.928125 0.274005 1 0.890625 0.370023 1 0.917188 0.374707 1 0.896875 0.484778 1 0.906250 0.480094 1
0 0.787133 0.493255 0.251891 0.977518 0.768750 0.124122 1 0.782813 0.098361 1 0.756250 0.096019 1 0.810937 0.088993 1 0.740625 0.088993 1 0.850000 0.194379 1 0.717187 0.175644 1 0.890625 0.344262 1 0.676562 0.325527 1 0.820312 0.433255 1 0.728125 0.203747 1 0.796875 0.533958 1 0.720313 0.524590 1 0.792188 0.805621 1 0.721875 0.803279 1 0.000000 0.000000 0 0.798438 0.946136 1
0 0.433836 0.121159 0.037641 0.144286 0.000000 0.000000 0 0.000000 0.000000 0 0.000000 0.000000 0 0.000000 0.000000 0 0.000000 0.000000 0 0.000000 0.000000 0 0.000000 0.000000 0 0.000000 0.000000 0 0.000000 0.000000 0 0.000000 0.000000 0 0.000000 0.000000 0 0.000000 0.000000 0 0.000000 0.000000 0 0.000000 0.000000 0 0.000000 0.000000 0 0.000000 0.000000 0 0.000000 0.000000 0
0 0.429383 0.109590 0.021672 0.104098 0.000000 0.000000 0 0.000000 0.000000 0 0.000000 0.000000 0 0.000000 0.000000 0 0.000000 0.000000 0 0.000000 0.000000 0 0.000000 0.000000 0 0.000000 0.000000 0 0.000000 0.000000 0 0.000000 0.000000 0 0.000000 0.000000 0 0.000000 0.000000 0 0.000000 0.000000 0 0.000000 0.000000 0 0.000000 0.000000 0 0.000000 0.000000 0 0.000000 0.000000 0
0 0.203898 0.548314 0.236891 0.880890 0.310937 0.252927 1 0.312500 0.227166 1 0.298438 0.241218 1 0.000000 0.000000 0 0.260937 0.243560 1 0.214062 0.266979 1 0.223438 0.316159 1 0.000000 0.000000 0 0.292187 0.461358 1 0.000000 0.000000 0 0.284375 0.327869 1 0.200000 0.587822 1 0.226562 0.604215 1 0.185938 0.798595 1 0.295312 0.763466 1 0.109375 0.967213 1 0.000000 0.000000 0
0 0.372766 0.146604 0.030875 0.150398 0.000000 0.000000 0 0.000000 0.000000 0 0.000000 0.000000 0 0.000000 0.000000 0 0.000000 0.000000 0 0.000000 0.000000 0 0.000000 0.000000 0 0.000000 0.000000 0 0.000000 0.000000 0 0.000000 0.000000 0 0.000000 0.000000 0 0.000000 0.000000 0 0.000000 0.000000 0 0.000000 0.000000 0 0.000000 0.000000 0 0.000000 0.000000 0 0.000000 0.000000 0
0 0.328875 0.129496 0.039594 0.195105 0.000000 0.000000 0 0.000000 0.000000 0 0.000000 0.000000 0 0.000000 0.000000 0 0.335938 0.049180 1 0.315625 0.070258 1 0.335938 0.072600 1 0.314063 0.103044 1 0.342187 0.103044 1 0.315625 0.124122 1 0.345313 0.131148 1 0.318750 0.121780 1 0.334375 0.124122 1 0.320312 0.159251 1 0.331250 0.163934 1 0.320312 0.185012 1 0.329688 0.206089 1
0 0.139117 0.311651 0.110703 0.488782 0.000000 0.000000 0 0.000000 0.000000 0 0.000000 0.000000 0 0.126562 0.112412 1 0.162500 0.114754 1 0.109375 0.166276 1 0.167187 0.170960 1 0.096875 0.236534 1 0.176563 0.243560 1 0.000000 0.000000 0 0.184375 0.231850 1 0.121875 0.306792 1 0.159375 0.306792 1 0.129688 0.409836 1 0.156250 0.414520 1 0.135937 0.526932 1 0.150000 0.519906 1
0 0.022211 0.305855 0.044422 0.449321 0.000000 0.000000 0 0.000000 0.000000 0 0.000000 0.000000 0 0.000000 0.000000 0 0.000000 0.000000 0 0.007812 0.100703 1 0.000000 0.000000 0 0.025000 0.185012 1 0.000000 0.000000 0 0.032813 0.262295 1 0.000000 0.000000 0 0.001563 0.255269 1 0.000000 0.000000 0 0.006250 0.379391 1 0.000000 0.000000 0 0.003125 0.477752 1 0.000000 0.000000 0
0 0.402148 0.123876 0.031859 0.138103 0.000000 0.000000 0 0.000000 0.000000 0 0.000000 0.000000 0 0.000000 0.000000 0 0.000000 0.000000 0 0.000000 0.000000 0 0.000000 0.000000 0 0.000000 0.000000 0 0.000000 0.000000 0 0.000000 0.000000 0 0.000000 0.000000 0 0.000000 0.000000 0 0.000000 0.000000 0 0.000000 0.000000 0 0.000000 0.000000 0 0.000000 0.000000 0 0.000000 0.000000 0
0 0.479719 0.079637 0.027438 0.053185 0.000000 0.000000 0 0.000000 0.000000 0 0.000000 0.000000 0 0.000000 0.000000 0 0.000000 0.000000 0 0.000000 0.000000 0 0.000000 0.000000 0 0.000000 0.000000 0 0.000000 0.000000 0 0.000000 0.000000 0 0.000000 0.000000 0 0.000000 0.000000 0 0.000000 0.000000 0 0.000000 0.000000 0 0.000000 0.000000 0 0.000000 0.000000 0 0.000000 0.000000 0