0 0.513883 0.618638 0.341828 0.762723 0.467187 0.373239 1 0.482812 0.345070 1 0.459375 0.335681 1 0.504687 0.345070 1 0.426563 0.312207 1 0.543750 0.464789 1 0.387500 0.450704 1 0.643750 0.586854 1 0.415625 0.624413 1 0.656250 0.683099 1 0.506250 0.610329 1 0.542188 0.802817 1 0.432812 0.805164 1 0.000000 0.000000 0 0.368750 0.995305 1 0.000000 0.000000 0 0.000000 0.000000 0
0 0.505164 0.538028 0.792766 0.878451 0.537500 0.241784 1 0.556250 0.213615 1 0.521875 0.208920 1 0.576562 0.227700 1 0.501563 0.213615 1 0.589063 0.347418 1 0.448437 0.309859 1 0.703125 0.399061 1 0.346875 0.408451 1 0.801562 0.342723 1 0.239063 0.485915 1 0.520312 0.678404 1 0.417187 0.598592 1 0.000000 0.000000 0 0.320312 0.711268 1 0.000000 0.000000 0 0.176563 0.903756 1
0 0.660586 0.447171 0.115078 0.612559 0.689063 0.197183 1 0.698438 0.185446 1 0.682813 0.183099 1 0.000000 0.000000 0 0.664062 0.194836 1 0.700000 0.286385 1 0.637500 0.265258 1 0.682813 0.366197 1 0.620313 0.354460 1 0.721875 0.438967 1 0.634375 0.453052 1 0.642188 0.438967 1 0.607812 0.427230 1 0.673438 0.568075 1 0.639062 0.565728 1 0.662500 0.718310 1 0.643750 0.725352 1
0 0.807266 0.207711 0.055344 0.160399 0.000000 0.000000 0 0.000000 0.000000 0 0.000000 0.000000 0 0.818750 0.150235 1 0.000000 0.000000 0 0.821875 0.185446 1 0.795312 0.183099 1 0.000000 0.000000 0 0.789062 0.204225 1 0.000000 0.000000 0 0.793750 0.215962 1 0.000000 0.000000 0 0.000000 0.000000 0 0.812500 0.225352 1 0.796875 0.227700 1 0.795312 0.276995 1 0.782813 0.284038 1
0 0.073523 0.375023 0.147047 0.489484 0.028125 0.185446 1 0.037500 0.171362 1 0.028125 0.176056 1 0.059375 0.166667 1 0.000000 0.000000 0 0.050000 0.211268 1 0.056250 0.204225 1 0.000000 0.000000 0 0.029687 0.300469 1 0.000000 0.000000 0 0.004687 0.326291 1 0.087500 0.342723 1 0.092188 0.333333 1 0.064062 0.476526 1 0.056250 0.478873 1 0.057813 0.568075 1 0.115625 0.492958 1
0 0.475703 0.162441 0.087437 0.189202 0.501563 0.110329 1 0.501563 0.107981 1 0.492188 0.107981 1 0.510938 0.110329 1 0.482812 0.105634 1 0.496875 0.178404 1 0.464062 0.176056 1 0.000000 0.000000 0 0.000000 0.000000 0 0.000000 0.000000 0 0.000000 0.000000 0 0.000000 0.000000 0 0.000000 0.000000 0 0.000000 0.000000 0 0.000000 0.000000 0 0.000000 0.000000 0 0.000000 0.000000 0
0 0.616695 0.186256 0.097922 0.274906 0.603125 0.105634 1 0.606250 0.091549 1 0.596875 0.093897 1 0.620313 0.091549 1 0.585938 0.098592 1 0.639062 0.145540 1 0.576562 0.147887 1 0.667188 0.227700 1 0.000000 0.000000 0 0.635938 0.239437 1 0.000000 0.000000 0 0.618750 0.305164 1 0.579688 0.302817 1 0.000000 0.000000 0 0.000000 0.000000 0 0.000000 0.000000 0 0.000000 0.000000 0
0 0.958461 0.404495 0.083078 0.665188 0.000000 0.000000 0 0.000000 0.000000 0 0.000000 0.000000 0 0.000000 0.000000 0 0.985938 0.124413 1 0.000000 0.000000 0 0.967187 0.206573 1 0.000000 0.000000 0 0.942187 0.307512 1 0.000000 0.000000 0 0.929688 0.401408 1 0.000000 0.000000 0 0.985938 0.420188 1 0.000000 0.000000 0 0.968750 0.542254 1 0.000000 0.000000 0 0.946875 0.701878 1
0 0.865641 0.131725 0.054031 0.203451 0.000000 0.000000 0 0.000000 0.000000 0 0.000000 0.000000 0 0.871875 0.044601 1 0.857812 0.046948 1 0.879687 0.077465 1 0.850000 0.077465 1 0.887500 0.112676 1 0.842187 0.117371 1 0.885938 0.138498 1 0.850000 0.150235 1 0.879687 0.152582 1 0.859375 0.154930 1 0.868750 0.204225 1 0.856250 0.206573 1 0.000000 0.000000 0 0.000000 0.000000 0
0 0.727094 0.233815 0.070562 0.121761 0.000000 0.000000 0 0.000000 0.000000 0 0.000000 0.000000 0 0.000000 0.000000 0 0.000000 0.000000 0 0.740625 0.211268 1 0.712500 0.218310 1 0.746875 0.239437 1 0.707812 0.246479 1 0.734375 0.262911 1 0.712500 0.272300 1 0.000000 0.000000 0 0.000000 0.000000 0 0.000000 0.000000 0 0.000000 0.000000 0 0.000000 0.000000 0 0.000000 0.000000 0
0 0.929367 0.105153 0.056797 0.142746 0.920312 0.053991 1 0.925000 0.044601 1 0.917188 0.049296 1 0.929688 0.049296 1 0.914062 0.053991 1 0.945312 0.070423 1 0.907813 0.077465 1 0.000000 0.000000 0 0.000000 0.000000 0 0.000000 0.000000 0 0.000000 0.000000 0 0.945312 0.143192 1 0.914062 0.147887 1 0.000000 0.000000 0 0.000000 0.000000 0 0.000000 0.000000 0 0.000000 0.000000 0
0 0.259648 0.308122 0.102953 0.464038 0.293750 0.124413 1 0.296875 0.112676 1 0.287500 0.115023 1 0.000000 0.000000 0 0.273438 0.117371 1 0.287500 0.152582 1 0.262500 0.166667 1 0.000000 0.000000 0 0.256250 0.244131 1 0.000000 0.000000 0 0.279687 0.293427 1 0.254688 0.295775 1 0.243750 0.300469 1 0.251563 0.401408 1 0.262500 0.394366 1 0.237500 0.488263 1 0.250000 0.485915 1
0 0.685297 0.092864 0.055125 0.129296 0.682813 0.058685 1 0.685937 0.053991 1 0.678125 0.053991 1 0.692187 0.053991 1 0.673438 0.058685 1 0.700000 0.084507 1 0.667188 0.084507 1 0.704688 0.117371 1 0.660937 0.110329 1 0.687500 0.119718 1 0.678125 0.110329 1 0.696875 0.154930 1 0.668750 0.154930 1 0.000000 0.000000 0 0.000000 0.000000 0 0.000000 0.000000 0 0.000000 0.000000 0