0 0.889219 0.568705 0.185594 0.675324 0.812500 0.334532 1 0.817187 0.316547 1 0.000000 0.000000 0 0.835938 0.309353 1 0.000000 0.000000 0 0.864062 0.366906 1 0.828125 0.392086 1 0.895312 0.478417 1 0.870313 0.485612 1 0.918750 0.589928 1 0.884375 0.575540 1 0.953125 0.485612 1 0.923438 0.489209 1 0.921875 0.651079 1 0.882812 0.643885 1 0.929688 0.848921 1 0.873437 0.838129 1
0 0.740211 0.673040 0.282453 0.483129 0.740625 0.525180 1 0.750000 0.503597 1 0.000000 0.000000 0 0.768750 0.507194 1 0.000000 0.000000 0 0.759375 0.564748 1 0.818750 0.557554 1 0.707812 0.597122 1 0.864062 0.672662 1 0.653125 0.611511 1 0.000000 0.000000 0 0.825000 0.755396 1 0.843750 0.755396 1 0.748437 0.719424 1 0.771875 0.672662 1 0.809375 0.848921 1 0.817187 0.845324 1
0 0.754648 0.301367 0.045703 0.278921 0.750000 0.223022 1 0.754687 0.215827 1 0.746875 0.215827 1 0.000000 0.000000 0 0.000000 0.000000 0 0.765625 0.244604 1 0.745313 0.244604 1 0.764062 0.244604 1 0.734375 0.237410 1 0.750000 0.276978 1 0.740625 0.262590 1 0.765625 0.348921 1 0.748437 0.345324 1 0.765625 0.428058 1 0.751563 0.431655 1 0.000000 0.000000 0 0.000000 0.000000 0
0 0.953187 0.272932 0.093625 0.382266 0.964063 0.125899 1 0.968750 0.118705 1 0.960938 0.118705 1 0.978125 0.125899 1 0.957812 0.122302 1 0.989062 0.161871 1 0.948438 0.169065 1 0.984375 0.230216 1 0.934375 0.212230 1 0.954688 0.233813 1 0.929688 0.226619 1 0.985938 0.330935 1 0.959375 0.327338 1 0.987500 0.442446 1 0.918750 0.305755 1 0.000000 0.000000 0 0.923438 0.417266 1
0 0.421687 0.534838 0.253781 0.687662 0.412500 0.258993 1 0.417187 0.248201 1 0.000000 0.000000 0 0.434375 0.266187 1 0.000000 0.000000 0 0.406250 0.381295 1 0.459375 0.266187 1 0.359375 0.392086 1 0.385937 0.280576 1 0.318750 0.330935 1 0.337500 0.284173 1 0.446875 0.543165 1 0.423438 0.503597 1 0.435937 0.748201 1 0.378125 0.647482 1 0.529687 0.798561 1 0.326562 0.830935 1
0 0.593055 0.303831 0.084172 0.473273 0.587500 0.125899 1 0.590625 0.115108 1 0.582812 0.115108 1 0.598437 0.118705 1 0.578125 0.118705 1 0.609375 0.151079 1 0.571875 0.151079 1 0.621875 0.223022 1 0.556250 0.219424 1 0.585938 0.237410 1 0.565625 0.237410 1 0.609375 0.312950 1 0.590625 0.309353 1 0.617188 0.446043 1 0.564063 0.392086 1 0.618750 0.557554 1 0.590625 0.503597 1
0 0.494805 0.318561 0.086609 0.435971 0.490625 0.143885 1 0.495312 0.136691 1 0.487500 0.136691 1 0.503125 0.143885 1 0.482812 0.140288 1 0.514062 0.176259 1 0.479687 0.172662 1 0.532813 0.226619 1 0.453125 0.219424 1 0.504687 0.230216 1 0.470313 0.226619 1 0.507812 0.334532 1 0.489063 0.334532 1 0.514062 0.446043 1 0.493750 0.442446 1 0.529687 0.550360 1 0.512500 0.546763 1
0 0.393078 0.289928 0.069000 0.440719 0.384375 0.115108 1 0.389062 0.107914 1 0.381250 0.107914 1 0.400000 0.107914 1 0.000000 0.000000 0 0.415625 0.147482 1 0.378125 0.154676 1 0.412500 0.219424 1 0.364063 0.215827 1 0.395313 0.172662 1 0.364063 0.226619 1 0.412500 0.269784 1 0.398438 0.273381 1 0.000000 0.000000 0 0.393750 0.374101 1 0.000000 0.000000 0 0.403125 0.489209 1
0 0.318703 0.162734 0.072375 0.154892 0.310937 0.133094 1 0.315625 0.125899 1 0.307812 0.125899 1 0.321875 0.125899 1 0.301563 0.125899 1 0.332813 0.165468 1 0.295312 0.169065 1 0.346875 0.226619 1 0.284375 0.219424 1 0.317188 0.226619 1 0.298438 0.223022 1 0.000000 0.000000 0 0.000000 0.000000 0 0.000000 0.000000 0 0.000000 0.000000 0 0.000000 0.000000 0 0.000000 0.000000 0
0 0.243109 0.305647 0.090375 0.458777 0.242188 0.125899 1 0.245312 0.118705 1 0.239063 0.118705 1 0.251563 0.122302 1 0.231250 0.125899 1 0.265625 0.147482 1 0.226562 0.154676 1 0.270313 0.226619 1 0.206250 0.205036 1 0.237500 0.223022 1 0.215625 0.223022 1 0.264062 0.284173 1 0.248438 0.291367 1 0.265625 0.420863 1 0.217188 0.381295 1 0.275000 0.496403 1 0.243750 0.485612 1
0 0.141539 0.304496 0.117141 0.469640 0.126562 0.118705 1 0.129688 0.107914 1 0.123438 0.107914 1 0.139063 0.104317 1 0.117188 0.107914 1 0.150000 0.143885 1 0.109375 0.147482 1 0.159375 0.212230 1 0.092188 0.219424 1 0.121875 0.223022 1 0.106250 0.226619 1 0.150000 0.298561 1 0.125000 0.298561 1 0.173437 0.420863 1 0.121875 0.420863 1 0.192188 0.521583 1 0.115625 0.521583 1
0 0.050531 0.286385 0.088188 0.418885 0.040625 0.133094 1 0.043750 0.125899 1 0.037500 0.125899 1 0.051562 0.125899 1 0.032813 0.122302 1 0.057813 0.161871 1 0.023438 0.154676 1 0.076563 0.215827 1 0.012500 0.212230 1 0.043750 0.230216 1 0.015625 0.226619 1 0.067187 0.305755 1 0.045312 0.323741 1 0.075000 0.424460 1 0.050000 0.428058 1 0.079687 0.579137 1 0.085938 0.503597 1
0 0.649086 0.086655 0.068609 0.134029 0.000000 0.000000 0 0.000000 0.000000 0 0.000000 0.000000 0 0.000000 0.000000 0 0.000000 0.000000 0 0.000000 0.000000 0 0.000000 0.000000 0 0.000000 0.000000 0 0.000000 0.000000 0 0.000000 0.000000 0 0.000000 0.000000 0 0.000000 0.000000 0 0.000000 0.000000 0 0.000000 0.000000 0 0.000000 0.000000 0 0.000000 0.000000 0 0.000000 0.000000 0