0 0.556170 0.508997 0.526900 0.950569 0.522000 0.119760 1 0.550000 0.113772 1 0.000000 0.000000 0 0.604000 0.164671 1 0.000000 0.000000 0 0.664000 0.305389 1 0.486000 0.263473 1 0.796000 0.440120 1 0.410000 0.464072 1 0.706000 0.347305 1 0.342000 0.556886 1 0.620000 0.706587 1 0.506000 0.715569 1 0.504000 0.841317 1 0.552000 0.958084 1 0.000000 0.000000 0 0.000000 0.000000 0
0 0.438330 0.551302 0.501380 0.874162 0.440000 0.230539 1 0.444000 0.200599 1 0.414000 0.209581 1 0.000000 0.000000 0 0.374000 0.251497 1 0.508000 0.368263 1 0.366000 0.395210 1 0.000000 0.000000 0 0.324000 0.562874 1 0.000000 0.000000 0 0.268000 0.709581 1 0.488000 0.709581 1 0.384000 0.715569 1 0.644000 0.967066 1 0.392000 0.862275 1 0.000000 0.000000 0 0.000000 0.000000 0
0 0.708510 0.424656 0.147900 0.763144 0.000000 0.000000 0 0.000000 0.000000 0 0.000000 0.000000 0 0.000000 0.000000 0 0.000000 0.000000 0 0.692000 0.143713 1 0.000000 0.000000 0 0.756000 0.254491 1 0.000000 0.000000 0 0.000000 0.000000 0 0.000000 0.000000 0 0.694000 0.371257 1 0.000000 0.000000 0 0.000000 0.000000 0 0.000000 0.000000 0 0.000000 0.000000 0 0.000000 0.000000 0
0 0.100580 0.400000 0.156120 0.683174 0.000000 0.000000 0 0.000000 0.000000 0 0.000000 0.000000 0 0.000000 0.000000 0 0.000000 0.000000 0 0.134000 0.272455 1 0.078000 0.275449 1 0.148000 0.326347 1 0.042000 0.308383 1 0.108000 0.260479 1 0.074000 0.236527 1 0.132000 0.452096 1 0.084000 0.449102 1 0.162000 0.571856 1 0.086000 0.571856 1 0.166000 0.691617 1 0.092000 0.697605 1
0 0.265700 0.398862 0.159120 0.600000 0.000000 0.000000 0 0.000000 0.000000 0 0.000000 0.000000 0 0.000000 0.000000 0 0.000000 0.000000 0 0.308000 0.191617 1 0.242000 0.188623 1 0.326000 0.317365 1 0.214000 0.314371 1 0.328000 0.419162 1 0.214000 0.422156 1 0.296000 0.437126 1 0.252000 0.440120 1 0.000000 0.000000 0 0.000000 0.000000 0 0.000000 0.000000 0 0.000000 0.000000 0
0 0.818930 0.401781 0.206220 0.803144 0.816000 0.080838 1 0.824000 0.068862 1 0.812000 0.065868 1 0.000000 0.000000 0 0.000000 0.000000 0 0.874000 0.149701 1 0.796000 0.143713 1 0.886000 0.254491 1 0.742000 0.251497 1 0.848000 0.179641 1 0.794000 0.170659 1 0.836000 0.407186 1 0.774000 0.401198 1 0.832000 0.571856 1 0.756000 0.565868 1 0.806000 0.805389 1 0.728000 0.772455 1
0 0.514740 0.129147 0.088760 0.215778 0.000000 0.000000 0 0.000000 0.000000 0 0.000000 0.000000 0 0.000000 0.000000 0 0.000000 0.000000 0 0.000000 0.000000 0 0.496000 0.128743 1 0.000000 0.000000 0 0.000000 0.000000 0 0.000000 0.000000 0 0.000000 0.000000 0 0.000000 0.000000 0 0.000000 0.000000 0 0.000000 0.000000 0 0.000000 0.000000 0 0.000000 0.000000 0 0.000000 0.000000 0
0 0.959940 0.249386 0.075880 0.479012 0.980000 0.065868 1 0.988000 0.047904 1 0.972000 0.050898 1 0.000000 0.000000 0 0.000000 0.000000 0 0.000000 0.000000 0 0.946000 0.143713 1 0.000000 0.000000 0 0.000000 0.000000 0 0.000000 0.000000 0 0.000000 0.000000 0 0.000000 0.000000 0 0.940000 0.368263 1 0.000000 0.000000 0 0.000000 0.000000 0 0.000000 0.000000 0 0.000000 0.000000 0
0 0.920020 0.576422 0.159960 0.521168 0.000000 0.000000 0 0.000000 0.000000 0 0.000000 0.000000 0 0.000000 0.000000 0 0.000000 0.000000 0 0.000000 0.000000 0 0.952000 0.419162 1 0.000000 0.000000 0 0.946000 0.491018 1 0.970000 0.565868 1 0.940000 0.562874 1 0.000000 0.000000 0 0.964000 0.574850 1 0.948000 0.598802 1 0.896000 0.583832 1 0.940000 0.778443 1 0.880000 0.769461 1
0 0.163960 0.392201 0.105840 0.664940 0.000000 0.000000 0 0.000000 0.000000 0 0.000000 0.000000 0 0.000000 0.000000 0 0.000000 0.000000 0 0.170000 0.185629 1 0.184000 0.191617 1 0.146000 0.287425 1 0.174000 0.299401 1 0.000000 0.000000 0 0.220000 0.311377 1 0.000000 0.000000 0 0.188000 0.386228 1 0.000000 0.000000 0 0.190000 0.583832 1 0.000000 0.000000 0 0.194000 0.739521 1
0 0.372160 0.165614 0.092160 0.331228 0.372000 0.110778 1 0.382000 0.086826 1 0.358000 0.089820 1 0.400000 0.107784 1 0.340000 0.113772 1 0.000000 0.000000 0 0.000000 0.000000 0 0.000000 0.000000 0 0.000000 0.000000 0 0.000000 0.000000 0 0.000000 0.000000 0 0.000000 0.000000 0 0.000000 0.000000 0 0.000000 0.000000 0 0.000000 0.000000 0 0.000000 0.000000 0 0.000000 0.000000 0