0 0.359496 0.480500 0.548876 0.521875 0.419204 0.298438 1 0.000000 0.000000 0 0.000000 0.000000 0 0.000000 0.000000 0 0.344262 0.284375 1 0.440281 0.281250 1 0.323185 0.325000 1 0.524590 0.303125 1 0.372365 0.421875 1 0.529274 0.367188 1 0.480094 0.401562 1 0.435597 0.478125 1 0.341920 0.478125 1 0.524590 0.565625 1 0.332553 0.601562 1 0.587822 0.707812 1 0.131148 0.665625 1
0 0.574906 0.233039 0.098618 0.059609 0.000000 0.000000 0 0.000000 0.000000 0 0.000000 0.000000 0 0.000000 0.000000 0 0.000000 0.000000 0 0.000000 0.000000 0 0.000000 0.000000 0 0.000000 0.000000 0 0.000000 0.000000 0 0.000000 0.000000 0 0.000000 0.000000 0 0.000000 0.000000 0 0.000000 0.000000 0 0.000000 0.000000 0 0.000000 0.000000 0 0.000000 0.000000 0 0.000000 0.000000 0
0 0.249110 0.170477 0.157986 0.154609 0.241218 0.121875 1 0.243560 0.117188 1 0.227166 0.117188 1 0.000000 0.000000 0 0.208431 0.121875 1 0.274005 0.146875 1 0.194379 0.154688 1 0.290398 0.162500 1 0.199063 0.187500 1 0.236534 0.179688 1 0.269321 0.164062 1 0.264637 0.196875 1 0.217799 0.201563 1 0.299766 0.190625 1 0.222482 0.190625 1 0.288056 0.228125 1 0.248244 0.217188 1
0 0.884859 0.161344 0.155574 0.120687 0.875878 0.137500 1 0.882904 0.131250 1 0.866511 0.131250 1 0.000000 0.000000 0 0.840749 0.129688 1 0.913349 0.151562 1 0.812646 0.153125 1 0.939110 0.185938 1 0.833724 0.195312 1 0.000000 0.000000 0 0.887588 0.207813 1 0.000000 0.000000 0 0.000000 0.000000 0 0.000000 0.000000 0 0.000000 0.000000 0 0.000000 0.000000 0 0.000000 0.000000 0
0 0.132518 0.221695 0.102740 0.053234 0.000000 0.000000 0 0.000000 0.000000 0 0.000000 0.000000 0 0.000000 0.000000 0 0.000000 0.000000 0 0.000000 0.000000 0 0.000000 0.000000 0 0.000000 0.000000 0 0.000000 0.000000 0 0.000000 0.000000 0 0.000000 0.000000 0 0.000000 0.000000 0 0.000000 0.000000 0 0.000000 0.000000 0 0.000000 0.000000 0 0.000000 0.000000 0 0.000000 0.000000 0
0 0.380515 0.139789 0.145152 0.148672 0.398126 0.098437 1 0.402810 0.092188 1 0.391101 0.092188 1 0.000000 0.000000 0 0.370023 0.096875 1 0.428571 0.134375 1 0.341920 0.134375 1 0.000000 0.000000 0 0.320843 0.185938 1 0.000000 0.000000 0 0.377049 0.206250 1 0.423888 0.223438 1 0.341920 0.223438 1 0.000000 0.000000 0 0.000000 0.000000 0 0.000000 0.000000 0 0.000000 0.000000 0
0 0.738759 0.236969 0.101311 0.065281 0.000000 0.000000 0 0.000000 0.000000 0 0.000000 0.000000 0 0.000000 0.000000 0 0.000000 0.000000 0 0.000000 0.000000 0 0.000000 0.000000 0 0.000000 0.000000 0 0.000000 0.000000 0 0.000000 0.000000 0 0.000000 0.000000 0 0.000000 0.000000 0 0.000000 0.000000 0 0.000000 0.000000 0 0.000000 0.000000 0 0.000000 0.000000 0 0.000000 0.000000 0
0 0.440398 0.202141 0.117424 0.108813 0.451991 0.175000 1 0.459016 0.170313 1 0.447307 0.170313 1 0.470726 0.175000 1 0.430913 0.170313 1 0.480094 0.207813 1 0.412178 0.201563 1 0.491803 0.237500 1 0.398126 0.231250 1 0.491803 0.248438 1 0.437939 0.245312 1 0.473068 0.259375 1 0.421546 0.259375 1 0.000000 0.000000 0 0.000000 0.000000 0 0.000000 0.000000 0 0.000000 0.000000 0
0 0.762225 0.159555 0.159813 0.118766 0.789227 0.142187 1 0.796253 0.135937 1 0.782201 0.135937 1 0.000000 0.000000 0 0.761124 0.132812 1 0.800937 0.160938 1 0.723653 0.150000 1 0.824356 0.192188 1 0.697892 0.193750 1 0.796253 0.154688 1 0.768150 0.179688 1 0.789227 0.223438 1 0.723653 0.221875 1 0.000000 0.000000 0 0.000000 0.000000 0 0.000000 0.000000 0 0.000000 0.000000 0
0 0.050023 0.165297 0.100047 0.094500 0.000000 0.000000 0 0.000000 0.000000 0 0.000000 0.000000 0 0.000000 0.000000 0 0.000000 0.000000 0 0.007026 0.128125 1 0.000000 0.000000 0 0.042155 0.162500 1 0.000000 0.000000 0 0.009368 0.178125 1 0.000000 0.000000 0 0.016393 0.187500 1 0.000000 0.000000 0 0.000000 0.000000 0 0.000000 0.000000 0 0.000000 0.000000 0 0.000000 0.000000 0
0 0.565328 0.494148 0.141850 0.178172 0.559719 0.439063 1 0.000000 0.000000 0 0.000000 0.000000 0 0.000000 0.000000 0 0.000000 0.000000 0 0.601874 0.479687 1 0.505855 0.476562 1 0.618267 0.539062 1 0.484778 0.532813 1 0.604215 0.540625 1 0.526932 0.535937 1 0.585480 0.575000 1 0.526932 0.571875 1 0.000000 0.000000 0 0.000000 0.000000 0 0.000000 0.000000 0 0.000000 0.000000 0