0 0.863610 0.716173 0.099620 0.539326 0.852000 0.519062 1 0.864000 0.510264 1 0.848000 0.504399 1 0.878000 0.513196 1 0.836000 0.513196 1 0.882000 0.586510 1 0.836000 0.580645 1 0.902000 0.656891 1 0.000000 0.000000 0 0.896000 0.739003 1 0.000000 0.000000 0 0.874000 0.739003 1 0.844000 0.736070 1 0.870000 0.838710 1 0.850000 0.829912 1 0.872000 0.941349 1 0.852000 0.929619 1
0 0.712830 0.727874 0.092180 0.502082 0.712000 0.533724 1 0.720000 0.524927 1 0.706000 0.524927 1 0.732000 0.527859 1 0.698000 0.530792 1 0.740000 0.589443 1 0.684000 0.571848 1 0.000000 0.000000 0 0.698000 0.633431 1 0.000000 0.000000 0 0.708000 0.586510 1 0.732000 0.697947 1 0.692000 0.697947 1 0.728000 0.821114 1 0.684000 0.821114 1 0.728000 0.923754 1 0.684000 0.938416 1
0 0.626990 0.709751 0.113020 0.544545 0.628000 0.507331 1 0.636000 0.495601 1 0.622000 0.495601 1 0.646000 0.501466 1 0.604000 0.492669 1 0.662000 0.548387 1 0.578000 0.560117 1 0.672000 0.651026 1 0.574000 0.659824 1 0.672000 0.706745 1 0.578000 0.712610 1 0.644000 0.686217 1 0.602000 0.683284 1 0.646000 0.826979 1 0.606000 0.824047 1 0.644000 0.923754 1 0.608000 0.920821 1
0 0.526210 0.728974 0.118020 0.508915 0.526000 0.536657 1 0.534000 0.530792 1 0.520000 0.527859 1 0.546000 0.530792 1 0.508000 0.533724 1 0.562000 0.595308 1 0.494000 0.595308 1 0.570000 0.668622 1 0.482000 0.674487 1 0.572000 0.739003 1 0.484000 0.739003 1 0.548000 0.739003 1 0.512000 0.739003 1 0.546000 0.832845 1 0.518000 0.826979 1 0.546000 0.938416 1 0.520000 0.935484 1
0 0.446400 0.717742 0.088480 0.523109 0.450000 0.527859 1 0.456000 0.516129 1 0.442000 0.510264 1 0.468000 0.521994 1 0.426000 0.519062 1 0.470000 0.598240 1 0.416000 0.601173 1 0.000000 0.000000 0 0.412000 0.668622 1 0.000000 0.000000 0 0.410000 0.724340 1 0.466000 0.724340 1 0.426000 0.721408 1 0.466000 0.835777 1 0.432000 0.838710 1 0.458000 0.926686 1 0.442000 0.920821 1
0 0.306500 0.212947 0.096280 0.294106 0.302000 0.131965 1 0.310000 0.120235 1 0.298000 0.117302 1 0.322000 0.123167 1 0.288000 0.126100 1 0.330000 0.190616 1 0.274000 0.193548 1 0.342000 0.263930 1 0.266000 0.260997 1 0.344000 0.331378 1 0.274000 0.328446 1 0.326000 0.325513 1 0.284000 0.322581 1 0.000000 0.000000 0 0.000000 0.000000 0 0.000000 0.000000 0 0.000000 0.000000 0
0 0.281220 0.723460 0.097680 0.503695 0.290000 0.533724 1 0.300000 0.524927 1 0.282000 0.521994 1 0.310000 0.533724 1 0.272000 0.527859 1 0.324000 0.592375 1 0.250000 0.592375 1 0.326000 0.662757 1 0.240000 0.659824 1 0.326000 0.730205 1 0.240000 0.718475 1 0.304000 0.730205 1 0.266000 0.730205 1 0.300000 0.824047 1 0.266000 0.824047 1 0.296000 0.926686 1 0.270000 0.932551 1
0 0.225590 0.599062 0.099980 0.661525 0.248000 0.340176 1 0.256000 0.328446 1 0.240000 0.328446 1 0.000000 0.000000 0 0.226000 0.340176 1 0.274000 0.401760 1 0.206000 0.404692 1 0.000000 0.000000 0 0.186000 0.489736 1 0.000000 0.000000 0 0.198000 0.583578 1 0.260000 0.604106 1 0.218000 0.601173 1 0.250000 0.718475 1 0.210000 0.724340 1 0.236000 0.870968 1 0.214000 0.888563 1
0 0.743170 0.232625 0.091100 0.247595 0.740000 0.161290 1 0.748000 0.152493 1 0.734000 0.152493 1 0.760000 0.158358 1 0.722000 0.155425 1 0.770000 0.219941 1 0.710000 0.217009 1 0.784000 0.272727 1 0.704000 0.269795 1 0.000000 0.000000 0 0.000000 0.000000 0 0.760000 0.334311 1 0.722000 0.334311 1 0.000000 0.000000 0 0.000000 0.000000 0 0.000000 0.000000 0 0.000000 0.000000 0
0 0.795070 0.730484 0.103100 0.509120 0.764000 0.519062 1 0.772000 0.519062 1 0.000000 0.000000 0 0.000000 0.000000 0 0.000000 0.000000 0 0.806000 0.609971 1 0.764000 0.574780 1 0.832000 0.668622 1 0.744000 0.651026 1 0.814000 0.724340 1 0.746000 0.712610 1 0.782000 0.741935 1 0.758000 0.739003 1 0.792000 0.829912 1 0.766000 0.841642 1 0.796000 0.935484 1 0.770000 0.917889 1
0 0.372150 0.692595 0.111140 0.486422 0.368000 0.507331 1 0.376000 0.498534 1 0.362000 0.498534 1 0.386000 0.507331 1 0.346000 0.504399 1 0.398000 0.568915 1 0.338000 0.571848 1 0.000000 0.000000 0 0.328000 0.636364 1 0.000000 0.000000 0 0.338000 0.680352 1 0.392000 0.715543 1 0.352000 0.715543 1 0.398000 0.812317 1 0.342000 0.809384 1 0.404000 0.920821 1 0.340000 0.917889 1
0 0.559920 0.237023 0.085880 0.261730 0.556000 0.152493 1 0.564000 0.146628 1 0.548000 0.146628 1 0.000000 0.000000 0 0.000000 0.000000 0 0.592000 0.214076 1 0.526000 0.217009 1 0.590000 0.275660 1 0.522000 0.278592 1 0.592000 0.340176 1 0.520000 0.343109 1 0.000000 0.000000 0 0.000000 0.000000 0 0.000000 0.000000 0 0.000000 0.000000 0 0.000000 0.000000 0 0.000000 0.000000 0
0 0.387060 0.390264 0.085480 0.267859 0.380000 0.322581 1 0.388000 0.313783 1 0.372000 0.310850 1 0.400000 0.316716 1 0.362000 0.316716 1 0.416000 0.369501 1 0.358000 0.372434 1 0.416000 0.439883 1 0.352000 0.422287 1 0.398000 0.480938 1 0.358000 0.478006 1 0.402000 0.472141 1 0.366000 0.472141 1 0.000000 0.000000 0 0.000000 0.000000 0 0.000000 0.000000 0 0.000000 0.000000 0