0 0.345289 0.733927 0.105859 0.413521 0.359375 0.570833 1 0.000000 0.000000 0 0.357812 0.562500 1 0.000000 0.000000 0 0.343750 0.562500 1 0.340625 0.597917 1 0.312500 0.608333 1 0.343750 0.656250 1 0.309375 0.658333 1 0.371875 0.656250 1 0.354687 0.666667 1 0.350000 0.714583 1 0.331250 0.714583 1 0.339062 0.804167 1 0.328125 0.808333 1 0.325000 0.885417 1 0.309375 0.904167 1
0 0.160562 0.746906 0.099781 0.387021 0.164062 0.587500 1 0.165625 0.577083 1 0.156250 0.577083 1 0.000000 0.000000 0 0.140625 0.583333 1 0.151562 0.622917 1 0.134375 0.631250 1 0.162500 0.679167 1 0.132812 0.697917 1 0.192188 0.668750 1 0.165625 0.685417 1 0.162500 0.722917 1 0.145313 0.733333 1 0.176563 0.806250 1 0.151562 0.818750 1 0.173437 0.895833 1 0.143750 0.908333 1
0 0.193969 0.668885 0.063094 0.239646 0.201563 0.585417 1 0.204687 0.577083 1 0.196875 0.577083 1 0.214062 0.577083 1 0.000000 0.000000 0 0.218750 0.604167 1 0.189062 0.604167 1 0.000000 0.000000 0 0.178125 0.637500 1 0.203125 0.645833 1 0.195312 0.645833 1 0.210938 0.662500 1 0.187500 0.664583 1 0.214062 0.727083 1 0.182812 0.727083 1 0.215625 0.777083 1 0.181250 0.777083 1
0 0.241141 0.703865 0.067656 0.304312 0.000000 0.000000 0 0.000000 0.000000 0 0.000000 0.000000 0 0.000000 0.000000 0 0.000000 0.000000 0 0.231250 0.606250 1 0.254688 0.600000 1 0.226562 0.643750 1 0.000000 0.000000 0 0.217188 0.683333 1 0.000000 0.000000 0 0.240625 0.689583 1 0.262500 0.679167 1 0.235937 0.747917 1 0.253125 0.745833 1 0.243750 0.822917 1 0.257812 0.822917 1
0 0.734594 0.756167 0.075781 0.319750 0.735938 0.625000 1 0.000000 0.000000 0 0.731250 0.618750 1 0.000000 0.000000 0 0.725000 0.620833 1 0.704688 0.658333 1 0.735938 0.654167 1 0.704688 0.697917 1 0.762500 0.683333 1 0.704688 0.737500 1 0.000000 0.000000 0 0.717187 0.729167 1 0.742188 0.725000 1 0.723437 0.816667 1 0.740625 0.814583 1 0.717187 0.879167 1 0.734375 0.889583 1
0 0.798938 0.692063 0.077406 0.195167 0.000000 0.000000 0 0.000000 0.000000 0 0.000000 0.000000 0 0.790625 0.614583 1 0.809375 0.616667 1 0.785937 0.635417 1 0.815625 0.645833 1 0.760938 0.658333 1 0.821875 0.687500 1 0.000000 0.000000 0 0.826562 0.722917 1 0.782813 0.714583 1 0.806250 0.716667 1 0.773438 0.775000 1 0.796875 0.779167 1 0.000000 0.000000 0 0.000000 0.000000 0
0 0.904305 0.774365 0.081672 0.376396 0.000000 0.000000 0 0.000000 0.000000 0 0.000000 0.000000 0 0.890625 0.620833 1 0.000000 0.000000 0 0.882812 0.654167 1 0.926562 0.652083 1 0.896875 0.706250 1 0.000000 0.000000 0 0.879687 0.739583 1 0.000000 0.000000 0 0.896875 0.750000 1 0.932813 0.747917 1 0.884375 0.831250 1 0.921875 0.841667 1 0.893750 0.914583 1 0.917188 0.939583 1
0 0.040742 0.766667 0.081484 0.446917 0.000000 0.000000 0 0.000000 0.000000 0 0.000000 0.000000 0 0.000000 0.000000 0 0.029687 0.568750 1 0.001563 0.622917 1 0.051562 0.614583 1 0.000000 0.000000 0 0.067187 0.693750 1 0.000000 0.000000 0 0.067187 0.760417 1 0.012500 0.756250 1 0.045312 0.754167 1 0.010937 0.877083 1 0.029687 0.875000 1 0.000000 0.000000 0 0.054688 0.958333 1
0 0.741602 0.606156 0.030766 0.075521 0.000000 0.000000 0 0.000000 0.000000 0 0.000000 0.000000 0 0.000000 0.000000 0 0.000000 0.000000 0 0.000000 0.000000 0 0.000000 0.000000 0 0.000000 0.000000 0 0.000000 0.000000 0 0.000000 0.000000 0 0.000000 0.000000 0 0.000000 0.000000 0 0.000000 0.000000 0 0.000000 0.000000 0 0.000000 0.000000 0 0.000000 0.000000 0 0.000000 0.000000 0
0 0.051344 0.593500 0.068875 0.171083 0.039062 0.550000 1 0.042188 0.543750 1 0.034375 0.543750 1 0.051562 0.543750 1 0.026562 0.547917 1 0.068750 0.581250 1 0.000000 0.000000 0 0.078125 0.633333 1 0.000000 0.000000 0 0.057813 0.595833 1 0.000000 0.000000 0 0.000000 0.000000 0 0.000000 0.000000 0 0.000000 0.000000 0 0.000000 0.000000 0 0.000000 0.000000 0 0.000000 0.000000 0
0 0.209289 0.599917 0.029266 0.088792 0.000000 0.000000 0 0.000000 0.000000 0 0.000000 0.000000 0 0.000000 0.000000 0 0.000000 0.000000 0 0.000000 0.000000 0 0.000000 0.000000 0 0.000000 0.000000 0 0.000000 0.000000 0 0.000000 0.000000 0 0.000000 0.000000 0 0.000000 0.000000 0 0.000000 0.000000 0 0.000000 0.000000 0 0.000000 0.000000 0 0.000000 0.000000 0 0.000000 0.000000 0
0 0.433297 0.706333 0.059906 0.273458 0.446875 0.595833 1 0.000000 0.000000 0 0.443750 0.589583 1 0.000000 0.000000 0 0.434375 0.589583 1 0.443750 0.622917 1 0.414062 0.620833 1 0.442188 0.656250 1 0.415625 0.660417 1 0.453125 0.668750 1 0.418750 0.700000 1 0.440625 0.704167 1 0.426563 0.704167 1 0.434375 0.762500 1 0.417187 0.764583 1 0.426563 0.804167 1 0.409375 0.816667 1
0 0.467539 0.667094 0.052016 0.210437 0.468750 0.585417 1 0.471875 0.581250 1 0.465625 0.581250 1 0.000000 0.000000 0 0.456250 0.581250 1 0.473438 0.606250 1 0.451562 0.606250 1 0.476562 0.633333 1 0.450000 0.643750 1 0.484375 0.650000 1 0.471875 0.645833 1 0.473438 0.679167 1 0.457813 0.681250 1 0.481250 0.725000 1 0.460938 0.735417 1 0.481250 0.766667 1 0.451562 0.779167 1