0 0.657438 0.319098 0.145437 0.373044 0.671875 0.175644 1 0.000000 0.000000 0 0.664062 0.166276 1 0.000000 0.000000 0 0.642188 0.170960 1 0.679688 0.213115 1 0.617188 0.215457 1 0.706250 0.264637 1 0.595313 0.274005 1 0.714063 0.299766 1 0.629687 0.302108 1 0.685937 0.302108 1 0.643750 0.304450 1 0.725000 0.355972 1 0.660937 0.346604 1 0.682813 0.466042 1 0.682813 0.459016 1
0 0.593719 0.239333 0.140937 0.465176 0.000000 0.000000 0 0.000000 0.000000 0 0.000000 0.000000 0 0.000000 0.000000 0 0.000000 0.000000 0 0.635938 0.044496 1 0.556250 0.049180 1 0.654687 0.119438 1 0.539062 0.126464 1 0.654687 0.196721 1 0.535937 0.196721 1 0.620313 0.213115 1 0.575000 0.215457 1 0.626563 0.313817 1 0.571875 0.316159 1 0.626563 0.416862 1 0.570312 0.414520 1
0 0.452023 0.175948 0.109422 0.346698 0.000000 0.000000 0 0.000000 0.000000 0 0.000000 0.000000 0 0.000000 0.000000 0 0.000000 0.000000 0 0.471875 0.004684 1 0.407813 0.007026 1 0.495312 0.077283 1 0.398438 0.086651 1 0.478125 0.100703 1 0.434375 0.117096 1 0.464062 0.131148 1 0.420312 0.133489 1 0.475000 0.243560 1 0.417187 0.255269 1 0.481250 0.346604 1 0.410938 0.344262 1
0 0.523680 0.533782 0.187828 0.641897 0.525000 0.274005 1 0.528125 0.266979 1 0.514062 0.269321 1 0.000000 0.000000 0 0.482812 0.290398 1 0.553125 0.344262 1 0.468750 0.372365 1 0.509375 0.374707 1 0.454688 0.456674 1 0.464062 0.344262 1 0.446875 0.372365 1 0.554688 0.519906 1 0.501563 0.526932 1 0.573438 0.672131 1 0.471875 0.672131 1 0.573438 0.800937 1 0.467187 0.810304 1
0 0.149930 0.217974 0.134922 0.431452 0.162500 0.028103 1 0.170313 0.016393 1 0.159375 0.016393 1 0.178125 0.016393 1 0.000000 0.000000 0 0.187500 0.079625 1 0.135937 0.077283 1 0.203125 0.154567 1 0.000000 0.000000 0 0.201563 0.203747 1 0.000000 0.000000 0 0.178125 0.208431 1 0.137500 0.206089 1 0.171875 0.323185 1 0.125000 0.309133 1 0.167187 0.400468 1 0.112500 0.391101 1
0 0.382258 0.312939 0.130297 0.541194 0.382812 0.098361 1 0.390625 0.088993 1 0.373437 0.091335 1 0.000000 0.000000 0 0.359375 0.084309 1 0.409375 0.131148 1 0.350000 0.135831 1 0.412500 0.208431 1 0.345313 0.227166 1 0.398438 0.107728 1 0.404687 0.229508 1 0.401562 0.297424 1 0.360938 0.297424 1 0.406250 0.421546 1 0.343750 0.414520 1 0.417187 0.550351 1 0.325000 0.538642 1
0 0.277523 0.212881 0.106828 0.422529 0.000000 0.000000 0 0.000000 0.000000 0 0.000000 0.000000 0 0.000000 0.000000 0 0.000000 0.000000 0 0.301563 0.046838 1 0.250000 0.049180 1 0.325000 0.131148 1 0.223438 0.119438 1 0.320312 0.163934 1 0.237500 0.170960 1 0.295312 0.196721 1 0.253125 0.196721 1 0.303125 0.285714 1 0.254688 0.292740 1 0.307812 0.386417 1 0.248438 0.379391 1
0 0.961766 0.113735 0.076469 0.118712 0.987500 0.093677 1 0.992188 0.086651 1 0.981250 0.084309 1 0.000000 0.000000 0 0.975000 0.088993 1 0.996875 0.119438 1 0.962500 0.117096 1 0.000000 0.000000 0 0.934375 0.131148 1 0.000000 0.000000 0 0.000000 0.000000 0 0.000000 0.000000 0 0.000000 0.000000 0 0.000000 0.000000 0 0.000000 0.000000 0 0.000000 0.000000 0 0.000000 0.000000 0
0 0.876195 0.087951 0.111953 0.175902 0.000000 0.000000 0 0.000000 0.000000 0 0.000000 0.000000 0 0.000000 0.000000 0 0.000000 0.000000 0 0.903125 0.032787 1 0.840625 0.049180 1 0.915625 0.100703 1 0.835938 0.121780 1 0.926562 0.180328 1 0.000000 0.000000 0 0.906250 0.177986 1 0.857812 0.180328 1 0.000000 0.000000 0 0.000000 0.000000 0 0.000000 0.000000 0 0.000000 0.000000 0
0 0.131000 0.222623 0.091031 0.445246 0.139063 0.028103 1 0.143750 0.021077 1 0.129688 0.023419 1 0.151562 0.030445 1 0.117188 0.028103 1 0.156250 0.077283 1 0.106250 0.074941 1 0.159375 0.135831 1 0.104688 0.142857 1 0.121875 0.138173 1 0.145313 0.140515 1 0.148438 0.213115 1 0.115625 0.210773 1 0.143750 0.311475 1 0.121875 0.316159 1 0.143750 0.419204 1 0.120313 0.416862 1
0 0.754500 0.253091 0.108719 0.506183 0.000000 0.000000 0 0.000000 0.000000 0 0.000000 0.000000 0 0.000000 0.000000 0 0.000000 0.000000 0 0.781250 0.056206 1 0.710938 0.058548 1 0.806250 0.121780 1 0.701562 0.131148 1 0.792188 0.170960 1 0.714063 0.187354 1 0.767188 0.206089 1 0.728125 0.208431 1 0.760938 0.346604 1 0.728125 0.339578 1 0.759375 0.451991 1 0.729688 0.459016 1