0 0.478727 0.565635 0.086141 0.451229 0.489063 0.379167 1 0.489063 0.370833 1 0.482812 0.372917 1 0.000000 0.000000 0 0.464062 0.381250 1 0.489063 0.418750 1 0.454688 0.420833 1 0.000000 0.000000 0 0.435937 0.495833 1 0.506250 0.520833 1 0.479687 0.520833 1 0.484375 0.539583 1 0.456250 0.541667 1 0.507812 0.643750 1 0.465625 0.658333 1 0.471875 0.727083 1 0.450000 0.741667 1
0 0.214719 0.513073 0.074563 0.310063 0.218750 0.383333 1 0.220312 0.377083 1 0.214062 0.377083 1 0.000000 0.000000 0 0.203125 0.381250 1 0.228125 0.418750 1 0.193750 0.422917 1 0.235937 0.458333 1 0.184375 0.472917 1 0.239063 0.497917 1 0.187500 0.518750 1 0.221875 0.500000 1 0.204687 0.506250 1 0.225000 0.570833 1 0.196875 0.577083 1 0.226562 0.622917 1 0.200000 0.637500 1
0 0.040453 0.668531 0.080906 0.582021 0.043750 0.425000 1 0.045312 0.416667 1 0.034375 0.418750 1 0.000000 0.000000 0 0.010937 0.429167 1 0.046875 0.477083 1 0.001563 0.481250 1 0.056250 0.554167 1 0.000000 0.000000 0 0.059375 0.572917 1 0.009375 0.618750 1 0.039062 0.656250 1 0.007812 0.664583 1 0.050000 0.777083 1 0.003125 0.816667 1 0.028125 0.891667 1 0.000000 0.000000 0
0 0.366758 0.505563 0.057297 0.200542 0.371875 0.435417 1 0.371875 0.431250 1 0.367188 0.433333 1 0.000000 0.000000 0 0.000000 0.000000 0 0.384375 0.450000 1 0.351562 0.452083 1 0.387500 0.479167 1 0.343750 0.483333 1 0.000000 0.000000 0 0.000000 0.000000 0 0.378125 0.500000 1 0.362500 0.504167 1 0.378125 0.525000 1 0.348438 0.525000 1 0.376563 0.585417 1 0.359375 0.587500 1
0 0.973547 0.388906 0.052906 0.111646 0.995313 0.360417 1 0.998437 0.352083 1 0.989062 0.354167 1 0.000000 0.000000 0 0.979688 0.358333 1 0.000000 0.000000 0 0.970313 0.379167 1 0.000000 0.000000 0 0.956250 0.418750 1 0.979688 0.431250 1 0.964063 0.427083 1 0.993750 0.439583 1 0.971875 0.439583 1 0.000000 0.000000 0 0.951562 0.439583 1 0.996875 0.483333 1 0.951562 0.479167 1
0 0.922406 0.391406 0.060719 0.141812 0.921875 0.345833 1 0.926562 0.341667 1 0.918750 0.341667 1 0.932813 0.343750 1 0.914062 0.343750 1 0.945312 0.375000 1 0.907813 0.372917 1 0.945312 0.414583 1 0.907813 0.404167 1 0.923438 0.441667 1 0.912500 0.435417 1 0.932813 0.431250 1 0.917188 0.429167 1 0.932813 0.452083 1 0.906250 0.452083 1 0.000000 0.000000 0 0.000000 0.000000 0
0 0.703547 0.389635 0.072625 0.137396 0.718750 0.345833 1 0.000000 0.000000 0 0.714063 0.339583 1 0.000000 0.000000 0 0.701562 0.339583 1 0.718750 0.368750 1 0.690625 0.362500 1 0.728125 0.406250 1 0.684375 0.391667 1 0.718750 0.416667 1 0.698438 0.360417 1 0.706250 0.429167 1 0.678125 0.422917 1 0.715625 0.443750 1 0.689063 0.431250 1 0.000000 0.000000 0 0.000000 0.000000 0
0 0.918000 0.261729 0.071906 0.201500 0.921875 0.183333 1 0.923438 0.179167 1 0.918750 0.179167 1 0.000000 0.000000 0 0.906250 0.183333 1 0.932813 0.210417 1 0.896875 0.212500 1 0.942187 0.256250 1 0.892188 0.256250 1 0.946875 0.289583 1 0.898438 0.293750 1 0.928125 0.306250 1 0.900000 0.308333 1 0.000000 0.000000 0 0.000000 0.000000 0 0.000000 0.000000 0 0.000000 0.000000 0
0 0.977141 0.251396 0.045719 0.218625 0.987500 0.168750 1 0.989062 0.162500 1 0.982812 0.162500 1 0.000000 0.000000 0 0.000000 0.000000 0 0.000000 0.000000 0 0.971875 0.202083 1 0.000000 0.000000 0 0.959375 0.250000 1 0.000000 0.000000 0 0.962500 0.289583 1 0.000000 0.000000 0 0.976562 0.270833 1 0.000000 0.000000 0 0.978125 0.347917 1 0.000000 0.000000 0 0.000000 0.000000 0
0 0.853609 0.248750 0.073750 0.209917 0.856250 0.172917 1 0.859375 0.166667 1 0.853125 0.166667 1 0.868750 0.170833 1 0.848437 0.168750 1 0.878125 0.200000 1 0.835938 0.204167 1 0.878125 0.227083 1 0.821875 0.235417 1 0.859375 0.197917 1 0.831250 0.200000 1 0.865625 0.295833 1 0.834375 0.293750 1 0.000000 0.000000 0 0.000000 0.000000 0 0.000000 0.000000 0 0.000000 0.000000 0
0 0.759062 0.390937 0.058531 0.127000 0.753125 0.350000 1 0.759375 0.343750 1 0.000000 0.000000 0 0.770312 0.352083 1 0.000000 0.000000 0 0.778125 0.372917 1 0.746875 0.368750 1 0.776563 0.408333 1 0.732812 0.404167 1 0.756250 0.385417 1 0.745313 0.387500 1 0.767188 0.433333 1 0.746875 0.431250 1 0.764062 0.437500 1 0.734375 0.435417 1 0.000000 0.000000 0 0.000000 0.000000 0
0 0.361516 0.293260 0.052250 0.105604 0.368750 0.264583 1 0.371875 0.260417 1 0.365625 0.258333 1 0.000000 0.000000 0 0.359375 0.260417 1 0.376563 0.285417 1 0.350000 0.281250 1 0.387500 0.312500 1 0.337500 0.312500 1 0.378125 0.316667 1 0.365625 0.318750 1 0.371875 0.341667 1 0.353125 0.339583 1 0.370312 0.377083 1 0.353125 0.379167 1 0.000000 0.000000 0 0.000000 0.000000 0
0 0.863625 0.392042 0.052125 0.128792 0.857812 0.350000 1 0.862500 0.345833 1 0.854688 0.345833 1 0.867188 0.347917 1 0.850000 0.350000 1 0.882812 0.377083 1 0.843750 0.379167 1 0.879687 0.408333 1 0.853125 0.410417 1 0.862500 0.408333 1 0.859375 0.379167 1 0.873437 0.427083 1 0.862500 0.425000 1 0.873437 0.441667 1 0.859375 0.412500 1 0.000000 0.000000 0 0.000000 0.000000 0