0 0.179375 0.509555 0.218875 0.390679 0.154688 0.351288 1 0.157812 0.344262 1 0.146875 0.344262 1 0.167187 0.351288 1 0.139063 0.351288 1 0.178125 0.391101 1 0.128125 0.388759 1 0.206250 0.414520 1 0.109375 0.414520 1 0.223438 0.426230 1 0.098437 0.426230 1 0.179688 0.487119 1 0.137500 0.482436 1 0.215625 0.545667 1 0.104688 0.555035 1 0.257812 0.637002 1 0.090625 0.672131 1
0 0.249445 0.428536 0.129141 0.254309 0.228125 0.327869 1 0.228125 0.318501 1 0.221875 0.320843 1 0.000000 0.000000 0 0.214062 0.327869 1 0.239063 0.355972 1 0.201563 0.360656 1 0.256250 0.370023 1 0.189062 0.386417 1 0.278125 0.381733 1 0.000000 0.000000 0 0.243750 0.449649 1 0.210938 0.454333 1 0.267188 0.468384 1 0.000000 0.000000 0 0.285938 0.536300 1 0.000000 0.000000 0
0 0.502266 0.654684 0.284875 0.671897 0.489063 0.395785 1 0.507812 0.423888 1 0.476562 0.384075 1 0.000000 0.000000 0 0.443750 0.398126 1 0.518750 0.475410 1 0.410938 0.470726 1 0.573438 0.597190 1 0.395313 0.543326 1 0.621875 0.576112 1 0.390625 0.573770 1 0.492188 0.634660 1 0.431250 0.641686 1 0.000000 0.000000 0 0.414062 0.681499 1 0.000000 0.000000 0 0.420312 0.913349 1
0 0.461562 0.332412 0.092031 0.151569 0.471875 0.311475 1 0.473438 0.302108 1 0.465625 0.302108 1 0.000000 0.000000 0 0.000000 0.000000 0 0.485938 0.330211 1 0.434375 0.327869 1 0.498437 0.379391 1 0.429688 0.386417 1 0.517188 0.430913 1 0.000000 0.000000 0 0.000000 0.000000 0 0.000000 0.000000 0 0.000000 0.000000 0 0.000000 0.000000 0 0.000000 0.000000 0 0.000000 0.000000 0
0 0.723414 0.486511 0.223391 0.514614 0.675000 0.295082 1 0.681250 0.283372 1 0.667188 0.283372 1 0.692187 0.292740 1 0.653125 0.288056 1 0.709375 0.334895 1 0.634375 0.334895 1 0.750000 0.393443 1 0.632812 0.386417 1 0.781250 0.433255 1 0.650000 0.414520 1 0.000000 0.000000 0 0.651563 0.494145 1 0.000000 0.000000 0 0.628125 0.501171 1 0.000000 0.000000 0 0.660937 0.655738 1
0 0.567078 0.400457 0.055938 0.284286 0.562500 0.283372 1 0.568750 0.281030 1 0.560937 0.278689 1 0.576562 0.285714 1 0.000000 0.000000 0 0.584375 0.318501 1 0.567187 0.316159 1 0.573438 0.365340 1 0.557813 0.370023 1 0.554688 0.358314 1 0.545312 0.388759 1 0.581250 0.395785 1 0.560937 0.393443 1 0.579688 0.463700 1 0.565625 0.470726 1 0.582812 0.524590 1 0.565625 0.519906 1
0 0.610789 0.329075 0.059234 0.168548 0.585938 0.278689 1 0.589063 0.271663 1 0.000000 0.000000 0 0.600000 0.274005 1 0.000000 0.000000 0 0.598437 0.304450 1 0.621875 0.292740 1 0.607812 0.348946 1 0.639062 0.323185 1 0.593750 0.386417 1 0.000000 0.000000 0 0.610938 0.400468 1 0.632812 0.393443 1 0.614062 0.475410 1 0.000000 0.000000 0 0.000000 0.000000 0 0.000000 0.000000 0
0 0.514852 0.341218 0.055891 0.252037 0.496875 0.243560 1 0.500000 0.238876 1 0.000000 0.000000 0 0.510938 0.241218 1 0.000000 0.000000 0 0.514062 0.276347 1 0.529687 0.276347 1 0.512500 0.327869 1 0.000000 0.000000 0 0.506250 0.377049 1 0.000000 0.000000 0 0.517188 0.365340 1 0.532813 0.365340 1 0.000000 0.000000 0 0.000000 0.000000 0 0.000000 0.000000 0 0.000000 0.000000 0
0 0.544469 0.375703 0.030781 0.238852 0.000000 0.000000 0 0.000000 0.000000 0 0.000000 0.000000 0 0.000000 0.000000 0 0.000000 0.000000 0 0.000000 0.000000 0 0.000000 0.000000 0 0.000000 0.000000 0 0.000000 0.000000 0 0.000000 0.000000 0 0.000000 0.000000 0 0.000000 0.000000 0 0.000000 0.000000 0 0.000000 0.000000 0 0.000000 0.000000 0 0.000000 0.000000 0 0.000000 0.000000 0
0 0.813086 0.322400 0.021359 0.067845 0.000000 0.000000 0 0.000000 0.000000 0 0.000000 0.000000 0 0.000000 0.000000 0 0.000000 0.000000 0 0.000000 0.000000 0 0.000000 0.000000 0 0.000000 0.000000 0 0.000000 0.000000 0 0.000000 0.000000 0 0.000000 0.000000 0 0.000000 0.000000 0 0.000000 0.000000 0 0.000000 0.000000 0 0.000000 0.000000 0 0.000000 0.000000 0 0.000000 0.000000 0
0 0.219383 0.292166 0.013422 0.023630 0.000000 0.000000 0 0.000000 0.000000 0 0.000000 0.000000 0 0.000000 0.000000 0 0.000000 0.000000 0 0.000000 0.000000 0 0.000000 0.000000 0 0.000000 0.000000 0 0.000000 0.000000 0 0.000000 0.000000 0 0.000000 0.000000 0 0.000000 0.000000 0 0.000000 0.000000 0 0.000000 0.000000 0 0.000000 0.000000 0 0.000000 0.000000 0 0.000000 0.000000 0
0 0.898500 0.317447 0.042625 0.070351 0.000000 0.000000 0 0.000000 0.000000 0 0.000000 0.000000 0 0.000000 0.000000 0 0.000000 0.000000 0 0.000000 0.000000 0 0.000000 0.000000 0 0.000000 0.000000 0 0.000000 0.000000 0 0.000000 0.000000 0 0.000000 0.000000 0 0.000000 0.000000 0 0.000000 0.000000 0 0.000000 0.000000 0 0.000000 0.000000 0 0.000000 0.000000 0 0.000000 0.000000 0