0 0.601375 0.635726 0.091094 0.404469 0.601562 0.480447 1 0.606250 0.472067 1 0.595313 0.472067 1 0.614062 0.477654 1 0.585938 0.480447 1 0.626563 0.536313 1 0.573438 0.536313 1 0.631250 0.606145 1 0.570312 0.617318 1 0.614062 0.642458 1 0.587500 0.648045 1 0.620313 0.659218 1 0.584375 0.656425 1 0.626563 0.701117 1 0.589063 0.701117 1 0.617188 0.790503 1 0.592187 0.790503 1
0 0.518797 0.638212 0.082000 0.402514 0.518750 0.480447 1 0.523438 0.474860 1 0.512500 0.472067 1 0.531250 0.480447 1 0.503125 0.477654 1 0.546875 0.533520 1 0.487500 0.530726 1 0.548438 0.589385 1 0.487500 0.597765 1 0.539062 0.642458 1 0.501563 0.642458 1 0.529687 0.653631 1 0.503125 0.653631 1 0.553125 0.695531 1 0.492188 0.695531 1 0.539062 0.796089 1 0.501563 0.793296 1
0 0.104508 0.642737 0.100922 0.444860 0.112500 0.469274 1 0.118750 0.463687 1 0.107813 0.463687 1 0.125000 0.466480 1 0.095312 0.469274 1 0.139063 0.536313 1 0.085938 0.539106 1 0.135937 0.608939 1 0.082812 0.603352 1 0.120313 0.653631 1 0.085938 0.650838 1 0.135937 0.667598 1 0.103125 0.667598 1 0.110937 0.692737 1 0.081250 0.684358 1 0.114062 0.832402 1 0.068750 0.818436 1
0 0.192844 0.639791 0.091219 0.412151 0.189062 0.480447 1 0.195312 0.469274 1 0.182812 0.472067 1 0.206250 0.477654 1 0.175000 0.483240 1 0.218750 0.527933 1 0.162500 0.530726 1 0.226562 0.592179 1 0.153125 0.600559 1 0.215625 0.656425 1 0.157812 0.653631 1 0.207813 0.662011 1 0.179688 0.659218 1 0.206250 0.698324 1 0.156250 0.698324 1 0.200000 0.804469 1 0.173437 0.798883 1
0 0.351109 0.639818 0.078969 0.400978 0.348438 0.480447 1 0.353125 0.477654 1 0.342187 0.477654 1 0.360938 0.483240 1 0.332813 0.483240 1 0.373437 0.536313 1 0.323437 0.539106 1 0.382812 0.606145 1 0.321875 0.608939 1 0.375000 0.645251 1 0.329688 0.648045 1 0.364063 0.656425 1 0.337500 0.656425 1 0.371875 0.689944 1 0.331250 0.687151 1 0.370312 0.804469 1 0.335938 0.807263 1
0 0.166773 0.433338 0.076391 0.187346 0.168750 0.377095 1 0.175000 0.365922 1 0.164062 0.368715 1 0.179688 0.371508 1 0.153125 0.374302 1 0.189062 0.424581 1 0.131250 0.430168 1 0.000000 0.000000 0 0.000000 0.000000 0 0.000000 0.000000 0 0.000000 0.000000 0 0.000000 0.000000 0 0.000000 0.000000 0 0.000000 0.000000 0 0.000000 0.000000 0 0.000000 0.000000 0 0.000000 0.000000 0
0 0.683992 0.643883 0.071203 0.393128 0.684375 0.486034 1 0.689063 0.474860 1 0.676562 0.477654 1 0.693750 0.483240 1 0.668750 0.486034 1 0.701562 0.541899 1 0.656250 0.539106 1 0.712500 0.603352 1 0.651563 0.592179 1 0.700000 0.636872 1 0.668750 0.622905 1 0.695312 0.642458 1 0.665625 0.645251 1 0.707812 0.695531 1 0.673438 0.692737 1 0.698438 0.793296 1 0.679688 0.793296 1
0 0.759398 0.622668 0.094234 0.414162 0.756250 0.458101 1 0.762500 0.449721 1 0.748437 0.449721 1 0.768750 0.452514 1 0.740625 0.455307 1 0.790625 0.513966 1 0.721875 0.516760 1 0.798438 0.592179 1 0.726562 0.600559 1 0.790625 0.648045 1 0.743750 0.656425 1 0.779687 0.642458 1 0.746875 0.645251 1 0.796875 0.701117 1 0.750000 0.703911 1 0.771875 0.779330 1 0.748437 0.779330 1
0 0.436602 0.632332 0.078234 0.401034 0.437500 0.480447 1 0.443750 0.474860 1 0.432812 0.472067 1 0.451562 0.480447 1 0.421875 0.474860 1 0.465625 0.533520 1 0.406250 0.533520 1 0.465625 0.608939 1 0.403125 0.600559 1 0.450000 0.648045 1 0.421875 0.653631 1 0.453125 0.648045 1 0.423438 0.645251 1 0.464062 0.698324 1 0.407813 0.684358 1 0.446875 0.782123 1 0.425000 0.776536 1
0 0.270469 0.642947 0.088188 0.395279 0.275000 0.483240 1 0.279687 0.477654 1 0.268750 0.477654 1 0.285938 0.483240 1 0.262500 0.488827 1 0.300000 0.536313 1 0.250000 0.539106 1 0.304688 0.597765 1 0.240625 0.600559 1 0.300000 0.645251 1 0.242188 0.645251 1 0.290625 0.673184 1 0.257812 0.673184 1 0.298438 0.689944 1 0.237500 0.692737 1 0.281250 0.810056 1 0.253125 0.812849 1
0 0.851008 0.634832 0.098047 0.420223 0.834375 0.474860 1 0.842187 0.466480 1 0.828125 0.466480 1 0.851562 0.469274 1 0.821875 0.472067 1 0.865625 0.527933 1 0.810937 0.527933 1 0.871875 0.600559 1 0.803125 0.606145 1 0.864062 0.636872 1 0.820312 0.642458 1 0.853125 0.639665 1 0.823438 0.642458 1 0.876563 0.681564 1 0.828125 0.678771 1 0.876563 0.787709 1 0.831250 0.790503 1
0 0.922656 0.635964 0.093031 0.395503 0.915625 0.483240 1 0.921875 0.474860 1 0.910937 0.474860 1 0.928125 0.480447 1 0.901563 0.474860 1 0.937500 0.536313 1 0.882812 0.536313 1 0.946875 0.611732 1 0.885938 0.611732 1 0.937500 0.650838 1 0.904687 0.645251 1 0.931250 0.653631 1 0.901563 0.650838 1 0.953125 0.689944 1 0.910937 0.695531 1 0.946875 0.787709 1 0.910937 0.787709 1