0 0.293734 0.765000 0.179562 0.470000 0.273438 0.602083 1 0.000000 0.000000 0 0.268750 0.593750 1 0.000000 0.000000 0 0.242188 0.593750 1 0.239063 0.635417 1 0.242188 0.647917 1 0.260937 0.679167 1 0.289062 0.708333 1 0.282813 0.704167 1 0.343750 0.704167 1 0.256250 0.762500 1 0.248438 0.770833 1 0.275000 0.870833 1 0.245312 0.872917 1 0.271875 0.966667 1 0.223438 0.968750 1
0 0.385430 0.492969 0.094984 0.342979 0.000000 0.000000 0 0.000000 0.000000 0 0.000000 0.000000 0 0.360938 0.356250 1 0.000000 0.000000 0 0.370312 0.402083 1 0.392188 0.391667 1 0.365625 0.462500 1 0.000000 0.000000 0 0.357812 0.516667 1 0.000000 0.000000 0 0.389062 0.508333 1 0.406250 0.502083 1 0.393750 0.610417 1 0.406250 0.606250 1 0.395313 0.683333 1 0.434375 0.668750 1
0 0.035469 0.583333 0.064187 0.479750 0.037500 0.400000 1 0.000000 0.000000 0 0.035937 0.387500 1 0.000000 0.000000 0 0.023438 0.387500 1 0.028125 0.454167 1 0.000000 0.000000 0 0.000000 0.000000 0 0.000000 0.000000 0 0.000000 0.000000 0 0.031250 0.518750 1 0.021875 0.597917 1 0.000000 0.000000 0 0.017188 0.693750 1 0.000000 0.000000 0 0.018750 0.789583 1 0.000000 0.000000 0
0 0.509164 0.606865 0.143797 0.576271 0.492188 0.370833 1 0.496875 0.362500 1 0.482812 0.364583 1 0.515625 0.360417 1 0.000000 0.000000 0 0.551562 0.429167 1 0.465625 0.435417 1 0.565625 0.514583 1 0.453125 0.516667 1 0.562500 0.593750 1 0.465625 0.595833 1 0.532813 0.602083 1 0.476562 0.604167 1 0.526563 0.708333 1 0.473438 0.716667 1 0.525000 0.820833 1 0.468750 0.847917 1
0 0.617750 0.475865 0.038406 0.152771 0.000000 0.000000 0 0.000000 0.000000 0 0.000000 0.000000 0 0.000000 0.000000 0 0.000000 0.000000 0 0.000000 0.000000 0 0.000000 0.000000 0 0.000000 0.000000 0 0.000000 0.000000 0 0.000000 0.000000 0 0.000000 0.000000 0 0.000000 0.000000 0 0.000000 0.000000 0 0.000000 0.000000 0 0.000000 0.000000 0 0.000000 0.000000 0 0.000000 0.000000 0
0 0.089234 0.554833 0.067656 0.381750 0.104688 0.412500 1 0.000000 0.000000 0 0.100000 0.406250 1 0.000000 0.000000 0 0.084375 0.404167 1 0.082812 0.447917 1 0.076563 0.447917 1 0.000000 0.000000 0 0.067187 0.504167 1 0.000000 0.000000 0 0.093750 0.508333 1 0.078125 0.527083 1 0.078125 0.529167 1 0.071875 0.631250 1 0.085938 0.627083 1 0.070312 0.700000 1 0.079687 0.716667 1
0 0.131109 0.573271 0.043500 0.296458 0.000000 0.000000 0 0.000000 0.000000 0 0.000000 0.000000 0 0.000000 0.000000 0 0.128125 0.460417 1 0.000000 0.000000 0 0.137500 0.497917 1 0.000000 0.000000 0 0.135937 0.543750 1 0.000000 0.000000 0 0.157812 0.545833 1 0.000000 0.000000 0 0.134375 0.570833 1 0.000000 0.000000 0 0.139063 0.643750 1 0.000000 0.000000 0 0.134375 0.708333 1
0 0.086016 0.349812 0.035062 0.050417 0.000000 0.000000 0 0.000000 0.000000 0 0.000000 0.000000 0 0.000000 0.000000 0 0.000000 0.000000 0 0.000000 0.000000 0 0.000000 0.000000 0 0.000000 0.000000 0 0.000000 0.000000 0 0.000000 0.000000 0 0.000000 0.000000 0 0.000000 0.000000 0 0.000000 0.000000 0 0.000000 0.000000 0 0.000000 0.000000 0 0.000000 0.000000 0 0.000000 0.000000 0
0 0.138516 0.369375 0.057438 0.123875 0.164062 0.339583 1 0.000000 0.000000 0 0.160938 0.333333 1 0.000000 0.000000 0 0.145313 0.333333 1 0.151562 0.372917 1 0.128125 0.377083 1 0.000000 0.000000 0 0.123438 0.422917 1 0.000000 0.000000 0 0.000000 0.000000 0 0.000000 0.000000 0 0.000000 0.000000 0 0.000000 0.000000 0 0.000000 0.000000 0 0.000000 0.000000 0 0.000000 0.000000 0
0 0.257867 0.622469 0.158422 0.674146 0.282813 0.375000 1 0.285938 0.362500 1 0.276562 0.362500 1 0.000000 0.000000 0 0.251563 0.350000 1 0.287500 0.387500 1 0.226562 0.391667 1 0.307812 0.489583 1 0.206250 0.520833 1 0.321875 0.595833 1 0.221875 0.635417 1 0.281250 0.577083 1 0.225000 0.577083 1 0.275000 0.729167 1 0.221875 0.733333 1 0.270313 0.881250 1 0.214062 0.868750 1
0 0.191539 0.584396 0.089953 0.565125 0.221875 0.352083 1 0.228125 0.343750 1 0.215625 0.339583 1 0.000000 0.000000 0 0.190625 0.333333 1 0.000000 0.000000 0 0.160938 0.418750 1 0.000000 0.000000 0 0.159375 0.510417 1 0.000000 0.000000 0 0.164062 0.581250 1 0.000000 0.000000 0 0.182812 0.593750 1 0.000000 0.000000 0 0.187500 0.718750 1 0.000000 0.000000 0 0.190625 0.820833 1
0 0.586742 0.465167 0.033641 0.159125 0.584375 0.397917 1 0.587500 0.395833 1 0.582812 0.395833 1 0.592187 0.400000 1 0.000000 0.000000 0 0.595313 0.416667 1 0.578125 0.414583 1 0.598437 0.437500 1 0.571875 0.437500 1 0.592187 0.422917 1 0.576562 0.418750 1 0.592187 0.458333 1 0.578125 0.456250 1 0.593750 0.495833 1 0.581250 0.493750 1 0.595313 0.535417 1 0.582812 0.533333 1
0 0.662203 0.474781 0.042188 0.187146 0.679688 0.404167 1 0.000000 0.000000 0 0.676562 0.400000 1 0.000000 0.000000 0 0.671875 0.400000 1 0.651563 0.427083 1 0.676562 0.425000 1 0.645312 0.458333 1 0.676562 0.445833 1 0.000000 0.000000 0 0.000000 0.000000 0 0.654687 0.487500 1 0.675000 0.485417 1 0.651563 0.541667 1 0.678125 0.535417 1 0.640625 0.589583 1 0.000000 0.000000 0