0 0.082703 0.648216 0.116969 0.454114 0.000000 0.000000 0 0.000000 0.000000 0 0.000000 0.000000 0 0.000000 0.000000 0 0.117188 0.461364 1 0.056250 0.495455 1 0.106250 0.497727 1 0.032813 0.570455 1 0.112500 0.588636 1 0.032813 0.615909 1 0.131250 0.645455 1 0.059375 0.620455 1 0.090625 0.620455 1 0.054688 0.756818 1 0.106250 0.747727 1 0.045312 0.847727 1 0.106250 0.843182 1
0 0.502141 0.634477 0.145062 0.283818 0.000000 0.000000 0 0.000000 0.000000 0 0.000000 0.000000 0 0.000000 0.000000 0 0.453125 0.531818 1 0.487500 0.550000 1 0.448437 0.581818 1 0.515625 0.581818 1 0.467187 0.629545 1 0.531250 0.556818 1 0.475000 0.577273 1 0.509375 0.636364 1 0.487500 0.663636 1 0.559375 0.622727 1 0.492188 0.756818 1 0.584375 0.697727 1 0.453125 0.715909 1
0 0.611023 0.638205 0.270359 0.431455 0.000000 0.000000 0 0.000000 0.000000 0 0.000000 0.000000 0 0.606250 0.461364 1 0.634375 0.461364 1 0.584375 0.493182 1 0.664062 0.497727 1 0.546875 0.506818 1 0.707812 0.529545 1 0.514062 0.500000 1 0.723437 0.520455 1 0.596875 0.618182 1 0.640625 0.618182 1 0.587500 0.706818 1 0.653125 0.713636 1 0.582812 0.806818 1 0.659375 0.802273 1
0 0.183844 0.646068 0.101969 0.397773 0.192188 0.502273 1 0.000000 0.000000 0 0.187500 0.493182 1 0.000000 0.000000 0 0.168750 0.488636 1 0.200000 0.534091 1 0.145313 0.540909 1 0.209375 0.597727 1 0.145313 0.615909 1 0.200000 0.606818 1 0.185938 0.618182 1 0.198437 0.638636 1 0.165625 0.643182 1 0.221875 0.752273 1 0.179688 0.704545 1 0.209375 0.772727 1 0.181250 0.806818 1
0 0.221930 0.514489 0.090172 0.295750 0.214062 0.395455 1 0.217188 0.388636 1 0.207813 0.388636 1 0.221875 0.393182 1 0.201563 0.395455 1 0.234375 0.429545 1 0.193750 0.431818 1 0.254688 0.454545 1 0.000000 0.000000 0 0.253125 0.470455 1 0.000000 0.000000 0 0.226562 0.518182 1 0.203125 0.518182 1 0.232813 0.579545 1 0.209375 0.584091 1 0.234375 0.647727 1 0.000000 0.000000 0
0 0.057164 0.359705 0.114328 0.184273 0.057813 0.297727 1 0.060937 0.293182 1 0.054688 0.293182 1 0.065625 0.297727 1 0.048438 0.297727 1 0.075000 0.320455 1 0.040625 0.318182 1 0.101562 0.302273 1 0.020313 0.300000 1 0.121875 0.288636 1 0.004687 0.279545 1 0.071875 0.418182 1 0.048438 0.418182 1 0.075000 0.481818 1 0.046875 0.488636 1 0.000000 0.000000 0 0.000000 0.000000 0
0 0.541641 0.375443 0.030375 0.068023 0.000000 0.000000 0 0.000000 0.000000 0 0.000000 0.000000 0 0.000000 0.000000 0 0.000000 0.000000 0 0.000000 0.000000 0 0.000000 0.000000 0 0.000000 0.000000 0 0.000000 0.000000 0 0.000000 0.000000 0 0.000000 0.000000 0 0.000000 0.000000 0 0.000000 0.000000 0 0.000000 0.000000 0 0.000000 0.000000 0 0.000000 0.000000 0 0.000000 0.000000 0
0 0.150523 0.277636 0.036266 0.086500 0.000000 0.000000 0 0.000000 0.000000 0 0.000000 0.000000 0 0.000000 0.000000 0 0.000000 0.000000 0 0.000000 0.000000 0 0.000000 0.000000 0 0.000000 0.000000 0 0.000000 0.000000 0 0.000000 0.000000 0 0.000000 0.000000 0 0.000000 0.000000 0 0.000000 0.000000 0 0.000000 0.000000 0 0.000000 0.000000 0 0.000000 0.000000 0 0.000000 0.000000 0
0 0.699633 0.244011 0.040547 0.147795 0.000000 0.000000 0 0.000000 0.000000 0 0.000000 0.000000 0 0.000000 0.000000 0 0.000000 0.000000 0 0.000000 0.000000 0 0.000000 0.000000 0 0.000000 0.000000 0 0.000000 0.000000 0 0.000000 0.000000 0 0.000000 0.000000 0 0.000000 0.000000 0 0.000000 0.000000 0 0.000000 0.000000 0 0.000000 0.000000 0 0.000000 0.000000 0 0.000000 0.000000 0
0 0.776117 0.352273 0.048172 0.071864 0.000000 0.000000 0 0.000000 0.000000 0 0.000000 0.000000 0 0.000000 0.000000 0 0.000000 0.000000 0 0.000000 0.000000 0 0.000000 0.000000 0 0.000000 0.000000 0 0.000000 0.000000 0 0.000000 0.000000 0 0.000000 0.000000 0 0.000000 0.000000 0 0.000000 0.000000 0 0.000000 0.000000 0 0.000000 0.000000 0 0.000000 0.000000 0 0.000000 0.000000 0
0 0.138719 0.345523 0.065531 0.185636 0.131250 0.272727 1 0.135937 0.268182 1 0.128125 0.268182 1 0.139063 0.270455 1 0.123438 0.272727 1 0.148438 0.300000 1 0.118750 0.304545 1 0.160938 0.340909 1 0.112500 0.347727 1 0.165625 0.375000 1 0.115625 0.386364 1 0.154688 0.384091 1 0.129688 0.386364 1 0.164062 0.445455 1 0.125000 0.445455 1 0.000000 0.000000 0 0.000000 0.000000 0
0 0.569844 0.234489 0.049125 0.121432 0.000000 0.000000 0 0.000000 0.000000 0 0.000000 0.000000 0 0.000000 0.000000 0 0.000000 0.000000 0 0.000000 0.000000 0 0.000000 0.000000 0 0.000000 0.000000 0 0.000000 0.000000 0 0.000000 0.000000 0 0.000000 0.000000 0 0.000000 0.000000 0 0.000000 0.000000 0 0.000000 0.000000 0 0.000000 0.000000 0 0.000000 0.000000 0 0.000000 0.000000 0
0 0.877273 0.257989 0.046141 0.123068 0.000000 0.000000 0 0.000000 0.000000 0 0.000000 0.000000 0 0.000000 0.000000 0 0.000000 0.000000 0 0.000000 0.000000 0 0.000000 0.000000 0 0.000000 0.000000 0 0.000000 0.000000 0 0.000000 0.000000 0 0.000000 0.000000 0 0.000000 0.000000 0 0.000000 0.000000 0 0.000000 0.000000 0 0.000000 0.000000 0 0.000000 0.000000 0 0.000000 0.000000 0