0 0.244510 0.585195 0.336700 0.484805 0.000000 0.000000 0 0.000000 0.000000 0 0.000000 0.000000 0 0.096000 0.426426 1 0.136000 0.405405 1 0.114000 0.432432 1 0.166000 0.420420 1 0.124000 0.480480 1 0.202000 0.519520 1 0.104000 0.576577 1 0.176000 0.645646 1 0.182000 0.471471 1 0.226000 0.450450 1 0.200000 0.663664 1 0.318000 0.537538 1 0.220000 0.831832 1 0.344000 0.411411 1
0 0.636070 0.480526 0.149660 0.494384 0.688000 0.288288 1 0.696000 0.282282 1 0.684000 0.273273 1 0.000000 0.000000 0 0.668000 0.264264 1 0.672000 0.393393 1 0.668000 0.312312 1 0.670000 0.441441 1 0.712000 0.381381 1 0.732000 0.408408 1 0.000000 0.000000 0 0.636000 0.468468 1 0.584000 0.432432 1 0.674000 0.597598 1 0.616000 0.540541 1 0.640000 0.675676 1 0.604000 0.696697 1
0 0.789060 0.503979 0.151160 0.397868 0.834000 0.378378 1 0.840000 0.363363 1 0.826000 0.360360 1 0.850000 0.357357 1 0.810000 0.354354 1 0.856000 0.399399 1 0.786000 0.399399 1 0.000000 0.000000 0 0.758000 0.450450 1 0.000000 0.000000 0 0.734000 0.495495 1 0.826000 0.492492 1 0.802000 0.486486 1 0.802000 0.561562 1 0.758000 0.558559 1 0.810000 0.672673 1 0.740000 0.672673 1
0 0.871780 0.553934 0.187080 0.316877 0.000000 0.000000 0 0.000000 0.000000 0 0.000000 0.000000 0 0.000000 0.000000 0 0.000000 0.000000 0 0.894000 0.474474 1 0.834000 0.486486 1 0.944000 0.516517 1 0.000000 0.000000 0 0.906000 0.510511 1 0.000000 0.000000 0 0.888000 0.597598 1 0.854000 0.597598 1 0.902000 0.567568 1 0.812000 0.552553 1 0.934000 0.690691 1 0.814000 0.684685 1
0 0.949430 0.191877 0.078220 0.128438 0.000000 0.000000 0 0.000000 0.000000 0 0.000000 0.000000 0 0.000000 0.000000 0 0.000000 0.000000 0 0.000000 0.000000 0 0.000000 0.000000 0 0.000000 0.000000 0 0.000000 0.000000 0 0.000000 0.000000 0 0.000000 0.000000 0 0.000000 0.000000 0 0.000000 0.000000 0 0.000000 0.000000 0 0.000000 0.000000 0 0.000000 0.000000 0 0.000000 0.000000 0
0 0.934340 0.128694 0.082000 0.181051 0.936000 0.081081 1 0.940000 0.069069 1 0.930000 0.072072 1 0.950000 0.075075 1 0.922000 0.081081 1 0.964000 0.129129 1 0.906000 0.132132 1 0.000000 0.000000 0 0.904000 0.201201 1 0.000000 0.000000 0 0.000000 0.000000 0 0.962000 0.222222 1 0.922000 0.222222 1 0.000000 0.000000 0 0.000000 0.000000 0 0.000000 0.000000 0 0.000000 0.000000 0
0 0.514860 0.153468 0.104480 0.172462 0.514000 0.120120 1 0.522000 0.111111 1 0.510000 0.114114 1 0.532000 0.111111 1 0.502000 0.111111 1 0.546000 0.156156 1 0.484000 0.159159 1 0.556000 0.216216 1 0.482000 0.219219 1 0.000000 0.000000 0 0.000000 0.000000 0 0.000000 0.000000 0 0.000000 0.000000 0 0.000000 0.000000 0 0.000000 0.000000 0 0.000000 0.000000 0 0.000000 0.000000 0
0 0.432820 0.159129 0.090200 0.156637 0.452000 0.120120 1 0.454000 0.111111 1 0.446000 0.111111 1 0.462000 0.120120 1 0.434000 0.120120 1 0.474000 0.153153 1 0.416000 0.153153 1 0.000000 0.000000 0 0.394000 0.204204 1 0.000000 0.000000 0 0.000000 0.000000 0 0.000000 0.000000 0 0.000000 0.000000 0 0.000000 0.000000 0 0.000000 0.000000 0 0.000000 0.000000 0 0.000000 0.000000 0
0 0.288890 0.314685 0.086620 0.122402 0.000000 0.000000 0 0.000000 0.000000 0 0.000000 0.000000 0 0.000000 0.000000 0 0.000000 0.000000 0 0.000000 0.000000 0 0.000000 0.000000 0 0.000000 0.000000 0 0.000000 0.000000 0 0.000000 0.000000 0 0.000000 0.000000 0 0.000000 0.000000 0 0.000000 0.000000 0 0.000000 0.000000 0 0.000000 0.000000 0 0.000000 0.000000 0 0.000000 0.000000 0
0 0.326480 0.168919 0.097560 0.152312 0.322000 0.147147 1 0.326000 0.135135 1 0.314000 0.138138 1 0.000000 0.000000 0 0.300000 0.138138 1 0.350000 0.180180 1 0.290000 0.183183 1 0.000000 0.000000 0 0.000000 0.000000 0 0.000000 0.000000 0 0.000000 0.000000 0 0.344000 0.279279 1 0.302000 0.285285 1 0.356000 0.159159 1 0.000000 0.000000 0 0.360000 0.255255 1 0.000000 0.000000 0
0 0.853730 0.298694 0.092140 0.150300 0.852000 0.279279 1 0.860000 0.270270 1 0.844000 0.270270 1 0.866000 0.285285 1 0.834000 0.276276 1 0.880000 0.336336 1 0.806000 0.330330 1 0.000000 0.000000 0 0.000000 0.000000 0 0.000000 0.000000 0 0.000000 0.000000 0 0.000000 0.000000 0 0.000000 0.000000 0 0.000000 0.000000 0 0.000000 0.000000 0 0.000000 0.000000 0 0.000000 0.000000 0
0 0.236790 0.226742 0.075180 0.172883 0.224000 0.180180 1 0.230000 0.174174 1 0.220000 0.174174 1 0.236000 0.177177 1 0.210000 0.174174 1 0.248000 0.216216 1 0.200000 0.219219 1 0.000000 0.000000 0 0.198000 0.255255 1 0.000000 0.000000 0 0.000000 0.000000 0 0.000000 0.000000 0 0.000000 0.000000 0 0.254000 0.213213 1 0.228000 0.219219 1 0.264000 0.282282 1 0.240000 0.282282 1
0 0.131760 0.146441 0.131800 0.176486 0.144000 0.093093 1 0.150000 0.087087 1 0.140000 0.087087 1 0.162000 0.096096 1 0.128000 0.090090 1 0.172000 0.141141 1 0.106000 0.126126 1 0.192000 0.207207 1 0.066000 0.150150 1 0.000000 0.000000 0 0.086000 0.186186 1 0.158000 0.240240 1 0.114000 0.237237 1 0.000000 0.000000 0 0.000000 0.000000 0 0.000000 0.000000 0 0.000000 0.000000 0