0 0.569352 0.397706 0.123078 0.523365 0.562500 0.185882 1 0.573438 0.176471 1 0.562500 0.176471 1 0.587500 0.183529 1 0.000000 0.000000 0 0.604688 0.247059 1 0.551562 0.232941 1 0.615625 0.324706 1 0.515625 0.263529 1 0.614062 0.400000 1 0.534375 0.216471 1 0.590625 0.400000 1 0.559375 0.395294 1 0.604688 0.496471 1 0.567187 0.480000 1 0.620313 0.595294 1 0.578125 0.567059 1
0 0.505523 0.493976 0.077953 0.509600 0.500000 0.280000 1 0.503125 0.270588 1 0.492188 0.275294 1 0.000000 0.000000 0 0.479687 0.287059 1 0.517188 0.334118 1 0.467187 0.348235 1 0.531250 0.416471 1 0.000000 0.000000 0 0.529687 0.381176 1 0.000000 0.000000 0 0.514062 0.475294 1 0.476562 0.484706 1 0.517188 0.602353 1 0.485938 0.602353 1 0.510938 0.684706 1 0.489063 0.705882 1
0 0.451211 0.486094 0.152422 0.709271 0.000000 0.000000 0 0.000000 0.000000 0 0.000000 0.000000 0 0.000000 0.000000 0 0.000000 0.000000 0 0.398438 0.261176 1 0.432812 0.289412 1 0.000000 0.000000 0 0.442188 0.430588 1 0.000000 0.000000 0 0.498437 0.364706 1 0.395313 0.468235 1 0.423438 0.484706 1 0.000000 0.000000 0 0.453125 0.618824 1 0.000000 0.000000 0 0.442188 0.790588 1
0 0.393352 0.796165 0.143578 0.387388 0.000000 0.000000 0 0.000000 0.000000 0 0.400000 0.647059 1 0.000000 0.000000 0 0.392188 0.665882 1 0.385937 0.701176 1 0.348438 0.745882 1 0.000000 0.000000 0 0.348438 0.865882 1 0.000000 0.000000 0 0.404687 0.825882 1 0.396875 0.887059 1 0.362500 0.915294 1 0.000000 0.000000 0 0.000000 0.000000 0 0.000000 0.000000 0 0.000000 0.000000 0
0 0.246891 0.408482 0.071563 0.476118 0.215625 0.214118 1 0.220312 0.204706 1 0.000000 0.000000 0 0.234375 0.211765 1 0.000000 0.000000 0 0.251563 0.261176 1 0.268750 0.254118 1 0.248438 0.357647 1 0.000000 0.000000 0 0.242188 0.425882 1 0.000000 0.000000 0 0.243750 0.402353 1 0.257812 0.402353 1 0.250000 0.508235 1 0.259375 0.503529 1 0.259375 0.609412 1 0.275000 0.571765 1
0 0.622055 0.711412 0.143547 0.577176 0.610938 0.480000 1 0.621875 0.470588 1 0.609375 0.472941 1 0.643750 0.477647 1 0.000000 0.000000 0 0.643750 0.543529 1 0.645312 0.524706 1 0.648438 0.654118 1 0.000000 0.000000 0 0.629687 0.736471 1 0.000000 0.000000 0 0.643750 0.729412 1 0.000000 0.000000 0 0.614062 0.851765 1 0.000000 0.000000 0 0.600000 0.967059 1 0.000000 0.000000 0
0 0.702797 0.756176 0.117563 0.386376 0.753125 0.640000 1 0.000000 0.000000 0 0.745313 0.635294 1 0.000000 0.000000 0 0.720313 0.642353 1 0.000000 0.000000 0 0.692187 0.762353 1 0.000000 0.000000 0 0.695312 0.887059 1 0.000000 0.000000 0 0.000000 0.000000 0 0.000000 0.000000 0 0.000000 0.000000 0 0.000000 0.000000 0 0.000000 0.000000 0 0.000000 0.000000 0 0.000000 0.000000 0
0 0.083906 0.796188 0.099812 0.407624 0.114062 0.661176 1 0.115625 0.649412 1 0.106250 0.649412 1 0.000000 0.000000 0 0.076563 0.658824 1 0.101562 0.705882 1 0.057813 0.738824 1 0.098437 0.830588 1 0.043750 0.856471 1 0.115625 0.889412 1 0.000000 0.000000 0 0.106250 0.903529 1 0.087500 0.931765 1 0.000000 0.000000 0 0.000000 0.000000 0 0.000000 0.000000 0 0.000000 0.000000 0
0 0.731641 0.491941 0.086562 0.340353 0.700000 0.378824 1 0.704688 0.374118 1 0.000000 0.000000 0 0.725000 0.383529 1 0.000000 0.000000 0 0.742188 0.444706 1 0.725000 0.411765 1 0.732812 0.550588 1 0.707812 0.505882 1 0.696875 0.592941 1 0.695312 0.552941 1 0.748437 0.583529 1 0.000000 0.000000 0 0.000000 0.000000 0 0.000000 0.000000 0 0.000000 0.000000 0 0.000000 0.000000 0
0 0.740164 0.865165 0.092516 0.269671 0.782813 0.778824 1 0.000000 0.000000 0 0.000000 0.000000 0 0.000000 0.000000 0 0.759375 0.781176 1 0.715625 0.849412 1 0.740625 0.870588 1 0.000000 0.000000 0 0.743750 0.985882 1 0.000000 0.000000 0 0.000000 0.000000 0 0.000000 0.000000 0 0.000000 0.000000 0 0.000000 0.000000 0 0.000000 0.000000 0 0.000000 0.000000 0 0.000000 0.000000 0
0 0.081930 0.364929 0.108672 0.459741 0.110937 0.192941 1 0.000000 0.000000 0 0.101562 0.185882 1 0.000000 0.000000 0 0.081250 0.197647 1 0.090625 0.228235 1 0.065625 0.256471 1 0.000000 0.000000 0 0.054688 0.352941 1 0.000000 0.000000 0 0.079687 0.432941 1 0.000000 0.000000 0 0.071875 0.425882 1 0.000000 0.000000 0 0.085938 0.552941 1 0.000000 0.000000 0 0.079687 0.654118 1
0 0.668680 0.416271 0.085234 0.290329 0.653125 0.334118 1 0.662500 0.327059 1 0.656250 0.322353 1 0.682813 0.336471 1 0.000000 0.000000 0 0.709375 0.376471 1 0.651563 0.369412 1 0.000000 0.000000 0 0.632812 0.465882 1 0.000000 0.000000 0 0.000000 0.000000 0 0.690625 0.527059 1 0.664062 0.527059 1 0.000000 0.000000 0 0.000000 0.000000 0 0.000000 0.000000 0 0.000000 0.000000 0
0 0.191148 0.513353 0.093984 0.479224 0.201563 0.322353 1 0.000000 0.000000 0 0.193750 0.315294 1 0.000000 0.000000 0 0.000000 0.000000 0 0.156250 0.369412 1 0.178125 0.383529 1 0.000000 0.000000 0 0.184375 0.458824 1 0.000000 0.000000 0 0.223438 0.430588 1 0.164062 0.508235 1 0.184375 0.515294 1 0.184375 0.604706 1 0.209375 0.609412 1 0.184375 0.698824 1 0.173437 0.712941 1