0 0.560305 0.277525 0.289641 0.343809 0.543750 0.211813 1 0.559375 0.197556 1 0.537500 0.199593 1 0.578125 0.199593 1 0.000000 0.000000 0 0.620313 0.248473 1 0.509375 0.276986 1 0.685937 0.329939 1 0.467187 0.372709 1 0.665625 0.354379 1 0.446875 0.409369 1 0.615625 0.431772 1 0.523438 0.446029 1 0.000000 0.000000 0 0.470313 0.519348 1 0.000000 0.000000 0 0.000000 0.000000 0
0 0.755617 0.217342 0.093078 0.339491 0.760938 0.073320 1 0.767188 0.065173 1 0.753125 0.065173 1 0.779687 0.073320 1 0.000000 0.000000 0 0.785937 0.107943 1 0.760938 0.109980 1 0.776563 0.160896 1 0.750000 0.156823 1 0.757812 0.187373 1 0.729688 0.181263 1 0.785937 0.211813 1 0.764062 0.213849 1 0.790625 0.289206 1 0.768750 0.285132 1 0.796875 0.364562 1 0.775000 0.362525 1
0 0.721812 0.109308 0.050000 0.168961 0.721875 0.061100 1 0.725000 0.054990 1 0.717187 0.054990 1 0.732812 0.057026 1 0.000000 0.000000 0 0.739062 0.085540 1 0.712500 0.087576 1 0.000000 0.000000 0 0.000000 0.000000 0 0.000000 0.000000 0 0.000000 0.000000 0 0.000000 0.000000 0 0.000000 0.000000 0 0.000000 0.000000 0 0.000000 0.000000 0 0.000000 0.000000 0 0.000000 0.000000 0
0 0.833680 0.224165 0.070297 0.352770 0.842187 0.079430 1 0.845313 0.071283 1 0.835938 0.073320 1 0.851562 0.075356 1 0.826562 0.077393 1 0.850000 0.103870 1 0.820312 0.107943 1 0.000000 0.000000 0 0.807813 0.167006 1 0.000000 0.000000 0 0.829688 0.193483 1 0.850000 0.217923 1 0.831250 0.232179 1 0.000000 0.000000 0 0.840625 0.283096 1 0.000000 0.000000 0 0.828125 0.374745 1
0 0.630758 0.143208 0.088391 0.171018 0.000000 0.000000 0 0.000000 0.000000 0 0.000000 0.000000 0 0.601562 0.087576 1 0.000000 0.000000 0 0.600000 0.124236 1 0.645312 0.114053 1 0.000000 0.000000 0 0.665625 0.175153 1 0.000000 0.000000 0 0.000000 0.000000 0 0.606250 0.228106 1 0.640625 0.224033 1 0.000000 0.000000 0 0.000000 0.000000 0 0.000000 0.000000 0 0.000000 0.000000 0
0 0.684531 0.187475 0.045031 0.269980 0.000000 0.000000 0 0.000000 0.000000 0 0.000000 0.000000 0 0.671875 0.085540 1 0.000000 0.000000 0 0.675000 0.112016 1 0.701562 0.114053 1 0.668750 0.154786 1 0.709375 0.156823 1 0.000000 0.000000 0 0.000000 0.000000 0 0.671875 0.191446 1 0.693750 0.193483 1 0.671875 0.264766 1 0.687500 0.264766 1 0.671875 0.317719 1 0.689063 0.321792 1
0 0.982859 0.133014 0.033500 0.170550 0.000000 0.000000 0 0.000000 0.000000 0 0.000000 0.000000 0 0.975000 0.077393 1 0.000000 0.000000 0 0.967187 0.107943 1 0.993750 0.105906 1 0.000000 0.000000 0 0.000000 0.000000 0 0.000000 0.000000 0 0.000000 0.000000 0 0.971875 0.167006 1 0.990625 0.164969 1 0.000000 0.000000 0 0.000000 0.000000 0 0.000000 0.000000 0 0.000000 0.000000 0
0 0.855461 0.052536 0.034797 0.049593 0.000000 0.000000 0 0.000000 0.000000 0 0.000000 0.000000 0 0.000000 0.000000 0 0.000000 0.000000 0 0.000000 0.000000 0 0.000000 0.000000 0 0.000000 0.000000 0 0.000000 0.000000 0 0.000000 0.000000 0 0.000000 0.000000 0 0.000000 0.000000 0 0.000000 0.000000 0 0.000000 0.000000 0 0.000000 0.000000 0 0.000000 0.000000 0 0.000000 0.000000 0
0 0.941898 0.242251 0.086453 0.325275 0.935937 0.118126 1 0.940625 0.112016 1 0.932813 0.112016 1 0.951562 0.116090 1 0.000000 0.000000 0 0.968750 0.144603 1 0.931250 0.142566 1 0.971875 0.197556 1 0.000000 0.000000 0 0.939063 0.199593 1 0.000000 0.000000 0 0.954688 0.242363 1 0.928125 0.242363 1 0.954688 0.321792 1 0.925000 0.319756 1 0.957812 0.376782 1 0.917188 0.374745 1
0 0.904383 0.183381 0.060609 0.318737 0.000000 0.000000 0 0.000000 0.000000 0 0.000000 0.000000 0 0.898438 0.048880 1 0.000000 0.000000 0 0.898438 0.081466 1 0.918750 0.083503 1 0.896875 0.130346 1 0.000000 0.000000 0 0.882812 0.136456 1 0.000000 0.000000 0 0.898438 0.175153 1 0.917188 0.175153 1 0.896875 0.244399 1 0.915625 0.242363 1 0.893750 0.305499 1 0.912500 0.303462 1
0 0.701000 0.058931 0.032500 0.046619 0.000000 0.000000 0 0.000000 0.000000 0 0.000000 0.000000 0 0.000000 0.000000 0 0.000000 0.000000 0 0.000000 0.000000 0 0.000000 0.000000 0 0.000000 0.000000 0 0.000000 0.000000 0 0.000000 0.000000 0 0.000000 0.000000 0 0.000000 0.000000 0 0.000000 0.000000 0 0.000000 0.000000 0 0.000000 0.000000 0 0.000000 0.000000 0 0.000000 0.000000 0