0 0.344773 0.467089 0.103609 0.295023 0.000000 0.000000 0 0.000000 0.000000 0 0.351562 0.340376 1 0.000000 0.000000 0 0.346875 0.340376 1 0.318750 0.382629 1 0.350000 0.380282 1 0.310937 0.424883 1 0.375000 0.413146 1 0.000000 0.000000 0 0.382812 0.394366 1 0.323437 0.467136 1 0.346875 0.471831 1 0.315625 0.523474 1 0.342187 0.530516 1 0.304688 0.575117 1 0.339062 0.596244 1
0 0.272328 0.478709 0.067187 0.180235 0.000000 0.000000 0 0.000000 0.000000 0 0.000000 0.000000 0 0.000000 0.000000 0 0.000000 0.000000 0 0.284375 0.427230 1 0.262500 0.422535 1 0.295312 0.434272 1 0.251563 0.438967 1 0.298438 0.441315 1 0.246875 0.450704 1 0.285938 0.471831 1 0.268750 0.474178 1 0.293750 0.485915 1 0.259375 0.502347 1 0.296875 0.518779 1 0.257812 0.546948 1
0 0.483555 0.111819 0.036734 0.083732 0.000000 0.000000 0 0.000000 0.000000 0 0.000000 0.000000 0 0.000000 0.000000 0 0.000000 0.000000 0 0.000000 0.000000 0 0.000000 0.000000 0 0.000000 0.000000 0 0.000000 0.000000 0 0.000000 0.000000 0 0.000000 0.000000 0 0.000000 0.000000 0 0.000000 0.000000 0 0.000000 0.000000 0 0.000000 0.000000 0 0.000000 0.000000 0 0.000000 0.000000 0
0 0.513781 0.488322 0.076187 0.212230 0.000000 0.000000 0 0.517188 0.410798 1 0.509375 0.408451 1 0.000000 0.000000 0 0.000000 0.000000 0 0.529687 0.436620 1 0.503125 0.431925 1 0.545312 0.455399 1 0.489063 0.448357 1 0.535937 0.469484 1 0.481250 0.471831 1 0.525000 0.492958 1 0.507812 0.492958 1 0.535937 0.514085 1 0.492188 0.535211 1 0.542188 0.551643 1 0.484375 0.570423 1
0 0.601273 0.499613 0.069016 0.205423 0.000000 0.000000 0 0.000000 0.000000 0 0.000000 0.000000 0 0.000000 0.000000 0 0.000000 0.000000 0 0.617188 0.438967 1 0.598437 0.443662 1 0.628125 0.462441 1 0.589063 0.457746 1 0.623437 0.474178 1 0.582812 0.467136 1 0.610938 0.483568 1 0.596875 0.485915 1 0.623437 0.516432 1 0.579688 0.537559 1 0.626563 0.558685 1 0.575000 0.577465 1
0 0.674672 0.511009 0.077125 0.210329 0.000000 0.000000 0 0.000000 0.000000 0 0.000000 0.000000 0 0.000000 0.000000 0 0.000000 0.000000 0 0.682813 0.457746 1 0.659375 0.457746 1 0.706250 0.469484 1 0.653125 0.474178 1 0.701562 0.478873 1 0.645312 0.478873 1 0.685937 0.507042 1 0.665625 0.509390 1 0.696875 0.514085 1 0.651563 0.546948 1 0.696875 0.561033 1 0.650000 0.593897 1
0 0.813664 0.517676 0.069484 0.218404 0.804688 0.446009 1 0.809375 0.441315 1 0.800000 0.441315 1 0.000000 0.000000 0 0.000000 0.000000 0 0.821875 0.464789 1 0.800000 0.464789 1 0.832812 0.478873 1 0.793750 0.481221 1 0.840625 0.490610 1 0.785937 0.490610 1 0.821875 0.516432 1 0.806250 0.518779 1 0.832812 0.532864 1 0.798438 0.556338 1 0.835938 0.563380 1 0.787500 0.600939 1
0 0.556625 0.163580 0.041312 0.208944 0.570312 0.084507 1 0.000000 0.000000 0 0.564063 0.077465 1 0.000000 0.000000 0 0.559375 0.082160 1 0.559375 0.105634 1 0.548438 0.103286 1 0.000000 0.000000 0 0.542188 0.133803 1 0.000000 0.000000 0 0.548438 0.157277 1 0.559375 0.161972 1 0.546875 0.161972 1 0.554688 0.213615 1 0.546875 0.211268 1 0.551562 0.255869 1 0.545312 0.255869 1
0 0.148477 0.452594 0.070109 0.212230 0.000000 0.000000 0 0.000000 0.000000 0 0.000000 0.000000 0 0.000000 0.000000 0 0.000000 0.000000 0 0.159375 0.399061 1 0.139063 0.399061 1 0.167187 0.420188 1 0.131250 0.417840 1 0.170313 0.427230 1 0.123438 0.422535 1 0.160938 0.460094 1 0.143750 0.460094 1 0.173437 0.488263 1 0.128125 0.481221 1 0.176563 0.525822 1 0.131250 0.530516 1
0 0.439789 0.480012 0.081109 0.209836 0.000000 0.000000 0 0.000000 0.000000 0 0.000000 0.000000 0 0.462500 0.406103 1 0.439063 0.403756 1 0.460938 0.427230 1 0.437500 0.424883 1 0.467187 0.446009 1 0.425000 0.436620 1 0.464062 0.455399 1 0.412500 0.446009 1 0.456250 0.471831 1 0.439063 0.471831 1 0.464062 0.511737 1 0.421875 0.516432 1 0.473438 0.549296 1 0.414062 0.556338 1
0 0.597172 0.111831 0.059875 0.071408 0.000000 0.000000 0 0.000000 0.000000 0 0.000000 0.000000 0 0.000000 0.000000 0 0.000000 0.000000 0 0.000000 0.000000 0 0.000000 0.000000 0 0.000000 0.000000 0 0.000000 0.000000 0 0.000000 0.000000 0 0.000000 0.000000 0 0.000000 0.000000 0 0.000000 0.000000 0 0.000000 0.000000 0 0.000000 0.000000 0 0.000000 0.000000 0 0.000000 0.000000 0
0 0.323250 0.129108 0.031781 0.083897 0.000000 0.000000 0 0.000000 0.000000 0 0.000000 0.000000 0 0.000000 0.000000 0 0.000000 0.000000 0 0.000000 0.000000 0 0.000000 0.000000 0 0.000000 0.000000 0 0.000000 0.000000 0 0.000000 0.000000 0 0.000000 0.000000 0 0.000000 0.000000 0 0.000000 0.000000 0 0.000000 0.000000 0 0.000000 0.000000 0 0.000000 0.000000 0 0.000000 0.000000 0
0 0.213891 0.118369 0.038906 0.178615 0.203125 0.053991 1 0.204687 0.046948 1 0.000000 0.000000 0 0.214062 0.049296 1 0.000000 0.000000 0 0.215625 0.070423 1 0.203125 0.077465 1 0.221875 0.093897 1 0.201563 0.107981 1 0.225000 0.124413 1 0.198437 0.131455 1 0.215625 0.136150 1 0.206250 0.133803 1 0.210938 0.176056 1 0.206250 0.185446 1 0.228125 0.199531 1 0.000000 0.000000 0