0 0.631203 0.522471 0.146938 0.608970 0.568750 0.278689 1 0.573438 0.266979 1 0.000000 0.000000 0 0.596875 0.266979 1 0.000000 0.000000 0 0.579688 0.339578 1 0.651563 0.306792 1 0.000000 0.000000 0 0.685937 0.407494 1 0.000000 0.000000 0 0.000000 0.000000 0 0.645312 0.517564 1 0.687500 0.508197 1 0.575000 0.637002 1 0.662500 0.620609 1 0.596875 0.775176 1 0.687500 0.765808 1
0 0.428211 0.205632 0.110359 0.139602 0.418750 0.168618 1 0.425000 0.163934 1 0.414062 0.163934 1 0.432812 0.173302 1 0.406250 0.168618 1 0.437500 0.215457 1 0.389062 0.220141 1 0.465625 0.255269 1 0.378125 0.281030 1 0.473438 0.262295 1 0.000000 0.000000 0 0.000000 0.000000 0 0.000000 0.000000 0 0.000000 0.000000 0 0.000000 0.000000 0 0.000000 0.000000 0 0.000000 0.000000 0
0 0.077117 0.122237 0.066641 0.101522 0.000000 0.000000 0 0.000000 0.000000 0 0.000000 0.000000 0 0.000000 0.000000 0 0.000000 0.000000 0 0.000000 0.000000 0 0.000000 0.000000 0 0.000000 0.000000 0 0.000000 0.000000 0 0.000000 0.000000 0 0.000000 0.000000 0 0.000000 0.000000 0 0.000000 0.000000 0 0.000000 0.000000 0 0.000000 0.000000 0 0.000000 0.000000 0 0.000000 0.000000 0
0 0.449414 0.084883 0.078828 0.119368 0.459375 0.077283 1 0.464062 0.067916 1 0.456250 0.067916 1 0.000000 0.000000 0 0.446875 0.070258 1 0.470313 0.096019 1 0.428125 0.093677 1 0.481250 0.135831 1 0.421875 0.135831 1 0.460938 0.103044 1 0.446875 0.138173 1 0.000000 0.000000 0 0.000000 0.000000 0 0.000000 0.000000 0 0.000000 0.000000 0 0.000000 0.000000 0 0.000000 0.000000 0
0 0.367094 0.096756 0.071312 0.142787 0.362500 0.058548 1 0.367188 0.049180 1 0.357812 0.049180 1 0.375000 0.058548 1 0.351562 0.058548 1 0.384375 0.093677 1 0.335938 0.093677 1 0.395313 0.128806 1 0.342187 0.128806 1 0.000000 0.000000 0 0.375000 0.145199 1 0.385937 0.161593 1 0.356250 0.163934 1 0.000000 0.000000 0 0.000000 0.000000 0 0.000000 0.000000 0 0.000000 0.000000 0
0 0.132063 0.094239 0.060531 0.091710 0.000000 0.000000 0 0.000000 0.000000 0 0.000000 0.000000 0 0.000000 0.000000 0 0.000000 0.000000 0 0.000000 0.000000 0 0.000000 0.000000 0 0.000000 0.000000 0 0.000000 0.000000 0 0.000000 0.000000 0 0.000000 0.000000 0 0.000000 0.000000 0 0.000000 0.000000 0 0.000000 0.000000 0 0.000000 0.000000 0 0.000000 0.000000 0 0.000000 0.000000 0
0 0.525695 0.155890 0.048578 0.075902 0.000000 0.000000 0 0.000000 0.000000 0 0.000000 0.000000 0 0.000000 0.000000 0 0.000000 0.000000 0 0.000000 0.000000 0 0.000000 0.000000 0 0.000000 0.000000 0 0.000000 0.000000 0 0.000000 0.000000 0 0.000000 0.000000 0 0.000000 0.000000 0 0.000000 0.000000 0 0.000000 0.000000 0 0.000000 0.000000 0 0.000000 0.000000 0 0.000000 0.000000 0
0 0.203547 0.059766 0.095031 0.119532 0.203125 0.028103 1 0.206250 0.023419 1 0.198437 0.018735 1 0.000000 0.000000 0 0.187500 0.018735 1 0.218750 0.056206 1 0.171875 0.053864 1 0.239063 0.117096 1 0.145313 0.098361 1 0.221875 0.046838 1 0.182812 0.046838 1 0.217188 0.140515 1 0.173437 0.138173 1 0.000000 0.000000 0 0.000000 0.000000 0 0.000000 0.000000 0 0.000000 0.000000 0
0 0.457945 0.135574 0.053734 0.072974 0.000000 0.000000 0 0.000000 0.000000 0 0.000000 0.000000 0 0.000000 0.000000 0 0.000000 0.000000 0 0.000000 0.000000 0 0.000000 0.000000 0 0.000000 0.000000 0 0.000000 0.000000 0 0.000000 0.000000 0 0.000000 0.000000 0 0.000000 0.000000 0 0.000000 0.000000 0 0.000000 0.000000 0 0.000000 0.000000 0 0.000000 0.000000 0 0.000000 0.000000 0
0 0.557773 0.090726 0.063047 0.169180 0.564063 0.042155 1 0.564063 0.037471 1 0.557813 0.037471 1 0.000000 0.000000 0 0.543750 0.044496 1 0.568750 0.091335 1 0.537500 0.088993 1 0.000000 0.000000 0 0.000000 0.000000 0 0.000000 0.000000 0 0.000000 0.000000 0 0.000000 0.000000 0 0.000000 0.000000 0 0.000000 0.000000 0 0.000000 0.000000 0 0.000000 0.000000 0 0.000000 0.000000 0
0 0.040562 0.074649 0.080937 0.149297 0.035937 0.032787 1 0.031250 0.025761 1 0.042188 0.023419 1 0.021875 0.018735 1 0.050000 0.016393 1 0.009375 0.051522 1 0.067187 0.053864 1 0.000000 0.000000 0 0.075000 0.103044 1 0.014063 0.110070 1 0.050000 0.133489 1 0.021875 0.126464 1 0.048438 0.126464 1 0.015625 0.140515 1 0.051562 0.140515 1 0.017188 0.203747 1 0.048438 0.201405 1
0 0.247664 0.141628 0.035016 0.038665 0.000000 0.000000 0 0.000000 0.000000 0 0.000000 0.000000 0 0.000000 0.000000 0 0.000000 0.000000 0 0.000000 0.000000 0 0.000000 0.000000 0 0.000000 0.000000 0 0.000000 0.000000 0 0.000000 0.000000 0 0.000000 0.000000 0 0.000000 0.000000 0 0.000000 0.000000 0 0.000000 0.000000 0 0.000000 0.000000 0 0.000000 0.000000 0 0.000000 0.000000 0
0 0.595039 0.086557 0.054547 0.173115 0.596875 0.021077 1 0.600000 0.018735 1 0.592187 0.014052 1 0.000000 0.000000 0 0.582812 0.016393 1 0.614062 0.072600 1 0.564063 0.053864 1 0.604688 0.121780 1 0.000000 0.000000 0 0.578125 0.126464 1 0.000000 0.000000 0 0.589063 0.154567 1 0.564063 0.147541 1 0.000000 0.000000 0 0.000000 0.000000 0 0.000000 0.000000 0 0.000000 0.000000 0