0 0.864117 0.552815 0.081141 0.242687 0.859375 0.471963 1 0.864062 0.467290 1 0.854688 0.467290 1 0.875000 0.467290 1 0.000000 0.000000 0 0.885938 0.497664 1 0.842187 0.502336 1 0.890625 0.544393 1 0.853125 0.563084 1 0.875000 0.492991 1 0.862500 0.528037 1 0.875000 0.588785 1 0.857812 0.591121 1 0.890625 0.560748 1 0.837500 0.577103 1 0.889062 0.644860 1 0.870313 0.644860 1
0 0.386219 0.402255 0.297562 0.638201 0.353125 0.247664 1 0.360938 0.238318 1 0.345313 0.238318 1 0.000000 0.000000 0 0.000000 0.000000 0 0.392188 0.231308 1 0.303125 0.200935 1 0.448437 0.268692 1 0.279687 0.144860 1 0.501563 0.287383 1 0.259375 0.119159 1 0.362500 0.371495 1 0.304688 0.397196 1 0.376563 0.432243 1 0.285938 0.507009 1 0.409375 0.563084 1 0.300000 0.651869 1
0 0.971586 0.481379 0.056828 0.241028 0.982812 0.392523 1 0.985938 0.387850 1 0.978125 0.385514 1 0.000000 0.000000 0 0.967187 0.387850 1 0.967187 0.415888 1 0.962500 0.415888 1 0.000000 0.000000 0 0.965625 0.462617 1 0.000000 0.000000 0 0.982812 0.481308 1 0.000000 0.000000 0 0.959375 0.495327 1 0.000000 0.000000 0 0.998437 0.504673 1 0.000000 0.000000 0 0.993750 0.570093 1
0 0.845430 0.384416 0.080672 0.115467 0.000000 0.000000 0 0.000000 0.000000 0 0.000000 0.000000 0 0.000000 0.000000 0 0.000000 0.000000 0 0.000000 0.000000 0 0.000000 0.000000 0 0.000000 0.000000 0 0.000000 0.000000 0 0.000000 0.000000 0 0.000000 0.000000 0 0.000000 0.000000 0 0.000000 0.000000 0 0.000000 0.000000 0 0.000000 0.000000 0 0.000000 0.000000 0 0.000000 0.000000 0
0 0.802734 0.299778 0.031437 0.052220 0.000000 0.000000 0 0.000000 0.000000 0 0.000000 0.000000 0 0.000000 0.000000 0 0.000000 0.000000 0 0.000000 0.000000 0 0.000000 0.000000 0 0.000000 0.000000 0 0.000000 0.000000 0 0.000000 0.000000 0 0.000000 0.000000 0 0.000000 0.000000 0 0.000000 0.000000 0 0.000000 0.000000 0 0.000000 0.000000 0 0.000000 0.000000 0 0.000000 0.000000 0
0 0.937750 0.478657 0.102187 0.256192 0.948438 0.387850 1 0.000000 0.000000 0 0.942187 0.380841 1 0.000000 0.000000 0 0.931250 0.378505 1 0.937500 0.420561 1 0.910937 0.420561 1 0.937500 0.467290 1 0.909375 0.467290 1 0.948438 0.481308 1 0.945312 0.485981 1 0.923438 0.478972 1 0.896875 0.485981 1 0.957812 0.497664 1 0.939063 0.502336 1 0.957812 0.574766 1 0.942187 0.577103 1
0 0.047000 0.394509 0.094000 0.378505 0.040625 0.245327 1 0.000000 0.000000 0 0.037500 0.235981 1 0.000000 0.000000 0 0.028125 0.242991 1 0.000000 0.000000 0 0.025000 0.278037 1 0.000000 0.000000 0 0.035937 0.352804 1 0.000000 0.000000 0 0.043750 0.387850 1 0.000000 0.000000 0 0.017188 0.411215 1 0.000000 0.000000 0 0.042188 0.474299 1 0.000000 0.000000 0 0.057813 0.544393 1
0 0.112305 0.376262 0.061641 0.162570 0.110937 0.315421 1 0.000000 0.000000 0 0.106250 0.315421 1 0.000000 0.000000 0 0.100000 0.315421 1 0.110937 0.336449 1 0.087500 0.336449 1 0.120313 0.373832 1 0.096875 0.376168 1 0.000000 0.000000 0 0.117188 0.376168 1 0.107813 0.376168 1 0.090625 0.380841 1 0.131250 0.390187 1 0.109375 0.387850 1 0.129688 0.441589 1 0.112500 0.441589 1
0 0.072750 0.384509 0.062844 0.174252 0.048438 0.315421 1 0.000000 0.000000 0 0.045312 0.308411 1 0.000000 0.000000 0 0.000000 0.000000 0 0.050000 0.336449 1 0.000000 0.000000 0 0.000000 0.000000 0 0.000000 0.000000 0 0.000000 0.000000 0 0.000000 0.000000 0 0.065625 0.383178 1 0.050000 0.387850 1 0.092188 0.392523 1 0.067187 0.397196 1 0.081250 0.441589 1 0.082812 0.448598 1
0 0.459937 0.268119 0.022906 0.090771 0.000000 0.000000 0 0.000000 0.000000 0 0.000000 0.000000 0 0.000000 0.000000 0 0.000000 0.000000 0 0.000000 0.000000 0 0.000000 0.000000 0 0.000000 0.000000 0 0.000000 0.000000 0 0.000000 0.000000 0 0.000000 0.000000 0 0.000000 0.000000 0 0.000000 0.000000 0 0.000000 0.000000 0 0.000000 0.000000 0 0.000000 0.000000 0 0.000000 0.000000 0
0 0.249828 0.391530 0.077813 0.308715 0.279687 0.264019 1 0.000000 0.000000 0 0.276562 0.257009 1 0.000000 0.000000 0 0.270313 0.261682 1 0.239063 0.289720 1 0.275000 0.294393 1 0.225000 0.341121 1 0.278125 0.350467 1 0.217188 0.380841 1 0.281250 0.390187 1 0.245312 0.378505 1 0.267188 0.380841 1 0.264062 0.448598 1 0.253125 0.446262 1 0.275000 0.502336 1 0.235937 0.509346 1
0 0.574422 0.415584 0.085656 0.317196 0.000000 0.000000 0 0.000000 0.000000 0 0.000000 0.000000 0 0.560937 0.287383 1 0.000000 0.000000 0 0.551562 0.322430 1 0.595313 0.322430 1 0.539062 0.366822 1 0.604688 0.373832 1 0.000000 0.000000 0 0.607812 0.422897 1 0.554688 0.434579 1 0.589063 0.436916 1 0.557813 0.504673 1 0.576562 0.495327 1 0.560937 0.574766 1 0.570312 0.567757 1
0 0.785164 0.276121 0.030609 0.075280 0.000000 0.000000 0 0.000000 0.000000 0 0.000000 0.000000 0 0.000000 0.000000 0 0.000000 0.000000 0 0.000000 0.000000 0 0.000000 0.000000 0 0.000000 0.000000 0 0.000000 0.000000 0 0.000000 0.000000 0 0.000000 0.000000 0 0.000000 0.000000 0 0.000000 0.000000 0 0.000000 0.000000 0 0.000000 0.000000 0 0.000000 0.000000 0 0.000000 0.000000 0