0 0.152038 0.630781 0.298590 0.525844 0.205714 0.425000 1 0.211429 0.415625 1 0.188571 0.414062 1 0.000000 0.000000 0 0.152381 0.417187 1 0.222857 0.481250 1 0.089524 0.484375 1 0.241905 0.545312 1 0.062857 0.545312 1 0.274286 0.615625 1 0.053333 0.618750 1 0.207619 0.635938 1 0.127619 0.632812 1 0.224762 0.748437 1 0.140952 0.742188 1 0.163810 0.800000 1 0.156190 0.856250 1
0 0.813714 0.646703 0.173943 0.361875 0.000000 0.000000 0 0.000000 0.000000 0 0.000000 0.000000 0 0.836190 0.468750 1 0.790476 0.470313 1 0.862857 0.517188 1 0.769524 0.517188 1 0.878095 0.560937 1 0.744762 0.571875 1 0.866667 0.576562 1 0.800000 0.595313 1 0.855238 0.634375 1 0.792381 0.634375 1 0.838095 0.725000 1 0.792381 0.717187 1 0.824762 0.793750 1 0.779048 0.793750 1
0 0.493619 0.636688 0.245448 0.521250 0.483810 0.417187 1 0.000000 0.000000 0 0.466667 0.409375 1 0.000000 0.000000 0 0.441905 0.415625 1 0.552381 0.439063 1 0.419048 0.485938 1 0.000000 0.000000 0 0.396190 0.548438 1 0.000000 0.000000 0 0.380952 0.579688 1 0.565714 0.596875 1 0.468571 0.612500 1 0.575238 0.729688 1 0.460952 0.743750 1 0.579048 0.867188 1 0.451429 0.864062 1
0 0.246105 0.438953 0.060095 0.060562 0.000000 0.000000 0 0.000000 0.000000 0 0.000000 0.000000 0 0.000000 0.000000 0 0.000000 0.000000 0 0.000000 0.000000 0 0.000000 0.000000 0 0.000000 0.000000 0 0.000000 0.000000 0 0.000000 0.000000 0 0.000000 0.000000 0 0.000000 0.000000 0 0.000000 0.000000 0 0.000000 0.000000 0 0.000000 0.000000 0 0.000000 0.000000 0 0.000000 0.000000 0
0 0.362990 0.482422 0.093257 0.198906 0.000000 0.000000 0 0.000000 0.000000 0 0.000000 0.000000 0 0.000000 0.000000 0 0.000000 0.000000 0 0.333333 0.425000 1 0.384762 0.425000 1 0.320000 0.459375 1 0.400000 0.457813 1 0.323810 0.482812 1 0.400000 0.473438 1 0.340952 0.484375 1 0.379048 0.485938 1 0.348571 0.529687 1 0.375238 0.529687 1 0.352381 0.575000 1 0.377143 0.571875 1
0 0.403600 0.425461 0.043924 0.049547 0.000000 0.000000 0 0.000000 0.000000 0 0.000000 0.000000 0 0.000000 0.000000 0 0.000000 0.000000 0 0.000000 0.000000 0 0.000000 0.000000 0 0.000000 0.000000 0 0.000000 0.000000 0 0.000000 0.000000 0 0.000000 0.000000 0 0.000000 0.000000 0 0.000000 0.000000 0 0.000000 0.000000 0 0.000000 0.000000 0 0.000000 0.000000 0 0.000000 0.000000 0
0 0.953895 0.428766 0.029619 0.033500 0.000000 0.000000 0 0.000000 0.000000 0 0.000000 0.000000 0 0.000000 0.000000 0 0.000000 0.000000 0 0.000000 0.000000 0 0.000000 0.000000 0 0.000000 0.000000 0 0.000000 0.000000 0 0.000000 0.000000 0 0.000000 0.000000 0 0.000000 0.000000 0 0.000000 0.000000 0 0.000000 0.000000 0 0.000000 0.000000 0 0.000000 0.000000 0 0.000000 0.000000 0
0 0.988267 0.469359 0.023467 0.135219 0.000000 0.000000 0 0.000000 0.000000 0 0.000000 0.000000 0 0.000000 0.000000 0 0.000000 0.000000 0 0.000000 0.000000 0 0.000000 0.000000 0 0.000000 0.000000 0 0.000000 0.000000 0 0.000000 0.000000 0 0.000000 0.000000 0 0.000000 0.000000 0 0.000000 0.000000 0 0.000000 0.000000 0 0.000000 0.000000 0 0.000000 0.000000 0 0.000000 0.000000 0
0 0.970229 0.485273 0.049562 0.166484 0.000000 0.000000 0 0.000000 0.000000 0 0.988571 0.412500 1 0.000000 0.000000 0 0.982857 0.417187 1 0.988571 0.437500 1 0.961905 0.439063 1 0.000000 0.000000 0 0.961905 0.460938 1 0.000000 0.000000 0 0.961905 0.479687 1 0.000000 0.000000 0 0.969524 0.485938 1 0.000000 0.000000 0 0.965714 0.510938 1 0.000000 0.000000 0 0.965714 0.554688 1
0 0.025457 0.491141 0.050914 0.166500 0.000000 0.000000 0 0.022857 0.415625 1 0.013333 0.415625 1 0.028571 0.420312 1 0.007619 0.420312 1 0.034286 0.435937 1 0.000000 0.000000 0 0.047619 0.460938 1 0.000000 0.000000 0 0.043810 0.476562 1 0.000000 0.000000 0 0.032381 0.485938 1 0.009524 0.485938 1 0.034286 0.526563 1 0.009524 0.528125 1 0.032381 0.562500 1 0.009524 0.564063 1
0 0.293362 0.462969 0.033390 0.096719 0.000000 0.000000 0 0.000000 0.000000 0 0.000000 0.000000 0 0.000000 0.000000 0 0.000000 0.000000 0 0.000000 0.000000 0 0.000000 0.000000 0 0.000000 0.000000 0 0.000000 0.000000 0 0.000000 0.000000 0 0.000000 0.000000 0 0.000000 0.000000 0 0.000000 0.000000 0 0.000000 0.000000 0 0.000000 0.000000 0 0.000000 0.000000 0 0.000000 0.000000 0
0 0.063657 0.473062 0.044152 0.127438 0.000000 0.000000 0 0.000000 0.000000 0 0.000000 0.000000 0 0.000000 0.000000 0 0.000000 0.000000 0 0.000000 0.000000 0 0.000000 0.000000 0 0.000000 0.000000 0 0.000000 0.000000 0 0.000000 0.000000 0 0.000000 0.000000 0 0.000000 0.000000 0 0.000000 0.000000 0 0.000000 0.000000 0 0.000000 0.000000 0 0.000000 0.000000 0 0.000000 0.000000 0