0 0.121100 0.586111 0.242200 0.827778 0.000000 0.000000 0 0.160000 0.249249 1 0.140000 0.252252 1 0.000000 0.000000 0 0.076000 0.312312 1 0.070000 0.423423 1 0.116000 0.456456 1 0.000000 0.000000 0 0.068000 0.738739 1 0.000000 0.000000 0 0.000000 0.000000 0 0.000000 0.000000 0 0.150000 0.891892 1 0.000000 0.000000 0 0.000000 0.000000 0 0.000000 0.000000 0 0.000000 0.000000 0
0 0.022880 0.375435 0.044960 0.499580 0.032000 0.186186 1 0.022000 0.165165 1 0.004000 0.162162 1 0.000000 0.000000 0 0.000000 0.000000 0 0.000000 0.000000 0 0.000000 0.000000 0 0.000000 0.000000 0 0.000000 0.000000 0 0.000000 0.000000 0 0.000000 0.000000 0 0.000000 0.000000 0 0.000000 0.000000 0 0.000000 0.000000 0 0.000000 0.000000 0 0.000000 0.000000 0 0.000000 0.000000 0
0 0.236470 0.539324 0.119740 0.710120 0.276000 0.258258 1 0.000000 0.000000 0 0.262000 0.246246 1 0.000000 0.000000 0 0.232000 0.255255 1 0.270000 0.354354 1 0.210000 0.351351 1 0.000000 0.000000 0 0.202000 0.486486 1 0.000000 0.000000 0 0.286000 0.507508 1 0.278000 0.657658 1 0.240000 0.663664 1 0.000000 0.000000 0 0.230000 0.813814 1 0.000000 0.000000 0 0.188000 0.966967 1
0 0.386870 0.547132 0.264780 0.639730 0.404000 0.294294 1 0.408000 0.282282 1 0.386000 0.285285 1 0.000000 0.000000 0 0.354000 0.327327 1 0.434000 0.411411 1 0.334000 0.414414 1 0.000000 0.000000 0 0.364000 0.486486 1 0.000000 0.000000 0 0.444000 0.495495 1 0.424000 0.747748 1 0.352000 0.747748 1 0.422000 0.960961 1 0.352000 0.963964 1 0.000000 0.000000 0 0.000000 0.000000 0
0 0.592250 0.593408 0.172780 0.754625 0.536000 0.306306 1 0.548000 0.291291 1 0.526000 0.300300 1 0.574000 0.291291 1 0.000000 0.000000 0 0.616000 0.387387 1 0.520000 0.411411 1 0.674000 0.495495 1 0.000000 0.000000 0 0.646000 0.630631 1 0.000000 0.000000 0 0.596000 0.672673 1 0.548000 0.678679 1 0.612000 0.855856 1 0.558000 0.855856 1 0.000000 0.000000 0 0.000000 0.000000 0
0 0.790220 0.587643 0.248440 0.797748 0.716000 0.321321 1 0.726000 0.309309 1 0.000000 0.000000 0 0.774000 0.291291 1 0.000000 0.000000 0 0.846000 0.381381 1 0.706000 0.411411 1 0.880000 0.534535 1 0.680000 0.567568 1 0.866000 0.684685 1 0.708000 0.681682 1 0.840000 0.738739 1 0.738000 0.735736 1 0.856000 0.951952 1 0.754000 0.951952 1 0.000000 0.000000 0 0.000000 0.000000 0
0 0.970020 0.490270 0.059960 0.703604 0.000000 0.000000 0 0.000000 0.000000 0 0.000000 0.000000 0 0.000000 0.000000 0 0.000000 0.000000 0 0.988000 0.651652 1 0.962000 0.348348 1 0.000000 0.000000 0 0.988000 0.480480 1 0.000000 0.000000 0 0.000000 0.000000 0 0.000000 0.000000 0 0.000000 0.000000 0 0.000000 0.000000 0 0.000000 0.000000 0 0.000000 0.000000 0 0.000000 0.000000 0
0 0.944290 0.245511 0.064900 0.185856 0.000000 0.000000 0 0.000000 0.000000 0 0.000000 0.000000 0 0.000000 0.000000 0 0.000000 0.000000 0 0.000000 0.000000 0 0.000000 0.000000 0 0.000000 0.000000 0 0.000000 0.000000 0 0.000000 0.000000 0 0.000000 0.000000 0 0.000000 0.000000 0 0.000000 0.000000 0 0.000000 0.000000 0 0.000000 0.000000 0 0.000000 0.000000 0 0.000000 0.000000 0
0 0.296830 0.310901 0.041580 0.209009 0.000000 0.000000 0 0.000000 0.000000 0 0.000000 0.000000 0 0.000000 0.000000 0 0.000000 0.000000 0 0.000000 0.000000 0 0.000000 0.000000 0 0.000000 0.000000 0 0.000000 0.000000 0 0.000000 0.000000 0 0.000000 0.000000 0 0.000000 0.000000 0 0.000000 0.000000 0 0.000000 0.000000 0 0.000000 0.000000 0 0.000000 0.000000 0 0.000000 0.000000 0
0 0.474740 0.265405 0.018200 0.062282 0.000000 0.000000 0 0.000000 0.000000 0 0.000000 0.000000 0 0.000000 0.000000 0 0.000000 0.000000 0 0.000000 0.000000 0 0.000000 0.000000 0 0.000000 0.000000 0 0.000000 0.000000 0 0.000000 0.000000 0 0.000000 0.000000 0 0.000000 0.000000 0 0.000000 0.000000 0 0.000000 0.000000 0 0.000000 0.000000 0 0.000000 0.000000 0 0.000000 0.000000 0
0 0.678250 0.281276 0.069660 0.243694 0.698000 0.201201 1 0.702000 0.195195 1 0.694000 0.195195 1 0.000000 0.000000 0 0.686000 0.195195 1 0.000000 0.000000 0 0.672000 0.231231 1 0.000000 0.000000 0 0.654000 0.300300 1 0.000000 0.000000 0 0.000000 0.000000 0 0.000000 0.000000 0 0.674000 0.351351 1 0.000000 0.000000 0 0.000000 0.000000 0 0.000000 0.000000 0 0.000000 0.000000 0
0 0.932750 0.618258 0.134500 0.698198 0.912000 0.333333 1 0.926000 0.315315 1 0.904000 0.321321 1 0.942000 0.321321 1 0.000000 0.000000 0 0.964000 0.396396 1 0.880000 0.417417 1 0.000000 0.000000 0 0.000000 0.000000 0 0.000000 0.000000 0 0.000000 0.000000 0 0.956000 0.591592 1 0.914000 0.591592 1 0.968000 0.777778 1 0.896000 0.774775 1 0.968000 0.894895 1 0.880000 0.900901 1
0 0.773370 0.215360 0.051060 0.096126 0.000000 0.000000 0 0.000000 0.000000 0 0.000000 0.000000 0 0.000000 0.000000 0 0.000000 0.000000 0 0.000000 0.000000 0 0.000000 0.000000 0 0.000000 0.000000 0 0.000000 0.000000 0 0.000000 0.000000 0 0.000000 0.000000 0 0.000000 0.000000 0 0.000000 0.000000 0 0.000000 0.000000 0 0.000000 0.000000 0 0.000000 0.000000 0 0.000000 0.000000 0