0 0.435219 0.580223 0.235531 0.738474 0.482812 0.314554 1 0.495312 0.298122 1 0.470313 0.295775 1 0.507812 0.305164 1 0.446875 0.302817 1 0.506250 0.408451 1 0.426563 0.373239 1 0.518750 0.497653 1 0.362500 0.448357 1 0.531250 0.544601 1 0.340625 0.530516 1 0.460938 0.605634 1 0.409375 0.563380 1 0.434375 0.769953 1 0.421875 0.690141 1 0.382812 0.884977 1 0.378125 0.774648 1
0 0.841039 0.496620 0.317922 0.984272 0.000000 0.000000 0 0.000000 0.000000 0 0.000000 0.000000 0 0.879687 0.208920 1 0.000000 0.000000 0 0.860938 0.279343 1 0.957812 0.328638 1 0.804688 0.201878 1 0.000000 0.000000 0 0.818750 0.084507 1 0.000000 0.000000 0 0.839063 0.556338 1 0.917188 0.591549 1 0.762500 0.734742 1 0.951562 0.751174 1 0.710938 0.873239 1 0.989062 0.899061 1
0 0.179492 0.497066 0.358984 0.914601 0.175000 0.140845 1 0.000000 0.000000 0 0.164062 0.115023 1 0.000000 0.000000 0 0.134375 0.107981 1 0.051562 0.176056 1 0.107813 0.140845 1 0.000000 0.000000 0 0.206250 0.091549 1 0.000000 0.000000 0 0.304688 0.061033 1 0.004687 0.406103 1 0.050000 0.394366 1 0.035937 0.647887 1 0.050000 0.657277 1 0.056250 0.852113 1 0.017188 0.856808 1
0 0.302375 0.775974 0.059437 0.189225 0.298438 0.718310 1 0.300000 0.708920 1 0.290625 0.711268 1 0.306250 0.708920 1 0.285938 0.713615 1 0.317188 0.727700 1 0.281250 0.727700 1 0.317188 0.769953 1 0.289062 0.776995 1 0.304688 0.739437 1 0.307812 0.776995 1 0.307812 0.788732 1 0.290625 0.786385 1 0.309375 0.795775 1 0.285938 0.800469 1 0.300000 0.849765 1 0.292187 0.849765 1
0 0.321727 0.682594 0.046859 0.125892 0.000000 0.000000 0 0.000000 0.000000 0 0.000000 0.000000 0 0.000000 0.000000 0 0.000000 0.000000 0 0.000000 0.000000 0 0.000000 0.000000 0 0.000000 0.000000 0 0.000000 0.000000 0 0.000000 0.000000 0 0.000000 0.000000 0 0.000000 0.000000 0 0.000000 0.000000 0 0.000000 0.000000 0 0.000000 0.000000 0 0.000000 0.000000 0 0.000000 0.000000 0
0 0.608586 0.745751 0.064797 0.217183 0.000000 0.000000 0 0.000000 0.000000 0 0.610938 0.652582 1 0.000000 0.000000 0 0.601562 0.652582 1 0.625000 0.690141 1 0.587500 0.685446 1 0.626563 0.734742 1 0.585938 0.737089 1 0.614062 0.772300 1 0.600000 0.755869 1 0.618750 0.760563 1 0.592187 0.758216 1 0.631250 0.788732 1 0.593750 0.784038 1 0.625000 0.838028 1 0.593750 0.830986 1
0 0.565227 0.656819 0.053984 0.119366 0.000000 0.000000 0 0.000000 0.000000 0 0.000000 0.000000 0 0.000000 0.000000 0 0.000000 0.000000 0 0.000000 0.000000 0 0.000000 0.000000 0 0.000000 0.000000 0 0.000000 0.000000 0 0.000000 0.000000 0 0.000000 0.000000 0 0.000000 0.000000 0 0.000000 0.000000 0 0.000000 0.000000 0 0.000000 0.000000 0 0.000000 0.000000 0 0.000000 0.000000 0
0 0.719820 0.690869 0.048078 0.106620 0.000000 0.000000 0 0.000000 0.000000 0 0.000000 0.000000 0 0.000000 0.000000 0 0.000000 0.000000 0 0.000000 0.000000 0 0.000000 0.000000 0 0.000000 0.000000 0 0.000000 0.000000 0 0.000000 0.000000 0 0.000000 0.000000 0 0.000000 0.000000 0 0.000000 0.000000 0 0.000000 0.000000 0 0.000000 0.000000 0 0.000000 0.000000 0 0.000000 0.000000 0
0 0.103320 0.783509 0.058141 0.239789 0.092188 0.701878 1 0.096875 0.687793 1 0.090625 0.690141 1 0.000000 0.000000 0 0.084375 0.692488 1 0.101562 0.713615 1 0.000000 0.000000 0 0.120313 0.748826 1 0.000000 0.000000 0 0.103125 0.762911 1 0.000000 0.000000 0 0.101562 0.774648 1 0.079687 0.774648 1 0.120313 0.793427 1 0.000000 0.000000 0 0.095312 0.852113 1 0.000000 0.000000 0
0 0.140336 0.747676 0.053047 0.228826 0.000000 0.000000 0 0.000000 0.000000 0 0.000000 0.000000 0 0.000000 0.000000 0 0.000000 0.000000 0 0.131250 0.680751 1 0.154688 0.680751 1 0.117188 0.706573 1 0.164062 0.701878 1 0.129688 0.739437 1 0.159375 0.727700 1 0.134375 0.739437 1 0.150000 0.734742 1 0.134375 0.784038 1 0.150000 0.784038 1 0.134375 0.833333 1 0.150000 0.835681 1
0 0.185961 0.780657 0.062047 0.173380 0.184375 0.720657 1 0.187500 0.715962 1 0.181250 0.715962 1 0.193750 0.720657 1 0.000000 0.000000 0 0.193750 0.748826 1 0.168750 0.748826 1 0.203125 0.774648 1 0.157812 0.767606 1 0.193750 0.786385 1 0.173437 0.786385 1 0.190625 0.800469 1 0.170313 0.800469 1 0.203125 0.802817 1 0.154688 0.798122 1 0.196875 0.847418 1 0.168750 0.840376 1
0 0.657031 0.702746 0.047500 0.155775 0.659375 0.654930 1 0.664062 0.647887 1 0.654687 0.647887 1 0.671875 0.647887 1 0.648438 0.645540 1 0.675000 0.666667 1 0.643750 0.664319 1 0.673438 0.697183 1 0.634375 0.692488 1 0.671875 0.725352 1 0.632812 0.718310 1 0.665625 0.732394 1 0.648438 0.732394 1 0.000000 0.000000 0 0.000000 0.000000 0 0.000000 0.000000 0 0.000000 0.000000 0
0 0.267570 0.683286 0.046391 0.129296 0.000000 0.000000 0 0.000000 0.000000 0 0.000000 0.000000 0 0.000000 0.000000 0 0.000000 0.000000 0 0.000000 0.000000 0 0.000000 0.000000 0 0.000000 0.000000 0 0.000000 0.000000 0 0.000000 0.000000 0 0.000000 0.000000 0 0.000000 0.000000 0 0.000000 0.000000 0 0.000000 0.000000 0 0.000000 0.000000 0 0.000000 0.000000 0 0.000000 0.000000 0