0 0.204781 0.359859 0.409562 0.508969 0.085417 0.207813 1 0.000000 0.000000 0 0.066667 0.184375 1 0.000000 0.000000 0 0.002083 0.185938 1 0.037500 0.248438 1 0.000000 0.000000 0 0.091667 0.314063 1 0.000000 0.000000 0 0.172917 0.303125 1 0.110417 0.343750 1 0.066667 0.415625 1 0.043750 0.439063 1 0.364583 0.398438 1 0.339583 0.432812 1 0.320833 0.556250 1 0.291667 0.584375 1
0 0.697990 0.335828 0.522979 0.366812 0.850000 0.223438 1 0.866667 0.210938 1 0.845833 0.214062 1 0.925000 0.207813 1 0.000000 0.000000 0 0.927083 0.268750 1 0.900000 0.256250 1 0.797917 0.314063 1 0.000000 0.000000 0 0.810417 0.253125 1 0.000000 0.000000 0 0.708333 0.376563 1 0.672917 0.353125 1 0.575000 0.393750 1 0.527083 0.365625 1 0.564583 0.487500 1 0.518750 0.490625 1
0 0.829479 0.530328 0.337792 0.572219 0.000000 0.000000 0 0.000000 0.000000 0 0.000000 0.000000 0 0.000000 0.000000 0 0.000000 0.000000 0 0.000000 0.000000 0 0.000000 0.000000 0 0.000000 0.000000 0 0.000000 0.000000 0 0.839583 0.439063 1 0.000000 0.000000 0 0.000000 0.000000 0 0.000000 0.000000 0 0.756250 0.610938 1 0.000000 0.000000 0 0.000000 0.000000 0 0.000000 0.000000 0
0 0.526417 0.188969 0.119333 0.327094 0.000000 0.000000 0 0.000000 0.000000 0 0.000000 0.000000 0 0.520833 0.062500 1 0.552083 0.057813 1 0.550000 0.096875 1 0.554167 0.090625 1 0.527083 0.143750 1 0.000000 0.000000 0 0.500000 0.115625 1 0.512500 0.196875 1 0.545833 0.181250 1 0.000000 0.000000 0 0.550000 0.275000 1 0.000000 0.000000 0 0.552083 0.331250 1 0.000000 0.000000 0
0 0.334208 0.276008 0.225625 0.249328 0.000000 0.000000 0 0.000000 0.000000 0 0.383333 0.189062 1 0.000000 0.000000 0 0.362500 0.192188 1 0.337500 0.203125 1 0.308333 0.220312 1 0.354167 0.268750 1 0.329167 0.276562 1 0.404167 0.292187 1 0.408333 0.293750 1 0.283333 0.293750 1 0.266667 0.301563 1 0.383333 0.295312 1 0.372917 0.306250 1 0.381250 0.393750 1 0.375000 0.407813 1
0 0.749771 0.191219 0.090333 0.103000 0.714583 0.176563 1 0.718750 0.170313 1 0.000000 0.000000 0 0.743750 0.173437 1 0.000000 0.000000 0 0.777083 0.209375 1 0.747917 0.204687 1 0.739583 0.251563 1 0.000000 0.000000 0 0.000000 0.000000 0 0.000000 0.000000 0 0.000000 0.000000 0 0.000000 0.000000 0 0.000000 0.000000 0 0.000000 0.000000 0 0.000000 0.000000 0 0.000000 0.000000 0
0 0.612052 0.125898 0.071438 0.109484 0.000000 0.000000 0 0.000000 0.000000 0 0.000000 0.000000 0 0.000000 0.000000 0 0.635417 0.098437 1 0.616667 0.125000 1 0.600000 0.126562 1 0.000000 0.000000 0 0.639583 0.154688 1 0.000000 0.000000 0 0.000000 0.000000 0 0.000000 0.000000 0 0.604167 0.187500 1 0.000000 0.000000 0 0.000000 0.000000 0 0.000000 0.000000 0 0.000000 0.000000 0
0 0.315437 0.125766 0.160500 0.249594 0.000000 0.000000 0 0.000000 0.000000 0 0.000000 0.000000 0 0.289583 0.056250 1 0.335417 0.053125 1 0.272917 0.093750 1 0.345833 0.087500 1 0.252083 0.142187 1 0.377083 0.057813 1 0.252083 0.198437 1 0.360417 0.018750 1 0.293750 0.171875 1 0.347917 0.170313 1 0.000000 0.000000 0 0.000000 0.000000 0 0.000000 0.000000 0 0.000000 0.000000 0
0 0.716708 0.234391 0.321417 0.224469 0.777083 0.170313 1 0.789583 0.159375 1 0.000000 0.000000 0 0.833333 0.167187 1 0.000000 0.000000 0 0.852083 0.231250 1 0.812500 0.221875 1 0.779167 0.295312 1 0.000000 0.000000 0 0.731250 0.271875 1 0.000000 0.000000 0 0.725000 0.337500 1 0.710417 0.321875 1 0.591667 0.339062 1 0.568750 0.320312 1 0.000000 0.000000 0 0.000000 0.000000 0
0 0.167490 0.537375 0.333437 0.242156 0.000000 0.000000 0 0.000000 0.000000 0 0.000000 0.000000 0 0.000000 0.000000 0 0.000000 0.000000 0 0.000000 0.000000 0 0.000000 0.000000 0 0.000000 0.000000 0 0.000000 0.000000 0 0.039583 0.546875 1 0.000000 0.000000 0 0.102083 0.495312 1 0.047917 0.550000 1 0.189583 0.545312 1 0.160417 0.587500 1 0.293750 0.607812 1 0.266667 0.634375 1
0 0.430031 0.137977 0.086188 0.176609 0.000000 0.000000 0 0.000000 0.000000 0 0.000000 0.000000 0 0.400000 0.073438 1 0.000000 0.000000 0 0.435417 0.109375 1 0.433333 0.098437 1 0.414583 0.165625 1 0.000000 0.000000 0 0.000000 0.000000 0 0.000000 0.000000 0 0.420833 0.189062 1 0.427083 0.185938 1 0.000000 0.000000 0 0.000000 0.000000 0 0.000000 0.000000 0 0.000000 0.000000 0