0 0.141458 0.721547 0.142311 0.331937 0.000000 0.000000 0 0.000000 0.000000 0 0.000000 0.000000 0 0.113636 0.584375 1 0.000000 0.000000 0 0.087121 0.615625 1 0.168561 0.615625 1 0.089015 0.673438 1 0.176136 0.673438 1 0.000000 0.000000 0 0.200758 0.715625 1 0.104167 0.698438 1 0.160985 0.698438 1 0.000000 0.000000 0 0.172348 0.785937 1 0.000000 0.000000 0 0.166667 0.848437 1
0 0.823892 0.791219 0.241951 0.416719 0.000000 0.000000 0 0.000000 0.000000 0 0.000000 0.000000 0 0.000000 0.000000 0 0.000000 0.000000 0 0.757576 0.678125 1 0.846591 0.687500 1 0.000000 0.000000 0 0.859848 0.773438 1 0.000000 0.000000 0 0.000000 0.000000 0 0.755682 0.809375 1 0.801136 0.817187 1 0.763258 0.915625 1 0.801136 0.925000 1 0.000000 0.000000 0 0.000000 0.000000 0
0 0.339905 0.631883 0.088409 0.216703 0.000000 0.000000 0 0.000000 0.000000 0 0.000000 0.000000 0 0.312500 0.540625 1 0.000000 0.000000 0 0.306818 0.560937 1 0.350379 0.560937 1 0.303030 0.589063 1 0.367424 0.592187 1 0.301136 0.621875 1 0.373106 0.625000 1 0.310606 0.632812 1 0.348485 0.632812 1 0.316288 0.675000 1 0.344697 0.682813 1 0.320076 0.717187 1 0.340909 0.729688 1
0 0.466307 0.715867 0.219129 0.411766 0.448864 0.550000 1 0.456439 0.540625 1 0.437500 0.543750 1 0.477273 0.540625 1 0.428030 0.546875 1 0.517045 0.585938 1 0.407197 0.589063 1 0.547348 0.648438 1 0.386364 0.642188 1 0.528409 0.681250 1 0.388258 0.660937 1 0.511364 0.692187 1 0.428030 0.698438 1 0.547348 0.742188 1 0.412879 0.770312 1 0.505682 0.790625 1 0.416667 0.873437 1
0 0.642831 0.592766 0.037936 0.044562 0.000000 0.000000 0 0.000000 0.000000 0 0.000000 0.000000 0 0.000000 0.000000 0 0.000000 0.000000 0 0.000000 0.000000 0 0.000000 0.000000 0 0.000000 0.000000 0 0.000000 0.000000 0 0.000000 0.000000 0 0.000000 0.000000 0 0.000000 0.000000 0 0.000000 0.000000 0 0.000000 0.000000 0 0.000000 0.000000 0 0.000000 0.000000 0 0.000000 0.000000 0
0 0.813845 0.680688 0.322614 0.343188 0.844697 0.585938 1 0.000000 0.000000 0 0.827652 0.578125 1 0.000000 0.000000 0 0.791667 0.571875 1 0.837121 0.607812 1 0.732955 0.609375 1 0.865530 0.689063 1 0.693182 0.696875 1 0.912879 0.732812 1 0.727273 0.748437 1 0.821970 0.750000 1 0.750000 0.760938 1 0.941288 0.757812 1 0.000000 0.000000 0 0.000000 0.000000 0 0.000000 0.000000 0
0 0.736250 0.573891 0.084205 0.091688 0.000000 0.000000 0 0.000000 0.000000 0 0.000000 0.000000 0 0.717803 0.546875 1 0.736742 0.545312 1 0.712121 0.565625 1 0.742424 0.560937 1 0.706439 0.585938 1 0.750000 0.576562 1 0.714015 0.601562 1 0.753788 0.598437 1 0.721591 0.617188 1 0.742424 0.615625 1 0.000000 0.000000 0 0.000000 0.000000 0 0.000000 0.000000 0 0.000000 0.000000 0
0 0.689242 0.559695 0.053977 0.083891 0.000000 0.000000 0 0.000000 0.000000 0 0.000000 0.000000 0 0.000000 0.000000 0 0.000000 0.000000 0 0.000000 0.000000 0 0.000000 0.000000 0 0.000000 0.000000 0 0.000000 0.000000 0 0.000000 0.000000 0 0.000000 0.000000 0 0.000000 0.000000 0 0.000000 0.000000 0 0.000000 0.000000 0 0.000000 0.000000 0 0.000000 0.000000 0 0.000000 0.000000 0
0 0.640256 0.613695 0.116193 0.168234 0.634470 0.551562 1 0.638258 0.548438 1 0.628788 0.546875 1 0.647727 0.551562 1 0.625000 0.551562 1 0.653409 0.564063 1 0.615530 0.565625 1 0.672348 0.585938 1 0.594697 0.589063 1 0.687500 0.601562 1 0.590909 0.612500 1 0.647727 0.604688 1 0.625000 0.604688 1 0.687500 0.625000 1 0.592803 0.634375 1 0.679924 0.670312 1 0.602273 0.676562 1
0 0.251326 0.637547 0.097576 0.225344 0.000000 0.000000 0 0.000000 0.000000 0 0.000000 0.000000 0 0.240530 0.545312 1 0.267045 0.543750 1 0.227273 0.571875 1 0.282197 0.570312 1 0.210227 0.598437 1 0.293561 0.604688 1 0.225379 0.628125 1 0.282197 0.626563 1 0.240530 0.640625 1 0.272727 0.640625 1 0.242424 0.682813 1 0.268939 0.685937 1 0.244318 0.731250 1 0.251894 0.735938 1
0 0.592509 0.570219 0.056723 0.087688 0.000000 0.000000 0 0.000000 0.000000 0 0.000000 0.000000 0 0.000000 0.000000 0 0.000000 0.000000 0 0.000000 0.000000 0 0.000000 0.000000 0 0.000000 0.000000 0 0.000000 0.000000 0 0.000000 0.000000 0 0.000000 0.000000 0 0.000000 0.000000 0 0.000000 0.000000 0 0.000000 0.000000 0 0.000000 0.000000 0 0.000000 0.000000 0 0.000000 0.000000 0
0 0.966326 0.631734 0.067348 0.189438 0.958333 0.568750 1 0.964015 0.564063 1 0.954545 0.564063 1 0.990530 0.562500 1 0.000000 0.000000 0 0.992424 0.595313 1 0.958333 0.609375 1 0.939394 0.584375 1 0.000000 0.000000 0 0.986742 0.578125 1 0.000000 0.000000 0 0.982955 0.664062 1 0.950758 0.662500 1 0.000000 0.000000 0 0.000000 0.000000 0 0.000000 0.000000 0 0.000000 0.000000 0
0 0.076297 0.776453 0.137746 0.299500 0.000000 0.000000 0 0.000000 0.000000 0 0.000000 0.000000 0 0.045455 0.654687 1 0.000000 0.000000 0 0.030303 0.687500 1 0.092803 0.684375 1 0.020833 0.728125 1 0.104167 0.726562 1 0.017045 0.751563 1 0.126894 0.729688 1 0.054924 0.751563 1 0.087121 0.753125 1 0.062500 0.828125 1 0.094697 0.820312 1 0.060606 0.900000 1 0.085227 0.884375 1