0 0.368352 0.485958 0.178516 0.610542 0.400000 0.270833 1 0.398438 0.258333 1 0.381250 0.258333 1 0.000000 0.000000 0 0.346875 0.270833 1 0.406250 0.356250 1 0.314063 0.360417 1 0.410938 0.443750 1 0.306250 0.468750 1 0.425000 0.477083 1 0.375000 0.462500 1 0.387500 0.560417 1 0.342187 0.558333 1 0.378125 0.731250 1 0.321875 0.735417 1 0.378125 0.860417 1 0.296875 0.893750 1
0 0.637078 0.504490 0.171906 0.743812 0.659375 0.202083 1 0.659375 0.185417 1 0.643750 0.189583 1 0.000000 0.000000 0 0.609375 0.208333 1 0.653125 0.281250 1 0.598437 0.272917 1 0.000000 0.000000 0 0.587500 0.377083 1 0.693750 0.372917 1 0.640625 0.339583 1 0.664062 0.489583 1 0.618750 0.491667 1 0.635938 0.672917 1 0.592187 0.672917 1 0.629687 0.785417 1 0.570312 0.795833 1
0 0.231742 0.639323 0.352234 0.694396 0.235937 0.393750 1 0.000000 0.000000 0 0.218750 0.377083 1 0.000000 0.000000 0 0.168750 0.395833 1 0.187500 0.512500 1 0.154688 0.533333 1 0.000000 0.000000 0 0.182812 0.760417 1 0.000000 0.000000 0 0.257812 0.639583 1 0.225000 0.812500 1 0.193750 0.889583 1 0.370312 0.827083 1 0.000000 0.000000 0 0.212500 0.918750 1 0.114062 0.983333 1
0 0.806461 0.484271 0.139891 0.510125 0.832812 0.281250 1 0.839063 0.272917 1 0.825000 0.272917 1 0.000000 0.000000 0 0.804688 0.283333 1 0.860938 0.343750 1 0.776563 0.341667 1 0.850000 0.429167 1 0.775000 0.429167 1 0.796875 0.406250 1 0.829688 0.420833 1 0.831250 0.450000 1 0.792188 0.445833 1 0.804688 0.550000 1 0.767188 0.541667 1 0.781250 0.687500 1 0.779687 0.664583 1
0 0.928648 0.444948 0.141578 0.408979 0.945312 0.285417 1 0.948438 0.277083 1 0.932813 0.281250 1 0.000000 0.000000 0 0.915625 0.293750 1 0.982812 0.325000 1 0.893750 0.329167 1 0.996875 0.370833 1 0.878125 0.364583 1 0.982812 0.410417 1 0.900000 0.422917 1 0.967187 0.435417 1 0.907813 0.437500 1 0.954688 0.477083 1 0.896875 0.495833 1 0.937500 0.602083 1 0.892188 0.602083 1
0 0.876398 0.200000 0.138203 0.278667 0.879687 0.097917 1 0.884375 0.089583 1 0.870313 0.091667 1 0.000000 0.000000 0 0.854688 0.104167 1 0.914062 0.164583 1 0.837500 0.164583 1 0.921875 0.250000 1 0.821875 0.252083 1 0.000000 0.000000 0 0.000000 0.000000 0 0.893750 0.325000 1 0.843750 0.322917 1 0.000000 0.000000 0 0.000000 0.000000 0 0.000000 0.000000 0 0.000000 0.000000 0
0 0.717906 0.253385 0.097969 0.308563 0.735938 0.127083 1 0.743750 0.120833 1 0.728125 0.120833 1 0.000000 0.000000 0 0.715625 0.127083 1 0.757812 0.185417 1 0.693750 0.181250 1 0.770312 0.260417 1 0.678125 0.270833 1 0.757812 0.308333 1 0.000000 0.000000 0 0.742188 0.318750 1 0.710938 0.320833 1 0.762500 0.443750 1 0.707812 0.441667 1 0.000000 0.000000 0 0.000000 0.000000 0
0 0.545078 0.243521 0.081750 0.263500 0.556250 0.154167 1 0.560937 0.147917 1 0.551562 0.145833 1 0.000000 0.000000 0 0.539062 0.152083 1 0.573438 0.193750 1 0.525000 0.189583 1 0.576562 0.252083 1 0.528125 0.245833 1 0.560937 0.206250 1 0.543750 0.204167 1 0.564063 0.304167 1 0.529687 0.306250 1 0.556250 0.408333 1 0.517188 0.404167 1 0.000000 0.000000 0 0.000000 0.000000 0
0 0.028992 0.318365 0.056203 0.276938 0.000000 0.000000 0 0.004687 0.218750 1 0.000000 0.000000 0 0.010937 0.225000 1 0.000000 0.000000 0 0.014063 0.258333 1 0.000000 0.000000 0 0.026562 0.308333 1 0.000000 0.000000 0 0.000000 0.000000 0 0.000000 0.000000 0 0.007812 0.329167 1 0.000000 0.000000 0 0.026562 0.358333 1 0.000000 0.000000 0 0.031250 0.414583 1 0.000000 0.000000 0
0 0.271117 0.309875 0.074953 0.227792 0.265625 0.229167 1 0.265625 0.218750 1 0.259375 0.227083 1 0.000000 0.000000 0 0.253125 0.237500 1 0.287500 0.250000 1 0.256250 0.268750 1 0.000000 0.000000 0 0.243750 0.304167 1 0.000000 0.000000 0 0.237500 0.341667 1 0.290625 0.318750 1 0.270313 0.320833 1 0.310937 0.337500 1 0.268750 0.335417 1 0.314063 0.379167 1 0.246875 0.377083 1
0 0.304383 0.249271 0.079359 0.161792 0.275000 0.225000 1 0.279687 0.218750 1 0.000000 0.000000 0 0.298438 0.206250 1 0.000000 0.000000 0 0.317188 0.227083 1 0.278125 0.202083 1 0.337500 0.291667 1 0.000000 0.000000 0 0.000000 0.000000 0 0.000000 0.000000 0 0.334375 0.310417 1 0.309375 0.302083 1 0.000000 0.000000 0 0.000000 0.000000 0 0.000000 0.000000 0 0.000000 0.000000 0