0 0.666781 0.577174 0.615844 0.824732 0.518750 0.425287 1 0.615625 0.411877 1 0.543750 0.352490 1 0.692187 0.522989 1 0.000000 0.000000 0 0.764062 0.762452 1 0.453125 0.668582 1 0.000000 0.000000 0 0.000000 0.000000 0 0.000000 0.000000 0 0.000000 0.000000 0 0.000000 0.000000 0 0.000000 0.000000 0 0.000000 0.000000 0 0.000000 0.000000 0 0.000000 0.000000 0 0.000000 0.000000 0
0 0.937742 0.624837 0.122203 0.306111 0.000000 0.000000 0 0.000000 0.000000 0 0.000000 0.000000 0 0.000000 0.000000 0 0.990625 0.503831 1 0.951562 0.528736 1 0.968750 0.538314 1 0.000000 0.000000 0 0.959375 0.576628 1 0.000000 0.000000 0 0.946875 0.620690 1 0.939063 0.630268 1 0.925000 0.622605 1 0.928125 0.691571 1 0.896875 0.680077 1 0.921875 0.758621 1 0.000000 0.000000 0
0 0.974141 0.666810 0.051719 0.206418 0.000000 0.000000 0 0.000000 0.000000 0 0.000000 0.000000 0 0.000000 0.000000 0 0.000000 0.000000 0 0.000000 0.000000 0 0.000000 0.000000 0 0.000000 0.000000 0 0.000000 0.000000 0 0.000000 0.000000 0 0.000000 0.000000 0 0.992188 0.616858 1 0.984375 0.611111 1 0.981250 0.695402 1 0.964063 0.685824 1 0.960938 0.758621 1 0.953125 0.752874 1
0 0.156281 0.190843 0.055219 0.176360 0.000000 0.000000 0 0.000000 0.000000 0 0.000000 0.000000 0 0.000000 0.000000 0 0.000000 0.000000 0 0.153125 0.134100 1 0.175000 0.139847 1 0.000000 0.000000 0 0.181250 0.170498 1 0.000000 0.000000 0 0.171875 0.181992 1 0.146875 0.181992 1 0.162500 0.189655 1 0.139063 0.218391 1 0.150000 0.231801 1 0.129688 0.250958 1 0.142187 0.262452 1
0 0.070570 0.224722 0.133797 0.449444 0.025000 0.040230 1 0.053125 0.026820 1 0.021875 0.017241 1 0.082812 0.042146 1 0.000000 0.000000 0 0.100000 0.174330 1 0.000000 0.000000 0 0.089063 0.306513 1 0.000000 0.000000 0 0.020313 0.273946 1 0.000000 0.000000 0 0.000000 0.000000 0 0.000000 0.000000 0 0.000000 0.000000 0 0.000000 0.000000 0 0.000000 0.000000 0 0.000000 0.000000 0
0 0.208062 0.238707 0.114344 0.252625 0.240625 0.145594 1 0.246875 0.139847 1 0.237500 0.137931 1 0.251563 0.147510 1 0.232813 0.137931 1 0.254688 0.193487 1 0.215625 0.162835 1 0.000000 0.000000 0 0.189062 0.195402 1 0.000000 0.000000 0 0.179688 0.220307 1 0.217188 0.264368 1 0.193750 0.249042 1 0.000000 0.000000 0 0.181250 0.300766 1 0.000000 0.000000 0 0.170313 0.342912 1
0 0.131844 0.112835 0.051062 0.143793 0.000000 0.000000 0 0.000000 0.000000 0 0.000000 0.000000 0 0.000000 0.000000 0 0.000000 0.000000 0 0.000000 0.000000 0 0.000000 0.000000 0 0.000000 0.000000 0 0.000000 0.000000 0 0.000000 0.000000 0 0.000000 0.000000 0 0.000000 0.000000 0 0.000000 0.000000 0 0.000000 0.000000 0 0.000000 0.000000 0 0.000000 0.000000 0 0.000000 0.000000 0
0 0.287758 0.500000 0.575516 1.000000 0.456250 0.365900 1 0.492188 0.302682 1 0.400000 0.285441 1 0.000000 0.000000 0 0.278125 0.272031 1 0.464062 0.611111 1 0.104688 0.549808 1 0.000000 0.000000 0 0.010937 0.984674 1 0.000000 0.000000 0 0.318750 0.854406 1 0.000000 0.000000 0 0.000000 0.000000 0 0.000000 0.000000 0 0.000000 0.000000 0 0.000000 0.000000 0 0.000000 0.000000 0
0 0.838172 0.452557 0.022594 0.086303 0.000000 0.000000 0 0.000000 0.000000 0 0.000000 0.000000 0 0.000000 0.000000 0 0.000000 0.000000 0 0.000000 0.000000 0 0.000000 0.000000 0 0.000000 0.000000 0 0.000000 0.000000 0 0.000000 0.000000 0 0.000000 0.000000 0 0.000000 0.000000 0 0.000000 0.000000 0 0.000000 0.000000 0 0.000000 0.000000 0 0.000000 0.000000 0 0.000000 0.000000 0
0 0.842063 0.525134 0.091031 0.200728 0.000000 0.000000 0 0.000000 0.000000 0 0.000000 0.000000 0 0.000000 0.000000 0 0.868750 0.438697 1 0.867188 0.459770 1 0.856250 0.461686 1 0.000000 0.000000 0 0.865625 0.494253 1 0.000000 0.000000 0 0.871875 0.524904 1 0.848437 0.515326 1 0.837500 0.517241 1 0.834375 0.555556 1 0.825000 0.557471 1 0.817187 0.597701 1 0.810937 0.607280 1
0 0.884047 0.545977 0.121250 0.219923 0.929688 0.461686 1 0.934375 0.459770 1 0.928125 0.454023 1 0.937500 0.463602 1 0.921875 0.454023 1 0.929688 0.505747 1 0.901563 0.477011 1 0.912500 0.540230 1 0.867188 0.498084 1 0.900000 0.567050 1 0.871875 0.526820 1 0.901563 0.549808 1 0.881250 0.532567 1 0.871875 0.599617 1 0.864062 0.555556 1 0.846875 0.645594 1 0.846875 0.607280 1