0 0.193352 0.656967 0.178391 0.357447 0.162500 0.548009 1 0.000000 0.000000 0 0.156250 0.543326 1 0.000000 0.000000 0 0.129688 0.557377 1 0.160938 0.569087 1 0.132812 0.622951 1 0.184375 0.625293 1 0.175000 0.704918 1 0.226562 0.632319 1 0.228125 0.725995 1 0.185938 0.695550 1 0.164062 0.770492 1 0.256250 0.707260 1 0.248438 0.807963 1 0.201563 0.793911 1 0.171875 0.819672 1
0 0.440922 0.600867 0.154156 0.444731 0.432812 0.459016 1 0.432812 0.444965 1 0.000000 0.000000 0 0.456250 0.433255 1 0.000000 0.000000 0 0.484375 0.475410 1 0.462500 0.473068 1 0.467187 0.611241 1 0.457813 0.540984 1 0.437500 0.653396 1 0.428125 0.550351 1 0.484375 0.655738 1 0.460938 0.641686 1 0.421875 0.744731 1 0.414062 0.707260 1 0.498437 0.751756 1 0.395313 0.803279 1
0 0.494648 0.532447 0.174328 0.474965 0.475000 0.358314 1 0.484375 0.351288 1 0.470313 0.351288 1 0.495312 0.358314 1 0.000000 0.000000 0 0.495312 0.393443 1 0.482812 0.393443 1 0.504687 0.473068 1 0.462500 0.426230 1 0.489063 0.454333 1 0.448437 0.379391 1 0.473438 0.566745 1 0.451562 0.562061 1 0.503125 0.627635 1 0.418750 0.618267 1 0.557813 0.702576 1 0.456250 0.693208 1
0 0.824617 0.533712 0.245891 0.537073 0.746875 0.320843 1 0.753125 0.313817 1 0.742188 0.313817 1 0.776563 0.320843 1 0.000000 0.000000 0 0.779687 0.367681 1 0.751563 0.384075 1 0.815625 0.444965 1 0.000000 0.000000 0 0.778125 0.482436 1 0.000000 0.000000 0 0.790625 0.533958 1 0.756250 0.533958 1 0.825000 0.637002 1 0.726562 0.634660 1 0.914062 0.618267 1 0.740625 0.777518 1
0 0.285750 0.492412 0.047625 0.196393 0.000000 0.000000 0 0.000000 0.000000 0 0.000000 0.000000 0 0.000000 0.000000 0 0.000000 0.000000 0 0.295312 0.430913 1 0.275000 0.433255 1 0.304688 0.454333 1 0.268750 0.454333 1 0.301563 0.459016 1 0.271875 0.482436 1 0.293750 0.491803 1 0.282813 0.489461 1 0.296875 0.531616 1 0.281250 0.531616 1 0.295312 0.569087 1 0.282813 0.573770 1
0 0.231719 0.528349 0.031844 0.102459 0.000000 0.000000 0 0.000000 0.000000 0 0.000000 0.000000 0 0.000000 0.000000 0 0.000000 0.000000 0 0.000000 0.000000 0 0.000000 0.000000 0 0.000000 0.000000 0 0.000000 0.000000 0 0.000000 0.000000 0 0.000000 0.000000 0 0.000000 0.000000 0 0.000000 0.000000 0 0.000000 0.000000 0 0.000000 0.000000 0 0.000000 0.000000 0 0.000000 0.000000 0
0 0.186188 0.516569 0.026906 0.136464 0.000000 0.000000 0 0.000000 0.000000 0 0.000000 0.000000 0 0.000000 0.000000 0 0.000000 0.000000 0 0.000000 0.000000 0 0.000000 0.000000 0 0.000000 0.000000 0 0.000000 0.000000 0 0.000000 0.000000 0 0.000000 0.000000 0 0.000000 0.000000 0 0.000000 0.000000 0 0.000000 0.000000 0 0.000000 0.000000 0 0.000000 0.000000 0 0.000000 0.000000 0
0 0.735859 0.499040 0.041063 0.219859 0.000000 0.000000 0 0.000000 0.000000 0 0.000000 0.000000 0 0.000000 0.000000 0 0.000000 0.000000 0 0.731250 0.423888 1 0.748437 0.423888 1 0.000000 0.000000 0 0.000000 0.000000 0 0.000000 0.000000 0 0.000000 0.000000 0 0.731250 0.489461 1 0.748437 0.491803 1 0.732812 0.545667 1 0.750000 0.548009 1 0.725000 0.580796 1 0.000000 0.000000 0
0 0.043109 0.517377 0.044188 0.189368 0.048438 0.442623 1 0.050000 0.437939 1 0.045312 0.440281 1 0.000000 0.000000 0 0.039062 0.440281 1 0.051562 0.461358 1 0.034375 0.466042 1 0.056250 0.477752 1 0.026562 0.487119 1 0.057813 0.498829 1 0.028125 0.512881 1 0.050000 0.510539 1 0.037500 0.510539 1 0.053125 0.548009 1 0.039062 0.548009 1 0.042188 0.573770 1 0.037500 0.587822 1
0 0.153992 0.479286 0.029859 0.064239 0.000000 0.000000 0 0.000000 0.000000 0 0.000000 0.000000 0 0.000000 0.000000 0 0.000000 0.000000 0 0.000000 0.000000 0 0.000000 0.000000 0 0.000000 0.000000 0 0.000000 0.000000 0 0.000000 0.000000 0 0.000000 0.000000 0 0.000000 0.000000 0 0.000000 0.000000 0 0.000000 0.000000 0 0.000000 0.000000 0 0.000000 0.000000 0 0.000000 0.000000 0
0 0.904844 0.496721 0.170656 0.161171 0.000000 0.000000 0 0.000000 0.000000 0 0.000000 0.000000 0 0.000000 0.000000 0 0.000000 0.000000 0 0.000000 0.000000 0 0.000000 0.000000 0 0.000000 0.000000 0 0.000000 0.000000 0 0.000000 0.000000 0 0.000000 0.000000 0 0.000000 0.000000 0 0.000000 0.000000 0 0.000000 0.000000 0 0.000000 0.000000 0 0.000000 0.000000 0 0.000000 0.000000 0
0 0.110516 0.440550 0.042250 0.064145 0.000000 0.000000 0 0.000000 0.000000 0 0.000000 0.000000 0 0.000000 0.000000 0 0.000000 0.000000 0 0.000000 0.000000 0 0.000000 0.000000 0 0.000000 0.000000 0 0.000000 0.000000 0 0.000000 0.000000 0 0.000000 0.000000 0 0.000000 0.000000 0 0.000000 0.000000 0 0.000000 0.000000 0 0.000000 0.000000 0 0.000000 0.000000 0 0.000000 0.000000 0
0 0.069992 0.437576 0.035828 0.066393 0.000000 0.000000 0 0.000000 0.000000 0 0.000000 0.000000 0 0.000000 0.000000 0 0.000000 0.000000 0 0.000000 0.000000 0 0.000000 0.000000 0 0.000000 0.000000 0 0.000000 0.000000 0 0.000000 0.000000 0 0.000000 0.000000 0 0.000000 0.000000 0 0.000000 0.000000 0 0.000000 0.000000 0 0.000000 0.000000 0 0.000000 0.000000 0 0.000000 0.000000 0