0 0.974133 0.567570 0.051734 0.524775 0.979688 0.351178 1 0.985938 0.342612 1 0.000000 0.000000 0 0.000000 0.000000 0 0.000000 0.000000 0 0.992188 0.400428 1 0.000000 0.000000 0 0.985938 0.494647 1 0.000000 0.000000 0 0.982812 0.567452 1 0.000000 0.000000 0 0.000000 0.000000 0 0.000000 0.000000 0 0.992188 0.683084 1 0.000000 0.000000 0 0.989062 0.788009 1 0.000000 0.000000 0
0 0.927281 0.518726 0.083625 0.404475 0.000000 0.000000 0 0.000000 0.000000 0 0.000000 0.000000 0 0.000000 0.000000 0 0.000000 0.000000 0 0.951562 0.396146 1 0.895312 0.396146 1 0.960938 0.451820 1 0.000000 0.000000 0 0.000000 0.000000 0 0.000000 0.000000 0 0.948438 0.535332 1 0.914062 0.537473 1 0.932813 0.608137 1 0.903125 0.597430 1 0.925000 0.704497 1 0.929688 0.665953 1
0 0.848570 0.557302 0.129547 0.534818 0.000000 0.000000 0 0.000000 0.000000 0 0.000000 0.000000 0 0.817187 0.338330 1 0.846875 0.336188 1 0.809375 0.396146 1 0.876563 0.391863 1 0.800000 0.481799 1 0.896875 0.477516 1 0.800000 0.552463 1 0.879687 0.531049 1 0.829688 0.552463 1 0.873437 0.548180 1 0.818750 0.659529 1 0.862500 0.661670 1 0.856250 0.753747 1 0.859375 0.788009 1
0 0.793758 0.525824 0.057703 0.473276 0.779687 0.340471 1 0.781250 0.331906 1 0.000000 0.000000 0 0.789062 0.327623 1 0.000000 0.000000 0 0.781250 0.385439 1 0.840625 0.368308 1 0.779687 0.486081 1 0.000000 0.000000 0 0.784375 0.526767 1 0.000000 0.000000 0 0.800000 0.522484 1 0.000000 0.000000 0 0.801562 0.627409 1 0.000000 0.000000 0 0.806250 0.736617 1 0.000000 0.000000 0
0 0.732062 0.399839 0.079344 0.209872 0.000000 0.000000 0 0.000000 0.000000 0 0.000000 0.000000 0 0.000000 0.000000 0 0.000000 0.000000 0 0.000000 0.000000 0 0.000000 0.000000 0 0.000000 0.000000 0 0.000000 0.000000 0 0.000000 0.000000 0 0.000000 0.000000 0 0.000000 0.000000 0 0.000000 0.000000 0 0.000000 0.000000 0 0.000000 0.000000 0 0.000000 0.000000 0 0.000000 0.000000 0
0 0.530117 0.540974 0.132109 0.486403 0.000000 0.000000 0 0.000000 0.000000 0 0.000000 0.000000 0 0.000000 0.000000 0 0.000000 0.000000 0 0.485938 0.391863 1 0.567187 0.387580 1 0.479687 0.481799 1 0.578125 0.460385 1 0.000000 0.000000 0 0.000000 0.000000 0 0.507812 0.541756 1 0.550000 0.539615 1 0.501563 0.638116 1 0.556250 0.642398 1 0.495312 0.751606 1 0.575000 0.758030 1
0 0.584445 0.509079 0.058953 0.321028 0.000000 0.000000 0 0.570312 0.372591 1 0.562500 0.370450 1 0.576562 0.374732 1 0.000000 0.000000 0 0.582812 0.408994 1 0.000000 0.000000 0 0.596875 0.458244 1 0.000000 0.000000 0 0.000000 0.000000 0 0.000000 0.000000 0 0.582812 0.483940 1 0.000000 0.000000 0 0.584375 0.563169 1 0.000000 0.000000 0 0.592187 0.635974 1 0.000000 0.000000 0
0 0.408477 0.592077 0.123453 0.464026 0.000000 0.000000 0 0.000000 0.000000 0 0.000000 0.000000 0 0.000000 0.000000 0 0.000000 0.000000 0 0.373437 0.447537 1 0.429688 0.441113 1 0.356250 0.511777 1 0.000000 0.000000 0 0.381250 0.531049 1 0.000000 0.000000 0 0.390625 0.578158 1 0.434375 0.573876 1 0.385937 0.691649 1 0.415625 0.683084 1 0.417187 0.760171 1 0.421875 0.794433 1
0 0.248984 0.683565 0.208719 0.612612 0.000000 0.000000 0 0.000000 0.000000 0 0.000000 0.000000 0 0.000000 0.000000 0 0.000000 0.000000 0 0.151562 0.432548 1 0.250000 0.419700 1 0.000000 0.000000 0 0.304688 0.627409 1 0.000000 0.000000 0 0.334375 0.509636 1 0.178125 0.713062 1 0.256250 0.717345 1 0.237500 0.991435 1 0.290625 0.989293 1 0.000000 0.000000 0 0.000000 0.000000 0
0 0.060500 0.522505 0.052469 0.225139 0.000000 0.000000 0 0.000000 0.000000 0 0.000000 0.000000 0 0.000000 0.000000 0 0.000000 0.000000 0 0.000000 0.000000 0 0.000000 0.000000 0 0.000000 0.000000 0 0.000000 0.000000 0 0.000000 0.000000 0 0.000000 0.000000 0 0.078125 0.494647 1 0.059375 0.501071 1 0.078125 0.561028 1 0.064062 0.569593 1 0.079687 0.614561 1 0.068750 0.616702 1
0 0.357125 0.421531 0.056625 0.156253 0.000000 0.000000 0 0.000000 0.000000 0 0.000000 0.000000 0 0.357812 0.368308 1 0.376563 0.368308 1 0.345313 0.404711 1 0.389062 0.391863 1 0.335938 0.453961 1 0.000000 0.000000 0 0.000000 0.000000 0 0.000000 0.000000 0 0.360938 0.501071 1 0.000000 0.000000 0 0.356250 0.561028 1 0.000000 0.000000 0 0.000000 0.000000 0 0.000000 0.000000 0
0 0.636453 0.192848 0.081031 0.250021 0.634375 0.087794 1 0.635938 0.085653 1 0.631250 0.083512 1 0.000000 0.000000 0 0.625000 0.087794 1 0.651563 0.117773 1 0.612500 0.115632 1 0.659375 0.156317 1 0.600000 0.141328 1 0.668750 0.192719 1 0.621875 0.156317 1 0.650000 0.199143 1 0.623437 0.199143 1 0.656250 0.244111 1 0.629687 0.246253 1 0.654687 0.301927 1 0.635938 0.301927 1
0 0.694617 0.575332 0.164891 0.532463 0.000000 0.000000 0 0.000000 0.000000 0 0.000000 0.000000 0 0.667188 0.349036 1 0.703125 0.342612 1 0.651563 0.389722 1 0.731250 0.394004 1 0.621875 0.486081 1 0.759375 0.481799 1 0.626563 0.541756 1 0.765625 0.548180 1 0.679688 0.539615 1 0.729688 0.537473 1 0.682813 0.680942 1 0.718750 0.680942 1 0.712500 0.785867 1 0.700000 0.792291 1