0 0.115031 0.543521 0.022469 0.031399 0.000000 0.000000 0 0.000000 0.000000 0 0.000000 0.000000 0 0.000000 0.000000 0 0.000000 0.000000 0 0.000000 0.000000 0 0.000000 0.000000 0 0.000000 0.000000 0 0.000000 0.000000 0 0.000000 0.000000 0 0.000000 0.000000 0 0.000000 0.000000 0 0.000000 0.000000 0 0.000000 0.000000 0 0.000000 0.000000 0 0.000000 0.000000 0 0.000000 0.000000 0
0 0.241969 0.565952 0.079687 0.308188 0.237500 0.435780 1 0.240625 0.431193 1 0.234375 0.433486 1 0.245312 0.438073 1 0.228125 0.440367 1 0.260937 0.474771 1 0.218750 0.479358 1 0.276562 0.513761 1 0.214062 0.529817 1 0.000000 0.000000 0 0.209375 0.568807 1 0.253125 0.564220 1 0.228125 0.568807 1 0.246875 0.635321 1 0.228125 0.630734 1 0.259375 0.683486 1 0.225000 0.706422 1
0 0.362008 0.544839 0.106922 0.408073 0.357812 0.371560 1 0.364063 0.364679 1 0.351562 0.366972 1 0.370312 0.376147 1 0.343750 0.380734 1 0.384375 0.415138 1 0.332813 0.422018 1 0.406250 0.488532 1 0.325000 0.463303 1 0.392188 0.465596 1 0.323437 0.479358 1 0.384375 0.513761 1 0.350000 0.513761 1 0.376563 0.628440 1 0.368750 0.612385 1 0.362500 0.713303 1 0.365625 0.701835 1
0 0.822836 0.571686 0.213641 0.478188 0.818750 0.378440 1 0.826562 0.369266 1 0.815625 0.366972 1 0.843750 0.380734 1 0.000000 0.000000 0 0.862500 0.440367 1 0.809375 0.444954 1 0.900000 0.516055 1 0.789062 0.513761 1 0.909375 0.573394 1 0.757812 0.552752 1 0.865625 0.568807 1 0.815625 0.573394 1 0.839063 0.637615 1 0.790625 0.660550 1 0.868750 0.766055 1 0.767188 0.786697 1
0 0.280258 0.559782 0.062297 0.313142 0.278125 0.428899 1 0.281250 0.424312 1 0.275000 0.422018 1 0.285938 0.431193 1 0.267188 0.431193 1 0.295312 0.467890 1 0.251563 0.458716 1 0.295312 0.513761 1 0.000000 0.000000 0 0.282813 0.555046 1 0.000000 0.000000 0 0.278125 0.559633 1 0.254688 0.552752 1 0.278125 0.628440 1 0.245312 0.637615 1 0.281250 0.688073 1 0.256250 0.674312 1
0 0.764680 0.564484 0.068891 0.298876 0.768750 0.440367 1 0.771875 0.433486 1 0.764062 0.435780 1 0.000000 0.000000 0 0.000000 0.000000 0 0.790625 0.465596 1 0.751563 0.479358 1 0.000000 0.000000 0 0.743750 0.518349 1 0.000000 0.000000 0 0.731250 0.541284 1 0.787500 0.559633 1 0.768750 0.561927 1 0.793750 0.623853 1 0.764062 0.623853 1 0.796875 0.681193 1 0.764062 0.690367 1
0 0.188211 0.592603 0.026859 0.083326 0.000000 0.000000 0 0.000000 0.000000 0 0.000000 0.000000 0 0.000000 0.000000 0 0.000000 0.000000 0 0.000000 0.000000 0 0.000000 0.000000 0 0.000000 0.000000 0 0.000000 0.000000 0 0.000000 0.000000 0 0.000000 0.000000 0 0.000000 0.000000 0 0.000000 0.000000 0 0.000000 0.000000 0 0.000000 0.000000 0 0.000000 0.000000 0 0.000000 0.000000 0
0 0.509789 0.595505 0.199016 0.534817 0.468750 0.366972 1 0.471875 0.360092 1 0.459375 0.357798 1 0.000000 0.000000 0 0.440625 0.369266 1 0.489063 0.431193 1 0.417187 0.435780 1 0.520312 0.495413 1 0.373437 0.516055 1 0.553125 0.525229 1 0.339062 0.582569 1 0.482812 0.594037 1 0.429688 0.582569 1 0.473438 0.745413 1 0.443750 0.676606 1 0.450000 0.791284 1 0.425000 0.818807 1
0 0.067313 0.566732 0.089281 0.269977 0.057813 0.458716 1 0.060937 0.451835 1 0.054688 0.451835 1 0.067187 0.461009 1 0.050000 0.458716 1 0.073438 0.481651 1 0.046875 0.483945 1 0.076563 0.522936 1 0.053125 0.516055 1 0.043750 0.527523 1 0.039062 0.529817 1 0.078125 0.561927 1 0.057813 0.561927 1 0.087500 0.619266 1 0.050000 0.619266 1 0.101562 0.681193 1 0.048438 0.681193 1
0 0.467742 0.620172 0.172609 0.399243 0.467187 0.369266 1 0.471875 0.357798 1 0.457813 0.360092 1 0.000000 0.000000 0 0.439063 0.373853 1 0.490625 0.428899 1 0.415625 0.433486 1 0.528125 0.513761 1 0.373437 0.513761 1 0.567187 0.520642 1 0.339062 0.584862 1 0.479687 0.594037 1 0.432812 0.596330 1 0.476562 0.754587 1 0.450000 0.685780 1 0.448437 0.775229 1 0.421875 0.823394 1
0 0.420828 0.470631 0.029938 0.133509 0.000000 0.000000 0 0.000000 0.000000 0 0.000000 0.000000 0 0.000000 0.000000 0 0.000000 0.000000 0 0.000000 0.000000 0 0.000000 0.000000 0 0.000000 0.000000 0 0.000000 0.000000 0 0.000000 0.000000 0 0.000000 0.000000 0 0.000000 0.000000 0 0.000000 0.000000 0 0.000000 0.000000 0 0.000000 0.000000 0 0.000000 0.000000 0 0.000000 0.000000 0
0 0.259938 0.372856 0.026125 0.079885 0.000000 0.000000 0 0.000000 0.000000 0 0.000000 0.000000 0 0.000000 0.000000 0 0.000000 0.000000 0 0.000000 0.000000 0 0.000000 0.000000 0 0.000000 0.000000 0 0.000000 0.000000 0 0.000000 0.000000 0 0.000000 0.000000 0 0.000000 0.000000 0 0.000000 0.000000 0 0.000000 0.000000 0 0.000000 0.000000 0 0.000000 0.000000 0 0.000000 0.000000 0
0 0.801469 0.270917 0.012062 0.059037 0.000000 0.000000 0 0.000000 0.000000 0 0.000000 0.000000 0 0.000000 0.000000 0 0.000000 0.000000 0 0.000000 0.000000 0 0.000000 0.000000 0 0.000000 0.000000 0 0.000000 0.000000 0 0.000000 0.000000 0 0.000000 0.000000 0 0.000000 0.000000 0 0.000000 0.000000 0 0.000000 0.000000 0 0.000000 0.000000 0 0.000000 0.000000 0 0.000000 0.000000 0