0 0.209391 0.550948 0.185562 0.352437 0.000000 0.000000 0 0.000000 0.000000 0 0.000000 0.000000 0 0.000000 0.000000 0 0.206250 0.416667 1 0.228125 0.447917 1 0.178125 0.439583 1 0.243750 0.500000 1 0.131250 0.479167 1 0.271875 0.525000 1 0.148438 0.533333 1 0.193750 0.558333 1 0.165625 0.554167 1 0.221875 0.597917 1 0.179688 0.595833 1 0.218750 0.689583 1 0.160938 0.695833 1
0 0.384969 0.598781 0.251063 0.257646 0.376563 0.516667 1 0.376563 0.510417 1 0.370312 0.510417 1 0.000000 0.000000 0 0.345313 0.514583 1 0.392188 0.541667 1 0.317188 0.541667 1 0.426563 0.556250 1 0.279687 0.589583 1 0.471875 0.550000 1 0.275000 0.650000 1 0.354687 0.641667 1 0.320312 0.635417 1 0.407813 0.637500 1 0.310937 0.604167 1 0.375000 0.702083 1 0.298438 0.693750 1
0 0.507563 0.552073 0.102719 0.261438 0.512500 0.458333 1 0.518750 0.452083 1 0.507812 0.452083 1 0.000000 0.000000 0 0.495312 0.452083 1 0.520312 0.493750 1 0.473438 0.493750 1 0.520312 0.554167 1 0.467187 0.543750 1 0.526563 0.572917 1 0.500000 0.566667 1 0.506250 0.564583 1 0.460938 0.564583 1 0.551562 0.583333 1 0.493750 0.581250 1 0.535937 0.654167 1 0.496875 0.664583 1
0 0.610109 0.561792 0.246063 0.368542 0.596875 0.420833 1 0.000000 0.000000 0 0.595313 0.410417 1 0.000000 0.000000 0 0.582812 0.404167 1 0.595313 0.456250 1 0.556250 0.429167 1 0.629687 0.502083 1 0.607812 0.435417 1 0.665625 0.485417 1 0.654687 0.454167 1 0.592187 0.558333 1 0.573438 0.558333 1 0.587500 0.672917 1 0.635938 0.656250 1 0.509375 0.685417 1 0.692187 0.720833 1
0 0.216180 0.188073 0.045453 0.095646 0.000000 0.000000 0 0.000000 0.000000 0 0.000000 0.000000 0 0.000000 0.000000 0 0.000000 0.000000 0 0.000000 0.000000 0 0.000000 0.000000 0 0.000000 0.000000 0 0.000000 0.000000 0 0.000000 0.000000 0 0.000000 0.000000 0 0.000000 0.000000 0 0.000000 0.000000 0 0.000000 0.000000 0 0.000000 0.000000 0 0.000000 0.000000 0 0.000000 0.000000 0
0 0.153812 0.177854 0.063406 0.120042 0.150000 0.147917 1 0.153125 0.141667 1 0.145313 0.141667 1 0.157812 0.143750 1 0.137500 0.145833 1 0.171875 0.179167 1 0.128125 0.175000 1 0.176563 0.212500 1 0.125000 0.202083 1 0.143750 0.214583 1 0.132812 0.233333 1 0.000000 0.000000 0 0.000000 0.000000 0 0.000000 0.000000 0 0.000000 0.000000 0 0.000000 0.000000 0 0.000000 0.000000 0
0 0.431992 0.487740 0.115297 0.401813 0.421875 0.325000 1 0.426563 0.316667 1 0.417187 0.316667 1 0.432812 0.320833 1 0.406250 0.318750 1 0.440625 0.366667 1 0.389062 0.370833 1 0.442188 0.429167 1 0.382812 0.429167 1 0.456250 0.479167 1 0.384375 0.491667 1 0.434375 0.472917 1 0.396875 0.468750 1 0.440625 0.572917 1 0.404687 0.579167 1 0.450000 0.666667 1 0.400000 0.666667 1
0 0.429391 0.255229 0.066125 0.103833 0.426563 0.225000 1 0.429688 0.220833 1 0.423438 0.220833 1 0.435937 0.225000 1 0.415625 0.222917 1 0.442188 0.254167 1 0.407813 0.254167 1 0.453125 0.297917 1 0.403125 0.289583 1 0.000000 0.000000 0 0.423438 0.302083 1 0.000000 0.000000 0 0.000000 0.000000 0 0.000000 0.000000 0 0.000000 0.000000 0 0.000000 0.000000 0 0.000000 0.000000 0
0 0.969148 0.365073 0.061703 0.108896 0.971875 0.337500 1 0.976562 0.333333 1 0.967187 0.333333 1 0.984375 0.335417 1 0.962500 0.337500 1 0.996875 0.368750 1 0.948438 0.375000 1 0.000000 0.000000 0 0.946875 0.427083 1 0.000000 0.000000 0 0.964063 0.381250 1 0.996875 0.454167 1 0.954688 0.454167 1 0.000000 0.000000 0 0.000000 0.000000 0 0.000000 0.000000 0 0.000000 0.000000 0
0 0.518859 0.357073 0.079375 0.121979 0.520312 0.329167 1 0.525000 0.325000 1 0.515625 0.325000 1 0.000000 0.000000 0 0.506250 0.327083 1 0.535937 0.362500 1 0.492188 0.360417 1 0.546875 0.410417 1 0.484375 0.408333 1 0.000000 0.000000 0 0.000000 0.000000 0 0.526563 0.431250 1 0.501563 0.429167 1 0.000000 0.000000 0 0.000000 0.000000 0 0.000000 0.000000 0 0.000000 0.000000 0
0 0.585516 0.362958 0.067844 0.112917 0.000000 0.000000 0 0.000000 0.000000 0 0.000000 0.000000 0 0.000000 0.000000 0 0.000000 0.000000 0 0.000000 0.000000 0 0.000000 0.000000 0 0.000000 0.000000 0 0.000000 0.000000 0 0.000000 0.000000 0 0.000000 0.000000 0 0.000000 0.000000 0 0.000000 0.000000 0 0.000000 0.000000 0 0.000000 0.000000 0 0.000000 0.000000 0 0.000000 0.000000 0
0 0.666984 0.360281 0.084375 0.120979 0.667188 0.333333 1 0.671875 0.327083 1 0.662500 0.327083 1 0.000000 0.000000 0 0.654687 0.329167 1 0.693750 0.362500 1 0.642188 0.362500 1 0.701562 0.410417 1 0.635938 0.414583 1 0.000000 0.000000 0 0.000000 0.000000 0 0.684375 0.437500 1 0.654687 0.435417 1 0.000000 0.000000 0 0.000000 0.000000 0 0.000000 0.000000 0 0.000000 0.000000 0
0 0.568523 0.258156 0.092828 0.153188 0.564063 0.210417 1 0.568750 0.204167 1 0.560937 0.204167 1 0.575000 0.208333 1 0.553125 0.208333 1 0.589063 0.239583 1 0.543750 0.241667 1 0.604688 0.293750 1 0.534375 0.295833 1 0.000000 0.000000 0 0.570312 0.312500 1 0.589063 0.316667 1 0.553125 0.316667 1 0.000000 0.000000 0 0.000000 0.000000 0 0.000000 0.000000 0 0.000000 0.000000 0