0 0.488766 0.693250 0.293250 0.568542 0.603125 0.481250 1 0.615625 0.483333 1 0.604688 0.468750 1 0.620313 0.510417 1 0.000000 0.000000 0 0.579688 0.554167 1 0.540625 0.460417 1 0.545312 0.647917 1 0.545312 0.366667 1 0.509375 0.622917 1 0.000000 0.000000 0 0.507812 0.633333 1 0.473438 0.600000 1 0.485938 0.797917 1 0.420312 0.725000 1 0.459375 0.893750 1 0.368750 0.858333 1
0 0.721352 0.631458 0.094391 0.431458 0.737500 0.456250 1 0.742188 0.450000 1 0.731250 0.450000 1 0.000000 0.000000 0 0.715625 0.456250 1 0.756250 0.510417 1 0.706250 0.508333 1 0.762500 0.564583 1 0.679688 0.562500 1 0.000000 0.000000 0 0.706250 0.577083 1 0.740625 0.627083 1 0.703125 0.625000 1 0.740625 0.720833 1 0.690625 0.718750 1 0.740625 0.812500 1 0.679688 0.812500 1
0 0.077531 0.646813 0.151688 0.395500 0.120313 0.495833 1 0.126562 0.491667 1 0.115625 0.491667 1 0.000000 0.000000 0 0.098437 0.493750 1 0.135937 0.537500 1 0.070312 0.533333 1 0.128125 0.610417 1 0.048438 0.604167 1 0.121875 0.660417 1 0.034375 0.664583 1 0.093750 0.633333 1 0.050000 0.629167 1 0.128125 0.695833 1 0.025000 0.693750 1 0.125000 0.812500 1 0.007812 0.802083 1
0 0.059578 0.381979 0.106625 0.131458 0.051562 0.356250 1 0.054688 0.345833 1 0.045312 0.347917 1 0.062500 0.350000 1 0.029687 0.358333 1 0.089063 0.391667 1 0.015625 0.406250 1 0.101562 0.452083 1 0.000000 0.000000 0 0.000000 0.000000 0 0.000000 0.000000 0 0.000000 0.000000 0 0.000000 0.000000 0 0.000000 0.000000 0 0.000000 0.000000 0 0.000000 0.000000 0 0.000000 0.000000 0
0 0.147594 0.374990 0.089500 0.134979 0.146875 0.347917 1 0.150000 0.341667 1 0.137500 0.339583 1 0.000000 0.000000 0 0.121875 0.347917 1 0.168750 0.395833 1 0.107813 0.404167 1 0.181250 0.456250 1 0.125000 0.468750 1 0.000000 0.000000 0 0.134375 0.402083 1 0.165625 0.485417 1 0.128125 0.491667 1 0.000000 0.000000 0 0.000000 0.000000 0 0.000000 0.000000 0 0.000000 0.000000 0
0 0.259758 0.387885 0.089953 0.110104 0.276562 0.375000 1 0.281250 0.366667 1 0.271875 0.366667 1 0.000000 0.000000 0 0.253125 0.368750 1 0.290625 0.416667 1 0.232813 0.420833 1 0.000000 0.000000 0 0.000000 0.000000 0 0.000000 0.000000 0 0.000000 0.000000 0 0.000000 0.000000 0 0.000000 0.000000 0 0.000000 0.000000 0 0.000000 0.000000 0 0.000000 0.000000 0 0.000000 0.000000 0
0 0.343547 0.395125 0.077750 0.108583 0.350000 0.383333 1 0.351562 0.377083 1 0.340625 0.377083 1 0.000000 0.000000 0 0.326562 0.379167 1 0.371875 0.429167 1 0.318750 0.431250 1 0.000000 0.000000 0 0.000000 0.000000 0 0.000000 0.000000 0 0.000000 0.000000 0 0.000000 0.000000 0 0.000000 0.000000 0 0.000000 0.000000 0 0.000000 0.000000 0 0.000000 0.000000 0 0.000000 0.000000 0
0 0.476195 0.350042 0.073391 0.209042 0.478125 0.281250 1 0.482812 0.272917 1 0.473438 0.272917 1 0.490625 0.283333 1 0.462500 0.285417 1 0.500000 0.329167 1 0.453125 0.327083 1 0.503125 0.372917 1 0.448437 0.377083 1 0.485938 0.387500 1 0.487500 0.375000 1 0.492188 0.393750 1 0.459375 0.393750 1 0.500000 0.385417 1 0.498437 0.422917 1 0.485938 0.458333 1 0.000000 0.000000 0
0 0.647289 0.416594 0.085297 0.086104 0.660937 0.416667 1 0.664062 0.408333 1 0.653125 0.408333 1 0.000000 0.000000 0 0.637500 0.404167 1 0.676562 0.437500 1 0.614062 0.437500 1 0.682813 0.485417 1 0.614062 0.491667 1 0.000000 0.000000 0 0.000000 0.000000 0 0.000000 0.000000 0 0.000000 0.000000 0 0.000000 0.000000 0 0.000000 0.000000 0 0.000000 0.000000 0 0.000000 0.000000 0
0 0.338477 0.234927 0.089578 0.198229 0.335938 0.168750 1 0.342187 0.162500 1 0.331250 0.160417 1 0.000000 0.000000 0 0.320312 0.166667 1 0.350000 0.206250 1 0.307812 0.206250 1 0.378125 0.166667 1 0.301563 0.162500 1 0.343750 0.172917 1 0.315625 0.172917 1 0.354687 0.293750 1 0.318750 0.295833 1 0.000000 0.000000 0 0.335938 0.306250 1 0.000000 0.000000 0 0.328125 0.366667 1
0 0.402586 0.272667 0.096172 0.189458 0.401562 0.214583 1 0.404687 0.208333 1 0.393750 0.212500 1 0.407813 0.212500 1 0.382812 0.218750 1 0.423438 0.264583 1 0.370312 0.254167 1 0.435937 0.312500 1 0.375000 0.297917 1 0.456250 0.331250 1 0.400000 0.297917 1 0.418750 0.345833 1 0.378125 0.345833 1 0.000000 0.000000 0 0.398438 0.314583 1 0.000000 0.000000 0 0.448437 0.345833 1
0 0.956547 0.397406 0.086406 0.125896 0.000000 0.000000 0 0.000000 0.000000 0 0.000000 0.000000 0 0.000000 0.000000 0 0.000000 0.000000 0 0.000000 0.000000 0 0.000000 0.000000 0 0.000000 0.000000 0 0.000000 0.000000 0 0.000000 0.000000 0 0.000000 0.000000 0 0.000000 0.000000 0 0.000000 0.000000 0 0.000000 0.000000 0 0.000000 0.000000 0 0.000000 0.000000 0 0.000000 0.000000 0
0 0.959203 0.424823 0.081594 0.097313 0.975000 0.408333 1 0.981250 0.404167 1 0.968750 0.404167 1 0.989062 0.412500 1 0.959375 0.412500 1 0.000000 0.000000 0 0.935937 0.452083 1 0.000000 0.000000 0 0.898438 0.470833 1 0.000000 0.000000 0 0.000000 0.000000 0 0.000000 0.000000 0 0.000000 0.000000 0 0.000000 0.000000 0 0.000000 0.000000 0 0.000000 0.000000 0 0.000000 0.000000 0