0 0.812720 0.509715 0.110240 0.462072 0.820000 0.324324 1 0.826000 0.315315 1 0.814000 0.312312 1 0.000000 0.000000 0 0.798000 0.318318 1 0.848000 0.384384 1 0.776000 0.399399 1 0.856000 0.471471 1 0.774000 0.474474 1 0.846000 0.561562 1 0.774000 0.567568 1 0.828000 0.552553 1 0.788000 0.555556 1 0.844000 0.702703 1 0.808000 0.702703 1 0.000000 0.000000 0 0.000000 0.000000 0
0 0.958250 0.650916 0.083500 0.673423 0.950000 0.372372 1 0.962000 0.360360 1 0.942000 0.363363 1 0.980000 0.372372 1 0.000000 0.000000 0 0.994000 0.447447 1 0.934000 0.453453 1 0.000000 0.000000 0 0.932000 0.561562 1 0.000000 0.000000 0 0.920000 0.663664 1 0.994000 0.657658 1 0.948000 0.654655 1 0.978000 0.801802 1 0.952000 0.816817 1 0.980000 0.936937 1 0.960000 0.945946 1
0 0.298160 0.502853 0.088800 0.306426 0.310000 0.387387 1 0.000000 0.000000 0 0.306000 0.381381 1 0.000000 0.000000 0 0.296000 0.381381 1 0.306000 0.420420 1 0.276000 0.423423 1 0.304000 0.465465 1 0.266000 0.471471 1 0.314000 0.501502 1 0.280000 0.507508 1 0.300000 0.507508 1 0.276000 0.510511 1 0.308000 0.576577 1 0.270000 0.573574 1 0.316000 0.639640 1 0.262000 0.639640 1
0 0.519330 0.517282 0.104780 0.244955 0.488000 0.447447 1 0.494000 0.441441 1 0.484000 0.444444 1 0.504000 0.429429 1 0.000000 0.000000 0 0.526000 0.453453 1 0.482000 0.471471 1 0.558000 0.495495 1 0.472000 0.525526 1 0.542000 0.540541 1 0.472000 0.579580 1 0.540000 0.534535 1 0.512000 0.537538 1 0.532000 0.618619 1 0.496000 0.621622 1 0.530000 0.711712 1 0.502000 0.711712 1
0 0.541880 0.400931 0.061880 0.143123 0.000000 0.000000 0 0.000000 0.000000 0 0.000000 0.000000 0 0.000000 0.000000 0 0.000000 0.000000 0 0.000000 0.000000 0 0.000000 0.000000 0 0.000000 0.000000 0 0.000000 0.000000 0 0.000000 0.000000 0 0.000000 0.000000 0 0.000000 0.000000 0 0.000000 0.000000 0 0.000000 0.000000 0 0.000000 0.000000 0 0.000000 0.000000 0 0.000000 0.000000 0
0 0.345000 0.485135 0.057000 0.249730 0.348000 0.387387 1 0.350000 0.381381 1 0.344000 0.378378 1 0.000000 0.000000 0 0.340000 0.381381 1 0.360000 0.408408 1 0.332000 0.408408 1 0.364000 0.435435 1 0.324000 0.432432 1 0.362000 0.465465 1 0.322000 0.459459 1 0.352000 0.471471 1 0.330000 0.471471 1 0.354000 0.531532 1 0.334000 0.531532 1 0.352000 0.576577 1 0.332000 0.579580 1
0 0.377960 0.426892 0.036040 0.128739 0.000000 0.000000 0 0.000000 0.000000 0 0.000000 0.000000 0 0.000000 0.000000 0 0.000000 0.000000 0 0.000000 0.000000 0 0.000000 0.000000 0 0.000000 0.000000 0 0.000000 0.000000 0 0.000000 0.000000 0 0.000000 0.000000 0 0.000000 0.000000 0 0.000000 0.000000 0 0.000000 0.000000 0 0.000000 0.000000 0 0.000000 0.000000 0 0.000000 0.000000 0
0 0.744030 0.444565 0.069140 0.244925 0.758000 0.354354 1 0.764000 0.345345 1 0.754000 0.348348 1 0.772000 0.354354 1 0.750000 0.354354 1 0.792000 0.405405 1 0.748000 0.417417 1 0.000000 0.000000 0 0.740000 0.471471 1 0.000000 0.000000 0 0.722000 0.525526 1 0.786000 0.501502 1 0.754000 0.501502 1 0.000000 0.000000 0 0.000000 0.000000 0 0.000000 0.000000 0 0.000000 0.000000 0
0 0.701830 0.414565 0.040940 0.136757 0.000000 0.000000 0 0.000000 0.000000 0 0.000000 0.000000 0 0.000000 0.000000 0 0.000000 0.000000 0 0.000000 0.000000 0 0.000000 0.000000 0 0.000000 0.000000 0 0.000000 0.000000 0 0.000000 0.000000 0 0.000000 0.000000 0 0.000000 0.000000 0 0.000000 0.000000 0 0.000000 0.000000 0 0.000000 0.000000 0 0.000000 0.000000 0 0.000000 0.000000 0
0 0.591360 0.466937 0.055160 0.180000 0.588000 0.402402 1 0.590000 0.396396 1 0.586000 0.396396 1 0.598000 0.396396 1 0.578000 0.396396 1 0.608000 0.435435 1 0.578000 0.435435 1 0.616000 0.480480 1 0.574000 0.474474 1 0.610000 0.507508 1 0.574000 0.510511 1 0.604000 0.507508 1 0.584000 0.507508 1 0.602000 0.555556 1 0.586000 0.558559 1 0.000000 0.000000 0 0.000000 0.000000 0
0 0.464510 0.457853 0.035180 0.153784 0.000000 0.000000 0 0.000000 0.000000 0 0.000000 0.000000 0 0.000000 0.000000 0 0.000000 0.000000 0 0.000000 0.000000 0 0.000000 0.000000 0 0.000000 0.000000 0 0.000000 0.000000 0 0.000000 0.000000 0 0.000000 0.000000 0 0.000000 0.000000 0 0.000000 0.000000 0 0.000000 0.000000 0 0.000000 0.000000 0 0.000000 0.000000 0 0.000000 0.000000 0
0 0.426310 0.443213 0.047780 0.163724 0.000000 0.000000 0 0.000000 0.000000 0 0.000000 0.000000 0 0.000000 0.000000 0 0.000000 0.000000 0 0.000000 0.000000 0 0.000000 0.000000 0 0.000000 0.000000 0 0.000000 0.000000 0 0.000000 0.000000 0 0.000000 0.000000 0 0.000000 0.000000 0 0.000000 0.000000 0 0.000000 0.000000 0 0.000000 0.000000 0 0.000000 0.000000 0 0.000000 0.000000 0
0 0.656920 0.552958 0.091240 0.428498 0.654000 0.375375 1 0.660000 0.369369 1 0.650000 0.369369 1 0.666000 0.372372 1 0.000000 0.000000 0 0.680000 0.414414 1 0.624000 0.426426 1 0.696000 0.477477 1 0.620000 0.492492 1 0.692000 0.537538 1 0.626000 0.549550 1 0.670000 0.549550 1 0.640000 0.549550 1 0.676000 0.645646 1 0.636000 0.645646 1 0.662000 0.729730 1 0.632000 0.735736 1