0 0.036141 0.751208 0.045188 0.287472 0.048438 0.627778 1 0.000000 0.000000 0 0.046875 0.625000 1 0.000000 0.000000 0 0.039062 0.630556 1 0.042188 0.661111 1 0.029687 0.661111 1 0.043750 0.700000 1 0.023438 0.702778 1 0.050000 0.697222 1 0.040625 0.688889 1 0.037500 0.747222 1 0.028125 0.744444 1 0.039062 0.811111 1 0.034375 0.811111 1 0.023438 0.872222 1 0.028125 0.877778 1
0 0.967758 0.767875 0.027516 0.080194 0.000000 0.000000 0 0.000000 0.000000 0 0.000000 0.000000 0 0.000000 0.000000 0 0.000000 0.000000 0 0.000000 0.000000 0 0.000000 0.000000 0 0.000000 0.000000 0 0.000000 0.000000 0 0.000000 0.000000 0 0.000000 0.000000 0 0.000000 0.000000 0 0.000000 0.000000 0 0.000000 0.000000 0 0.000000 0.000000 0 0.000000 0.000000 0 0.000000 0.000000 0
0 0.112336 0.757819 0.039016 0.182917 0.000000 0.000000 0 0.000000 0.000000 0 0.000000 0.000000 0 0.000000 0.000000 0 0.000000 0.000000 0 0.000000 0.000000 0 0.000000 0.000000 0 0.000000 0.000000 0 0.000000 0.000000 0 0.000000 0.000000 0 0.000000 0.000000 0 0.000000 0.000000 0 0.000000 0.000000 0 0.000000 0.000000 0 0.000000 0.000000 0 0.000000 0.000000 0 0.000000 0.000000 0
0 0.345859 0.751542 0.058062 0.269639 0.368750 0.641667 1 0.370312 0.636111 1 0.365625 0.636111 1 0.000000 0.000000 0 0.356250 0.638889 1 0.364063 0.677778 1 0.350000 0.666667 1 0.362500 0.713889 1 0.340625 0.711111 1 0.367188 0.736111 1 0.359375 0.722222 1 0.356250 0.738889 1 0.348438 0.744444 1 0.364063 0.802778 1 0.353125 0.808333 1 0.334375 0.830556 1 0.343750 0.850000 1
0 0.427320 0.738500 0.053109 0.201278 0.423438 0.655556 1 0.425000 0.650000 1 0.421875 0.650000 1 0.428125 0.652778 1 0.418750 0.655556 1 0.434375 0.677778 1 0.415625 0.677778 1 0.451562 0.697222 1 0.403125 0.691667 1 0.439063 0.713889 1 0.410938 0.708333 1 0.429688 0.736111 1 0.417187 0.738889 1 0.432812 0.780556 1 0.421875 0.786111 1 0.432812 0.825000 1 0.426563 0.827778 1
0 0.383937 0.739764 0.035406 0.200583 0.000000 0.000000 0 0.000000 0.000000 0 0.000000 0.000000 0 0.000000 0.000000 0 0.000000 0.000000 0 0.000000 0.000000 0 0.000000 0.000000 0 0.000000 0.000000 0 0.000000 0.000000 0 0.000000 0.000000 0 0.000000 0.000000 0 0.000000 0.000000 0 0.000000 0.000000 0 0.000000 0.000000 0 0.000000 0.000000 0 0.000000 0.000000 0 0.000000 0.000000 0
0 0.617125 0.779986 0.079281 0.236472 0.584375 0.691667 1 0.587500 0.686111 1 0.582812 0.686111 1 0.595313 0.686111 1 0.000000 0.000000 0 0.596875 0.725000 1 0.604688 0.694444 1 0.607812 0.769444 1 0.618750 0.705556 1 0.592187 0.805556 1 0.623437 0.738889 1 0.620313 0.780556 1 0.612500 0.777778 1 0.610938 0.838889 1 0.592187 0.827778 1 0.645312 0.838889 1 0.603125 0.883333 1
0 0.817695 0.783764 0.015422 0.054083 0.000000 0.000000 0 0.000000 0.000000 0 0.000000 0.000000 0 0.000000 0.000000 0 0.000000 0.000000 0 0.000000 0.000000 0 0.000000 0.000000 0 0.000000 0.000000 0 0.000000 0.000000 0 0.000000 0.000000 0 0.000000 0.000000 0 0.000000 0.000000 0 0.000000 0.000000 0 0.000000 0.000000 0 0.000000 0.000000 0 0.000000 0.000000 0 0.000000 0.000000 0
0 0.679055 0.775861 0.080859 0.232833 0.665625 0.691667 1 0.670312 0.688889 1 0.664062 0.688889 1 0.678125 0.691667 1 0.000000 0.000000 0 0.685937 0.700000 1 0.654687 0.719444 1 0.703125 0.702778 1 0.646875 0.752778 1 0.725000 0.697222 1 0.643750 0.805556 1 0.679688 0.761111 1 0.660937 0.761111 1 0.678125 0.816667 1 0.664062 0.800000 1 0.662500 0.827778 1 0.671875 0.866667 1
0 0.093664 0.749403 0.058734 0.289361 0.104688 0.627778 1 0.000000 0.000000 0 0.100000 0.622222 1 0.000000 0.000000 0 0.090625 0.630556 1 0.087500 0.661111 1 0.085938 0.661111 1 0.000000 0.000000 0 0.084375 0.708333 1 0.104688 0.725000 1 0.107813 0.708333 1 0.081250 0.733333 1 0.079687 0.733333 1 0.076563 0.811111 1 0.095312 0.805556 1 0.070312 0.875000 1 0.084375 0.869444 1
0 0.489398 0.749236 0.069016 0.248306 0.485938 0.658333 1 0.489063 0.644444 1 0.482812 0.647222 1 0.000000 0.000000 0 0.478125 0.650000 1 0.503125 0.675000 1 0.467187 0.680556 1 0.507812 0.705556 1 0.464062 0.713889 1 0.517188 0.736111 1 0.460938 0.758333 1 0.496875 0.733333 1 0.475000 0.730556 1 0.484375 0.788889 1 0.473438 0.791667 1 0.482812 0.844444 1 0.470313 0.844444 1
0 0.756516 0.758931 0.087562 0.381028 0.000000 0.000000 0 0.000000 0.000000 0 0.000000 0.000000 0 0.748437 0.602778 1 0.768750 0.605556 1 0.739062 0.636111 1 0.773438 0.636111 1 0.717187 0.697222 1 0.782813 0.702778 1 0.000000 0.000000 0 0.789062 0.747222 1 0.739062 0.747222 1 0.762500 0.747222 1 0.734375 0.844444 1 0.767188 0.841667 1 0.735938 0.922222 1 0.776563 0.925000 1
0 0.438828 0.781764 0.006937 0.064639 0.000000 0.000000 0 0.000000 0.000000 0 0.000000 0.000000 0 0.000000 0.000000 0 0.000000 0.000000 0 0.000000 0.000000 0 0.000000 0.000000 0 0.000000 0.000000 0 0.000000 0.000000 0 0.000000 0.000000 0 0.000000 0.000000 0 0.000000 0.000000 0 0.000000 0.000000 0 0.000000 0.000000 0 0.000000 0.000000 0 0.000000 0.000000 0 0.000000 0.000000 0