0 0.960070 0.622812 0.079453 0.388449 0.932813 0.476454 1 0.940625 0.465374 1 0.000000 0.000000 0 0.960938 0.479224 1 0.000000 0.000000 0 0.985938 0.551247 1 0.945312 0.554017 1 0.000000 0.000000 0 0.000000 0.000000 0 0.000000 0.000000 0 0.000000 0.000000 0 0.976562 0.706371 1 0.943750 0.695291 1 0.964063 0.847645 1 0.945312 0.839335 1 0.968750 0.961219 1 0.948438 0.950139 1
0 0.779164 0.723560 0.050953 0.316759 0.768750 0.590028 1 0.773438 0.584488 1 0.768750 0.584488 1 0.785937 0.587258 1 0.000000 0.000000 0 0.787500 0.620499 1 0.773438 0.628809 1 0.798438 0.675900 1 0.000000 0.000000 0 0.000000 0.000000 0 0.000000 0.000000 0 0.779687 0.706371 1 0.767188 0.698061 1 0.765625 0.781163 1 0.770312 0.783934 1 0.792188 0.853186 1 0.773438 0.853186 1
0 0.824492 0.712825 0.063516 0.441440 0.809375 0.529086 1 0.815625 0.518006 1 0.804688 0.520776 1 0.825000 0.520776 1 0.000000 0.000000 0 0.835938 0.567867 1 0.806250 0.570637 1 0.843750 0.614958 1 0.818750 0.612188 1 0.837500 0.650970 1 0.832812 0.645429 1 0.828125 0.673130 1 0.812500 0.675900 1 0.826562 0.789474 1 0.815625 0.786704 1 0.831250 0.883657 1 0.820312 0.872576 1
0 0.737891 0.696399 0.059344 0.293850 0.734375 0.567867 1 0.739062 0.565097 1 0.732812 0.562327 1 0.748437 0.576177 1 0.000000 0.000000 0 0.748437 0.603878 1 0.731250 0.598338 1 0.748437 0.634349 1 0.740625 0.637119 1 0.726562 0.639889 1 0.720313 0.634349 1 0.746875 0.684211 1 0.731250 0.684211 1 0.739062 0.753463 1 0.721875 0.745152 1 0.742188 0.822715 1 0.723437 0.822715 1
0 0.657156 0.663061 0.028812 0.207839 0.000000 0.000000 0 0.000000 0.000000 0 0.000000 0.000000 0 0.000000 0.000000 0 0.000000 0.000000 0 0.000000 0.000000 0 0.000000 0.000000 0 0.000000 0.000000 0 0.000000 0.000000 0 0.000000 0.000000 0 0.000000 0.000000 0 0.000000 0.000000 0 0.000000 0.000000 0 0.000000 0.000000 0 0.000000 0.000000 0 0.000000 0.000000 0 0.000000 0.000000 0
0 0.612508 0.637839 0.025453 0.180942 0.000000 0.000000 0 0.000000 0.000000 0 0.000000 0.000000 0 0.000000 0.000000 0 0.000000 0.000000 0 0.000000 0.000000 0 0.000000 0.000000 0 0.000000 0.000000 0 0.000000 0.000000 0 0.000000 0.000000 0 0.000000 0.000000 0 0.000000 0.000000 0 0.000000 0.000000 0 0.000000 0.000000 0 0.000000 0.000000 0 0.000000 0.000000 0 0.000000 0.000000 0
0 0.586828 0.628906 0.027844 0.156870 0.000000 0.000000 0 0.000000 0.000000 0 0.000000 0.000000 0 0.000000 0.000000 0 0.000000 0.000000 0 0.000000 0.000000 0 0.000000 0.000000 0 0.000000 0.000000 0 0.000000 0.000000 0 0.000000 0.000000 0 0.000000 0.000000 0 0.000000 0.000000 0 0.000000 0.000000 0 0.000000 0.000000 0 0.000000 0.000000 0 0.000000 0.000000 0 0.000000 0.000000 0
0 0.567859 0.629889 0.023469 0.110471 0.000000 0.000000 0 0.000000 0.000000 0 0.000000 0.000000 0 0.000000 0.000000 0 0.000000 0.000000 0 0.000000 0.000000 0 0.000000 0.000000 0 0.000000 0.000000 0 0.000000 0.000000 0 0.000000 0.000000 0 0.000000 0.000000 0 0.000000 0.000000 0 0.000000 0.000000 0 0.000000 0.000000 0 0.000000 0.000000 0 0.000000 0.000000 0 0.000000 0.000000 0
0 0.635898 0.560831 0.010672 0.027479 0.000000 0.000000 0 0.000000 0.000000 0 0.000000 0.000000 0 0.000000 0.000000 0 0.000000 0.000000 0 0.000000 0.000000 0 0.000000 0.000000 0 0.000000 0.000000 0 0.000000 0.000000 0 0.000000 0.000000 0 0.000000 0.000000 0 0.000000 0.000000 0 0.000000 0.000000 0 0.000000 0.000000 0 0.000000 0.000000 0 0.000000 0.000000 0 0.000000 0.000000 0
0 0.708297 0.678560 0.049937 0.301385 0.704688 0.548476 1 0.709375 0.542936 1 0.703125 0.542936 1 0.717187 0.554017 1 0.000000 0.000000 0 0.723437 0.587258 1 0.696875 0.587258 1 0.728125 0.631579 1 0.690625 0.614958 1 0.720313 0.662050 1 0.687500 0.639889 1 0.714063 0.673130 1 0.693750 0.667590 1 0.714063 0.745152 1 0.700000 0.745152 1 0.720313 0.803324 1 0.707812 0.797784 1
0 0.882219 0.710111 0.109000 0.557285 0.876563 0.476454 1 0.885938 0.468144 1 0.000000 0.000000 0 0.904687 0.479224 1 0.000000 0.000000 0 0.921875 0.540166 1 0.868750 0.531856 1 0.921875 0.639889 1 0.854688 0.606648 1 0.870313 0.662050 1 0.859375 0.664820 1 0.898438 0.711911 1 0.865625 0.706371 1 0.896875 0.839335 1 0.873437 0.833795 1 0.900000 0.955679 1 0.876563 0.941828 1
0 0.502555 0.603753 0.021266 0.061357 0.000000 0.000000 0 0.000000 0.000000 0 0.000000 0.000000 0 0.000000 0.000000 0 0.000000 0.000000 0 0.000000 0.000000 0 0.000000 0.000000 0 0.000000 0.000000 0 0.000000 0.000000 0 0.000000 0.000000 0 0.000000 0.000000 0 0.000000 0.000000 0 0.000000 0.000000 0 0.000000 0.000000 0 0.000000 0.000000 0 0.000000 0.000000 0 0.000000 0.000000 0
0 0.529141 0.604003 0.009094 0.067230 0.000000 0.000000 0 0.000000 0.000000 0 0.000000 0.000000 0 0.000000 0.000000 0 0.000000 0.000000 0 0.000000 0.000000 0 0.000000 0.000000 0 0.000000 0.000000 0 0.000000 0.000000 0 0.000000 0.000000 0 0.000000 0.000000 0 0.000000 0.000000 0 0.000000 0.000000 0 0.000000 0.000000 0 0.000000 0.000000 0 0.000000 0.000000 0 0.000000 0.000000 0