0 0.255953 0.779948 0.174875 0.277354 0.221875 0.668750 1 0.000000 0.000000 0 0.214062 0.666667 1 0.000000 0.000000 0 0.200000 0.670833 1 0.210938 0.700000 1 0.182812 0.714583 1 0.218750 0.750000 1 0.200000 0.764583 1 0.256250 0.785417 1 0.235937 0.802083 1 0.225000 0.781250 1 0.196875 0.791667 1 0.271875 0.810417 1 0.245312 0.825000 1 0.303125 0.881250 1 0.293750 0.891667 1
0 0.310492 0.738865 0.107922 0.229896 0.300000 0.656250 1 0.000000 0.000000 0 0.298438 0.652083 1 0.000000 0.000000 0 0.285938 0.652083 1 0.273438 0.672917 1 0.279687 0.687500 1 0.301563 0.720833 1 0.296875 0.733333 1 0.303125 0.689583 1 0.323437 0.714583 1 0.309375 0.747917 1 0.301563 0.758333 1 0.356250 0.756250 1 0.350000 0.770833 1 0.337500 0.829167 1 0.321875 0.829167 1
0 0.456602 0.623437 0.048703 0.115708 0.000000 0.000000 0 0.000000 0.000000 0 0.000000 0.000000 0 0.000000 0.000000 0 0.462500 0.593750 1 0.000000 0.000000 0 0.445312 0.614583 1 0.000000 0.000000 0 0.462500 0.643750 1 0.000000 0.000000 0 0.468750 0.614583 1 0.000000 0.000000 0 0.446875 0.677083 1 0.000000 0.000000 0 0.000000 0.000000 0 0.000000 0.000000 0 0.000000 0.000000 0
0 0.661125 0.612187 0.127188 0.155750 0.637500 0.531250 1 0.000000 0.000000 0 0.634375 0.529167 1 0.000000 0.000000 0 0.625000 0.529167 1 0.629687 0.552083 1 0.615625 0.558333 1 0.000000 0.000000 0 0.000000 0.000000 0 0.000000 0.000000 0 0.000000 0.000000 0 0.662500 0.591667 1 0.650000 0.602083 1 0.695312 0.610417 1 0.684375 0.585417 1 0.701562 0.670833 1 0.701562 0.604167 1
0 0.609867 0.621073 0.089984 0.197479 0.596875 0.541667 1 0.000000 0.000000 0 0.592187 0.541667 1 0.000000 0.000000 0 0.584375 0.545833 1 0.603125 0.566667 1 0.575000 0.575000 1 0.621875 0.587500 1 0.595313 0.587500 1 0.625000 0.562500 1 0.593750 0.554167 1 0.615625 0.622917 1 0.595313 0.627083 1 0.646875 0.633333 1 0.623437 0.639583 1 0.634375 0.691667 1 0.626563 0.695833 1
0 0.145664 0.341094 0.024641 0.084771 0.000000 0.000000 0 0.000000 0.000000 0 0.000000 0.000000 0 0.000000 0.000000 0 0.000000 0.000000 0 0.000000 0.000000 0 0.000000 0.000000 0 0.000000 0.000000 0 0.000000 0.000000 0 0.000000 0.000000 0 0.000000 0.000000 0 0.000000 0.000000 0 0.000000 0.000000 0 0.000000 0.000000 0 0.000000 0.000000 0 0.000000 0.000000 0 0.000000 0.000000 0
0 0.979219 0.547344 0.041563 0.204896 0.000000 0.000000 0 0.000000 0.000000 0 0.000000 0.000000 0 0.000000 0.000000 0 0.976562 0.466667 1 0.000000 0.000000 0 0.971875 0.485417 1 0.000000 0.000000 0 0.992188 0.489583 1 0.000000 0.000000 0 0.990625 0.470833 1 0.987500 0.535417 1 0.979688 0.537500 1 0.985938 0.585417 1 0.981250 0.591667 1 0.978125 0.627083 1 0.971875 0.633333 1
0 0.788219 0.538771 0.043500 0.075458 0.000000 0.000000 0 0.000000 0.000000 0 0.000000 0.000000 0 0.000000 0.000000 0 0.000000 0.000000 0 0.000000 0.000000 0 0.000000 0.000000 0 0.000000 0.000000 0 0.000000 0.000000 0 0.000000 0.000000 0 0.000000 0.000000 0 0.000000 0.000000 0 0.000000 0.000000 0 0.000000 0.000000 0 0.000000 0.000000 0 0.000000 0.000000 0 0.000000 0.000000 0
0 0.834352 0.480083 0.050766 0.063875 0.000000 0.000000 0 0.000000 0.000000 0 0.000000 0.000000 0 0.000000 0.000000 0 0.000000 0.000000 0 0.000000 0.000000 0 0.000000 0.000000 0 0.000000 0.000000 0 0.000000 0.000000 0 0.000000 0.000000 0 0.000000 0.000000 0 0.000000 0.000000 0 0.000000 0.000000 0 0.000000 0.000000 0 0.000000 0.000000 0 0.000000 0.000000 0 0.000000 0.000000 0
0 0.439359 0.691240 0.101750 0.205771 0.415625 0.620833 1 0.418750 0.618750 1 0.412500 0.614583 1 0.423438 0.620833 1 0.406250 0.610417 1 0.421875 0.629167 1 0.404687 0.635417 1 0.435937 0.666667 1 0.407813 0.675000 1 0.450000 0.689583 1 0.000000 0.000000 0 0.431250 0.691667 1 0.420312 0.695833 1 0.470313 0.704167 1 0.453125 0.710417 1 0.471875 0.758333 1 0.457813 0.764583 1
0 0.043289 0.642698 0.077578 0.156104 0.046875 0.606250 1 0.000000 0.000000 0 0.043750 0.600000 1 0.000000 0.000000 0 0.032813 0.595833 1 0.037500 0.620833 1 0.014063 0.620833 1 0.045312 0.654167 1 0.009375 0.677083 1 0.054688 0.643750 1 0.034375 0.662500 1 0.051562 0.702083 1 0.028125 0.710417 1 0.000000 0.000000 0 0.000000 0.000000 0 0.000000 0.000000 0 0.000000 0.000000 0
0 0.492750 0.601875 0.043844 0.085917 0.000000 0.000000 0 0.000000 0.000000 0 0.000000 0.000000 0 0.000000 0.000000 0 0.000000 0.000000 0 0.000000 0.000000 0 0.000000 0.000000 0 0.000000 0.000000 0 0.000000 0.000000 0 0.000000 0.000000 0 0.000000 0.000000 0 0.000000 0.000000 0 0.000000 0.000000 0 0.000000 0.000000 0 0.000000 0.000000 0 0.000000 0.000000 0 0.000000 0.000000 0
0 0.413484 0.708646 0.125875 0.202875 0.000000 0.000000 0 0.000000 0.000000 0 0.387500 0.627083 1 0.000000 0.000000 0 0.379688 0.631250 1 0.376563 0.650000 1 0.370312 0.652083 1 0.390625 0.677083 1 0.390625 0.691667 1 0.396875 0.683333 1 0.420312 0.691667 1 0.387500 0.714583 1 0.376563 0.716667 1 0.423438 0.725000 1 0.421875 0.702083 1 0.421875 0.785417 1 0.454688 0.754167 1