0 0.351508 0.626585 0.083766 0.328099 0.000000 0.000000 0 0.000000 0.000000 0 0.000000 0.000000 0 0.345313 0.492958 1 0.365625 0.492958 1 0.332813 0.523474 1 0.373437 0.523474 1 0.321875 0.572770 1 0.385937 0.572770 1 0.318750 0.615023 1 0.000000 0.000000 0 0.343750 0.612676 1 0.362500 0.612676 1 0.342187 0.687793 1 0.357812 0.692488 1 0.343750 0.746479 1 0.346875 0.751174 1
0 0.323359 0.214836 0.314000 0.415681 0.343750 0.112676 1 0.000000 0.000000 0 0.343750 0.100939 1 0.000000 0.000000 0 0.323437 0.068075 1 0.000000 0.000000 0 0.295312 0.089202 1 0.371875 0.173709 1 0.354687 0.173709 1 0.437500 0.197183 1 0.415625 0.244131 1 0.223438 0.267606 1 0.204687 0.267606 1 0.343750 0.225352 1 0.287500 0.169014 1 0.301563 0.389671 1 0.306250 0.326291 1
0 0.411336 0.642430 0.056641 0.259225 0.418750 0.546948 1 0.420312 0.539906 1 0.415625 0.539906 1 0.000000 0.000000 0 0.406250 0.546948 1 0.423438 0.572770 1 0.396875 0.572770 1 0.429688 0.603286 1 0.390625 0.603286 1 0.429688 0.631455 1 0.401562 0.645540 1 0.423438 0.640845 1 0.406250 0.643192 1 0.426563 0.687793 1 0.404687 0.701878 1 0.425000 0.744131 1 0.409375 0.744131 1
0 0.195875 0.648228 0.062906 0.260915 0.190625 0.546948 1 0.195312 0.542254 1 0.000000 0.000000 0 0.201563 0.539906 1 0.000000 0.000000 0 0.214062 0.572770 1 0.193750 0.575117 1 0.217188 0.603286 1 0.000000 0.000000 0 0.215625 0.643192 1 0.000000 0.000000 0 0.209375 0.650235 1 0.192188 0.650235 1 0.214062 0.699531 1 0.179688 0.685446 1 0.209375 0.758216 1 0.179688 0.741784 1
0 0.137531 0.647230 0.069375 0.250845 0.143750 0.549296 1 0.148438 0.542254 1 0.140625 0.542254 1 0.153125 0.544601 1 0.135937 0.544601 1 0.157812 0.577465 1 0.126562 0.575117 1 0.165625 0.610329 1 0.121875 0.612676 1 0.160938 0.633803 1 0.126562 0.624413 1 0.150000 0.643192 1 0.132812 0.640845 1 0.146875 0.701878 1 0.123438 0.690141 1 0.143750 0.748826 1 0.000000 0.000000 0
0 0.544648 0.650387 0.038516 0.262793 0.526563 0.539906 1 0.528125 0.535211 1 0.000000 0.000000 0 0.535937 0.537559 1 0.000000 0.000000 0 0.551562 0.568075 1 0.537500 0.572770 1 0.557813 0.603286 1 0.000000 0.000000 0 0.532813 0.629108 1 0.000000 0.000000 0 0.548438 0.647887 1 0.535937 0.647887 1 0.550000 0.701878 1 0.523438 0.713615 1 0.551562 0.762911 1 0.509375 0.767606 1
0 0.604984 0.606960 0.039094 0.154859 0.000000 0.000000 0 0.000000 0.000000 0 0.000000 0.000000 0 0.000000 0.000000 0 0.000000 0.000000 0 0.000000 0.000000 0 0.000000 0.000000 0 0.000000 0.000000 0 0.000000 0.000000 0 0.000000 0.000000 0 0.000000 0.000000 0 0.000000 0.000000 0 0.000000 0.000000 0 0.000000 0.000000 0 0.000000 0.000000 0 0.000000 0.000000 0 0.000000 0.000000 0
0 0.492531 0.709284 0.060219 0.170634 0.489063 0.654930 1 0.492188 0.647887 1 0.484375 0.647887 1 0.500000 0.654930 1 0.000000 0.000000 0 0.504687 0.678404 1 0.473438 0.673709 1 0.525000 0.697183 1 0.475000 0.697183 1 0.000000 0.000000 0 0.498437 0.708920 1 0.504687 0.730047 1 0.479687 0.734742 1 0.515625 0.725352 1 0.485938 0.727700 1 0.510938 0.765258 1 0.501563 0.772300 1
0 0.933070 0.760493 0.133859 0.449390 0.000000 0.000000 0 0.000000 0.000000 0 0.000000 0.000000 0 0.934375 0.697183 1 0.000000 0.000000 0 0.970313 0.741784 1 0.000000 0.000000 0 0.000000 0.000000 0 0.000000 0.000000 0 0.000000 0.000000 0 0.000000 0.000000 0 0.000000 0.000000 0 0.000000 0.000000 0 0.000000 0.000000 0 0.000000 0.000000 0 0.000000 0.000000 0 0.000000 0.000000 0
0 0.602594 0.721162 0.095625 0.148333 0.604688 0.676056 1 0.609375 0.669014 1 0.601562 0.669014 1 0.614062 0.671362 1 0.595313 0.671362 1 0.621875 0.694836 1 0.587500 0.694836 1 0.631250 0.739437 1 0.570312 0.727700 1 0.632812 0.765258 1 0.579688 0.755869 1 0.614062 0.744131 1 0.595313 0.744131 1 0.612500 0.737089 1 0.596875 0.737089 1 0.626563 0.776995 1 0.578125 0.776995 1
0 0.010875 0.647265 0.021750 0.234906 0.000000 0.000000 0 0.000000 0.000000 0 0.000000 0.000000 0 0.000000 0.000000 0 0.000000 0.000000 0 0.000000 0.000000 0 0.000000 0.000000 0 0.000000 0.000000 0 0.000000 0.000000 0 0.000000 0.000000 0 0.000000 0.000000 0 0.000000 0.000000 0 0.000000 0.000000 0 0.000000 0.000000 0 0.000000 0.000000 0 0.000000 0.000000 0 0.000000 0.000000 0