0 0.333300 0.462112 0.091800 0.126718 0.328000 0.427481 1 0.332000 0.422392 1 0.324000 0.422392 1 0.338000 0.419847 1 0.318000 0.422392 1 0.352000 0.460560 1 0.316000 0.463104 1 0.366000 0.511450 1 0.300000 0.496183 1 0.330000 0.493639 1 0.348000 0.501272 1 0.354000 0.549618 1 0.318000 0.549618 1 0.000000 0.000000 0 0.000000 0.000000 0 0.000000 0.000000 0 0.000000 0.000000 0
0 0.809880 0.578295 0.077440 0.278677 0.810000 0.470738 1 0.816000 0.463104 1 0.804000 0.460560 1 0.826000 0.460560 1 0.794000 0.458015 1 0.822000 0.498728 1 0.786000 0.493639 1 0.828000 0.534351 1 0.794000 0.531807 1 0.796000 0.524173 1 0.820000 0.526718 1 0.816000 0.564885 1 0.790000 0.567430 1 0.816000 0.633588 1 0.782000 0.633588 1 0.814000 0.699746 1 0.776000 0.689567 1
0 0.126530 0.446221 0.041860 0.078855 0.000000 0.000000 0 0.000000 0.000000 0 0.000000 0.000000 0 0.000000 0.000000 0 0.000000 0.000000 0 0.000000 0.000000 0 0.000000 0.000000 0 0.000000 0.000000 0 0.000000 0.000000 0 0.000000 0.000000 0 0.000000 0.000000 0 0.000000 0.000000 0 0.000000 0.000000 0 0.000000 0.000000 0 0.000000 0.000000 0 0.000000 0.000000 0 0.000000 0.000000 0
0 0.053260 0.670254 0.101880 0.147328 0.072000 0.631043 1 0.074000 0.625954 1 0.066000 0.625954 1 0.000000 0.000000 0 0.062000 0.631043 1 0.000000 0.000000 0 0.044000 0.646310 1 0.000000 0.000000 0 0.058000 0.687023 1 0.000000 0.000000 0 0.066000 0.656489 1 0.000000 0.000000 0 0.014000 0.722646 1 0.000000 0.000000 0 0.064000 0.704835 1 0.000000 0.000000 0 0.000000 0.000000 0
0 0.847560 0.569059 0.059680 0.301730 0.000000 0.000000 0 0.000000 0.000000 0 0.000000 0.000000 0 0.000000 0.000000 0 0.000000 0.000000 0 0.000000 0.000000 0 0.850000 0.480916 1 0.000000 0.000000 0 0.848000 0.524173 1 0.000000 0.000000 0 0.858000 0.539440 1 0.000000 0.000000 0 0.852000 0.567430 1 0.000000 0.000000 0 0.854000 0.605598 1 0.000000 0.000000 0 0.842000 0.651399 1
0 0.959380 0.531234 0.043880 0.281959 0.000000 0.000000 0 0.000000 0.000000 0 0.000000 0.000000 0 0.000000 0.000000 0 0.000000 0.000000 0 0.000000 0.000000 0 0.000000 0.000000 0 0.000000 0.000000 0 0.000000 0.000000 0 0.000000 0.000000 0 0.000000 0.000000 0 0.000000 0.000000 0 0.000000 0.000000 0 0.000000 0.000000 0 0.000000 0.000000 0 0.000000 0.000000 0 0.000000 0.000000 0
0 0.222780 0.559364 0.055880 0.299338 0.236000 0.437659 1 0.238000 0.430025 1 0.228000 0.430025 1 0.000000 0.000000 0 0.214000 0.437659 1 0.234000 0.486005 1 0.212000 0.486005 1 0.000000 0.000000 0 0.210000 0.557252 1 0.000000 0.000000 0 0.260000 0.572519 1 0.226000 0.587786 1 0.210000 0.587786 1 0.236000 0.613232 1 0.222000 0.613232 1 0.212000 0.684478 1 0.196000 0.687023 1
0 0.747090 0.626247 0.105060 0.160891 0.748000 0.575064 1 0.754000 0.564885 1 0.740000 0.564885 1 0.766000 0.562341 1 0.728000 0.564885 1 0.778000 0.605598 1 0.714000 0.605598 1 0.778000 0.664122 1 0.714000 0.669211 1 0.760000 0.692112 1 0.742000 0.687023 1 0.762000 0.676845 1 0.730000 0.681934 1 0.796000 0.684478 1 0.702000 0.697201 1 0.766000 0.699746 1 0.744000 0.699746 1
0 0.693720 0.509949 0.082640 0.143562 0.000000 0.000000 0 0.000000 0.000000 0 0.000000 0.000000 0 0.000000 0.000000 0 0.000000 0.000000 0 0.718000 0.493639 1 0.670000 0.496183 1 0.732000 0.534351 1 0.654000 0.541985 1 0.000000 0.000000 0 0.664000 0.577608 1 0.714000 0.575064 1 0.678000 0.575064 1 0.000000 0.000000 0 0.000000 0.000000 0 0.000000 0.000000 0 0.000000 0.000000 0
0 0.024550 0.470763 0.049100 0.210483 0.000000 0.000000 0 0.000000 0.000000 0 0.000000 0.000000 0 0.000000 0.000000 0 0.000000 0.000000 0 0.034000 0.447837 1 0.000000 0.470738 1 0.000000 0.000000 0 0.020000 0.544529 1 0.000000 0.000000 0 0.000000 0.000000 0 0.000000 0.000000 0 0.000000 0.000000 0 0.000000 0.000000 0 0.000000 0.000000 0 0.000000 0.000000 0 0.000000 0.000000 0
0 0.414480 0.483995 0.062720 0.104427 0.000000 0.000000 0 0.000000 0.000000 0 0.000000 0.000000 0 0.000000 0.000000 0 0.000000 0.000000 0 0.000000 0.000000 0 0.000000 0.000000 0 0.000000 0.000000 0 0.000000 0.000000 0 0.000000 0.000000 0 0.000000 0.000000 0 0.000000 0.000000 0 0.000000 0.000000 0 0.000000 0.000000 0 0.000000 0.000000 0 0.000000 0.000000 0 0.000000 0.000000 0
0 0.119580 0.508384 0.239160 0.236514 0.000000 0.000000 0 0.000000 0.000000 0 0.000000 0.000000 0 0.000000 0.000000 0 0.000000 0.000000 0 0.000000 0.000000 0 0.000000 0.000000 0 0.000000 0.000000 0 0.000000 0.000000 0 0.000000 0.000000 0 0.000000 0.000000 0 0.000000 0.000000 0 0.000000 0.000000 0 0.000000 0.000000 0 0.000000 0.000000 0 0.000000 0.000000 0 0.000000 0.000000 0