0 0.889820 0.575023 0.220359 0.534824 0.932813 0.379391 1 0.948438 0.370023 1 0.000000 0.000000 0 0.978125 0.370023 1 0.000000 0.000000 0 0.000000 0.000000 0 0.935937 0.402810 1 0.998437 0.543326 1 0.884375 0.470726 1 0.954688 0.597190 1 0.828125 0.519906 1 0.954688 0.580796 1 0.918750 0.550351 1 0.926562 0.704918 1 0.834375 0.590164 1 0.898438 0.791569 1 0.842187 0.695550 1
0 0.844008 0.391967 0.052109 0.185340 0.000000 0.000000 0 0.000000 0.000000 0 0.000000 0.000000 0 0.851562 0.311475 1 0.000000 0.000000 0 0.848437 0.325527 1 0.868750 0.337237 1 0.832812 0.358314 1 0.000000 0.000000 0 0.828125 0.348946 1 0.000000 0.000000 0 0.834375 0.393443 1 0.854688 0.398126 1 0.831250 0.430913 1 0.843750 0.435597 1 0.828125 0.468384 1 0.839063 0.473068 1
0 0.762211 0.404052 0.088766 0.303888 0.000000 0.000000 0 0.000000 0.000000 0 0.000000 0.000000 0 0.762500 0.281030 1 0.000000 0.000000 0 0.754687 0.311475 1 0.792188 0.311475 1 0.735938 0.358314 1 0.798438 0.365340 1 0.728125 0.402810 1 0.796875 0.409836 1 0.756250 0.398126 1 0.778125 0.400468 1 0.745313 0.459016 1 0.764062 0.463700 1 0.740625 0.526932 1 0.765625 0.515222 1
0 0.677008 0.369169 0.061609 0.184145 0.671875 0.304450 1 0.675000 0.299766 1 0.670312 0.299766 1 0.000000 0.000000 0 0.000000 0.000000 0 0.695312 0.323185 1 0.670312 0.325527 1 0.696875 0.365340 1 0.659375 0.365340 1 0.667188 0.355972 1 0.659375 0.327869 1 0.687500 0.391101 1 0.665625 0.388759 1 0.000000 0.000000 0 0.000000 0.000000 0 0.000000 0.000000 0 0.000000 0.000000 0
0 0.633875 0.368630 0.046969 0.148829 0.000000 0.000000 0 0.000000 0.000000 0 0.000000 0.000000 0 0.000000 0.000000 0 0.000000 0.000000 0 0.620313 0.334895 1 0.639062 0.337237 1 0.000000 0.000000 0 0.639062 0.377049 1 0.000000 0.000000 0 0.653125 0.365340 1 0.618750 0.395785 1 0.637500 0.400468 1 0.623437 0.440281 1 0.635938 0.442623 1 0.000000 0.000000 0 0.000000 0.000000 0
0 0.355328 0.314602 0.056969 0.166300 0.354687 0.250585 1 0.356250 0.243560 1 0.353125 0.245902 1 0.364063 0.248244 1 0.000000 0.000000 0 0.371875 0.274005 1 0.345313 0.269321 1 0.379688 0.311475 1 0.334375 0.292740 1 0.371875 0.325527 1 0.345313 0.264637 1 0.365625 0.332553 1 0.350000 0.330211 1 0.365625 0.384075 1 0.346875 0.381733 1 0.000000 0.000000 0 0.000000 0.000000 0
0 0.409633 0.287916 0.019266 0.030117 0.000000 0.000000 0 0.000000 0.000000 0 0.000000 0.000000 0 0.000000 0.000000 0 0.000000 0.000000 0 0.000000 0.000000 0 0.000000 0.000000 0 0.000000 0.000000 0 0.000000 0.000000 0 0.000000 0.000000 0 0.000000 0.000000 0 0.000000 0.000000 0 0.000000 0.000000 0 0.000000 0.000000 0 0.000000 0.000000 0 0.000000 0.000000 0 0.000000 0.000000 0
0 0.450992 0.291499 0.014516 0.033302 0.000000 0.000000 0 0.000000 0.000000 0 0.000000 0.000000 0 0.000000 0.000000 0 0.000000 0.000000 0 0.000000 0.000000 0 0.000000 0.000000 0 0.000000 0.000000 0 0.000000 0.000000 0 0.000000 0.000000 0 0.000000 0.000000 0 0.000000 0.000000 0 0.000000 0.000000 0 0.000000 0.000000 0 0.000000 0.000000 0 0.000000 0.000000 0 0.000000 0.000000 0
0 0.514539 0.318841 0.021141 0.132248 0.000000 0.000000 0 0.000000 0.000000 0 0.000000 0.000000 0 0.000000 0.000000 0 0.000000 0.000000 0 0.000000 0.000000 0 0.000000 0.000000 0 0.000000 0.000000 0 0.000000 0.000000 0 0.000000 0.000000 0 0.000000 0.000000 0 0.000000 0.000000 0 0.000000 0.000000 0 0.000000 0.000000 0 0.000000 0.000000 0 0.000000 0.000000 0 0.000000 0.000000 0
0 0.724078 0.321253 0.022594 0.054637 0.000000 0.000000 0 0.000000 0.000000 0 0.000000 0.000000 0 0.000000 0.000000 0 0.000000 0.000000 0 0.000000 0.000000 0 0.000000 0.000000 0 0.000000 0.000000 0 0.000000 0.000000 0 0.000000 0.000000 0 0.000000 0.000000 0 0.000000 0.000000 0 0.000000 0.000000 0 0.000000 0.000000 0 0.000000 0.000000 0 0.000000 0.000000 0 0.000000 0.000000 0
0 0.864570 0.434754 0.138703 0.247119 0.867188 0.365340 1 0.873437 0.353630 1 0.000000 0.000000 0 0.000000 0.000000 0 0.000000 0.000000 0 0.896875 0.407494 1 0.907813 0.400468 1 0.884375 0.501171 1 0.000000 0.000000 0 0.845313 0.550351 1 0.000000 0.000000 0 0.000000 0.000000 0 0.000000 0.000000 0 0.853125 0.597190 1 0.875000 0.611241 1 0.000000 0.000000 0 0.000000 0.000000 0
0 0.598398 0.357471 0.050328 0.170679 0.612500 0.295082 1 0.000000 0.000000 0 0.610938 0.290398 1 0.000000 0.000000 0 0.601562 0.290398 1 0.600000 0.313817 1 0.592187 0.313817 1 0.000000 0.000000 0 0.593750 0.355972 1 0.000000 0.000000 0 0.609375 0.377049 1 0.590625 0.381733 1 0.584375 0.384075 1 0.590625 0.423888 1 0.581250 0.426230 1 0.000000 0.000000 0 0.000000 0.000000 0
0 0.656688 0.361159 0.028875 0.169344 0.000000 0.000000 0 0.000000 0.000000 0 0.000000 0.000000 0 0.000000 0.000000 0 0.000000 0.000000 0 0.000000 0.000000 0 0.000000 0.000000 0 0.000000 0.000000 0 0.000000 0.000000 0 0.000000 0.000000 0 0.000000 0.000000 0 0.000000 0.000000 0 0.000000 0.000000 0 0.000000 0.000000 0 0.000000 0.000000 0 0.000000 0.000000 0 0.000000 0.000000 0