0 0.544797 0.589958 0.073719 0.285167 0.543750 0.481250 1 0.548438 0.479167 1 0.539062 0.477083 1 0.559375 0.483333 1 0.000000 0.000000 0 0.562500 0.516667 1 0.528125 0.520833 1 0.571875 0.535417 1 0.521875 0.556250 1 0.571875 0.508333 1 0.517188 0.585417 1 0.557813 0.597917 1 0.535937 0.597917 1 0.554688 0.650000 1 0.534375 0.650000 1 0.557813 0.710417 1 0.532813 0.697917 1
0 0.331430 0.569656 0.084734 0.308812 0.340625 0.460417 1 0.346875 0.454167 1 0.337500 0.454167 1 0.357812 0.458333 1 0.000000 0.000000 0 0.362500 0.491667 1 0.323437 0.483333 1 0.365625 0.533333 1 0.317188 0.522917 1 0.348438 0.543750 1 0.307812 0.539583 1 0.350000 0.583333 1 0.328125 0.581250 1 0.351562 0.631250 1 0.331250 0.631250 1 0.354687 0.677083 1 0.332813 0.679167 1
0 0.496594 0.433604 0.039656 0.109917 0.000000 0.000000 0 0.000000 0.000000 0 0.000000 0.000000 0 0.000000 0.000000 0 0.000000 0.000000 0 0.000000 0.000000 0 0.000000 0.000000 0 0.000000 0.000000 0 0.000000 0.000000 0 0.000000 0.000000 0 0.000000 0.000000 0 0.000000 0.000000 0 0.000000 0.000000 0 0.000000 0.000000 0 0.000000 0.000000 0 0.000000 0.000000 0 0.000000 0.000000 0
0 0.220453 0.566479 0.074094 0.302250 0.209375 0.447917 1 0.212500 0.443750 1 0.000000 0.000000 0 0.228125 0.447917 1 0.000000 0.000000 0 0.225000 0.481250 1 0.232813 0.464583 1 0.215625 0.525000 1 0.000000 0.000000 0 0.195312 0.554167 1 0.000000 0.000000 0 0.223438 0.566667 1 0.223438 0.562500 1 0.223438 0.631250 1 0.220312 0.631250 1 0.232813 0.693750 1 0.221875 0.681250 1
0 0.133984 0.564052 0.052250 0.287646 0.000000 0.000000 0 0.000000 0.000000 0 0.000000 0.000000 0 0.000000 0.000000 0 0.000000 0.000000 0 0.131250 0.485417 1 0.000000 0.000000 0 0.128125 0.527083 1 0.000000 0.000000 0 0.098437 0.522917 1 0.000000 0.000000 0 0.129688 0.545833 1 0.000000 0.000000 0 0.125000 0.608333 1 0.000000 0.000000 0 0.137500 0.677083 1 0.000000 0.000000 0
0 0.927734 0.411969 0.034688 0.102063 0.000000 0.000000 0 0.000000 0.000000 0 0.000000 0.000000 0 0.000000 0.000000 0 0.000000 0.000000 0 0.000000 0.000000 0 0.000000 0.000000 0 0.000000 0.000000 0 0.000000 0.000000 0 0.000000 0.000000 0 0.000000 0.000000 0 0.000000 0.000000 0 0.000000 0.000000 0 0.000000 0.000000 0 0.000000 0.000000 0 0.000000 0.000000 0 0.000000 0.000000 0
0 0.533055 0.397729 0.055516 0.133917 0.000000 0.000000 0 0.000000 0.000000 0 0.000000 0.000000 0 0.000000 0.000000 0 0.000000 0.000000 0 0.000000 0.000000 0 0.000000 0.000000 0 0.000000 0.000000 0 0.000000 0.000000 0 0.000000 0.000000 0 0.000000 0.000000 0 0.000000 0.000000 0 0.000000 0.000000 0 0.000000 0.000000 0 0.000000 0.000000 0 0.000000 0.000000 0 0.000000 0.000000 0
0 0.844156 0.426094 0.036781 0.046562 0.000000 0.000000 0 0.000000 0.000000 0 0.000000 0.000000 0 0.000000 0.000000 0 0.000000 0.000000 0 0.000000 0.000000 0 0.000000 0.000000 0 0.000000 0.000000 0 0.000000 0.000000 0 0.000000 0.000000 0 0.000000 0.000000 0 0.000000 0.000000 0 0.000000 0.000000 0 0.000000 0.000000 0 0.000000 0.000000 0 0.000000 0.000000 0 0.000000 0.000000 0
0 0.795422 0.412906 0.017906 0.069688 0.000000 0.000000 0 0.000000 0.000000 0 0.000000 0.000000 0 0.000000 0.000000 0 0.000000 0.000000 0 0.000000 0.000000 0 0.000000 0.000000 0 0.000000 0.000000 0 0.000000 0.000000 0 0.000000 0.000000 0 0.000000 0.000000 0 0.000000 0.000000 0 0.000000 0.000000 0 0.000000 0.000000 0 0.000000 0.000000 0 0.000000 0.000000 0 0.000000 0.000000 0
0 0.070430 0.429646 0.040578 0.183500 0.000000 0.000000 0 0.000000 0.000000 0 0.000000 0.000000 0 0.000000 0.000000 0 0.079687 0.356250 1 0.059375 0.375000 1 0.079687 0.375000 1 0.054688 0.404167 1 0.082812 0.404167 1 0.000000 0.000000 0 0.087500 0.427083 1 0.059375 0.427083 1 0.075000 0.427083 1 0.064062 0.466667 1 0.075000 0.468750 1 0.059375 0.504167 1 0.071875 0.504167 1
0 0.248195 0.371333 0.015797 0.066583 0.000000 0.000000 0 0.000000 0.000000 0 0.000000 0.000000 0 0.000000 0.000000 0 0.000000 0.000000 0 0.000000 0.000000 0 0.000000 0.000000 0 0.000000 0.000000 0 0.000000 0.000000 0 0.000000 0.000000 0 0.000000 0.000000 0 0.000000 0.000000 0 0.000000 0.000000 0 0.000000 0.000000 0 0.000000 0.000000 0 0.000000 0.000000 0 0.000000 0.000000 0
0 0.980367 0.445458 0.036734 0.207542 0.981250 0.372917 1 0.981250 0.366667 1 0.000000 0.000000 0 0.992188 0.368750 1 0.000000 0.000000 0 0.995313 0.389583 1 0.000000 0.000000 0 0.993750 0.425000 1 0.000000 0.000000 0 0.987500 0.445833 1 0.000000 0.000000 0 0.992188 0.450000 1 0.000000 0.000000 0 0.990625 0.491667 1 0.000000 0.000000 0 0.985938 0.533333 1 0.000000 0.000000 0