0 0.430691 0.523570 0.657635 0.769953 0.709602 0.248438 1 0.723653 0.226562 1 0.679157 0.225000 1 0.000000 0.000000 0 0.622951 0.220312 1 0.709602 0.285938 1 0.494145 0.284375 1 0.000000 0.000000 0 0.325527 0.346875 1 0.000000 0.000000 0 0.278689 0.454688 1 0.566745 0.467187 1 0.421546 0.471875 1 0.704918 0.614062 1 0.344262 0.646875 1 0.660422 0.793750 1 0.189696 0.815625 1
0 0.414204 0.165461 0.147237 0.231922 0.395785 0.087500 1 0.407494 0.081250 1 0.384075 0.082812 1 0.416862 0.082812 1 0.365340 0.082812 1 0.442623 0.129688 1 0.353630 0.128125 1 0.454333 0.190625 1 0.000000 0.000000 0 0.423888 0.239063 1 0.000000 0.000000 0 0.421546 0.242188 1 0.381733 0.243750 1 0.423888 0.310937 1 0.393443 0.314063 1 0.000000 0.000000 0 0.000000 0.000000 0
0 0.568712 0.141078 0.127119 0.195938 0.536300 0.081250 1 0.545667 0.071875 1 0.529274 0.075000 1 0.573770 0.076563 1 0.000000 0.000000 0 0.592506 0.117188 1 0.533958 0.126562 1 0.604215 0.187500 1 0.000000 0.000000 0 0.599532 0.253125 1 0.000000 0.000000 0 0.566745 0.228125 1 0.526932 0.228125 1 0.000000 0.000000 0 0.000000 0.000000 0 0.000000 0.000000 0 0.000000 0.000000 0
0 0.864450 0.244352 0.172553 0.467266 0.831382 0.054688 1 0.838407 0.043750 1 0.817330 0.048438 1 0.866511 0.048438 1 0.000000 0.000000 0 0.882904 0.082812 1 0.829040 0.092188 1 0.920375 0.160938 1 0.000000 0.000000 0 0.934426 0.223438 1 0.000000 0.000000 0 0.866511 0.245312 1 0.817330 0.248438 1 0.857143 0.345313 1 0.812646 0.343750 1 0.871194 0.435937 1 0.840749 0.418750 1
0 0.318009 0.225867 0.139391 0.363672 0.276347 0.078125 1 0.288056 0.070312 1 0.269321 0.071875 1 0.304450 0.070312 1 0.000000 0.000000 0 0.332553 0.103125 1 0.283372 0.114062 1 0.000000 0.000000 0 0.000000 0.000000 0 0.000000 0.000000 0 0.000000 0.000000 0 0.337237 0.235937 1 0.311475 0.231250 1 0.334895 0.306250 1 0.346604 0.303125 1 0.337237 0.390625 1 0.000000 0.000000 0
0 0.233443 0.235484 0.110211 0.332687 0.222482 0.118750 1 0.227166 0.107813 1 0.213115 0.110937 1 0.000000 0.000000 0 0.000000 0.000000 0 0.245902 0.143750 1 0.199063 0.145313 1 0.000000 0.000000 0 0.000000 0.000000 0 0.000000 0.000000 0 0.000000 0.000000 0 0.257611 0.207813 1 0.187354 0.209375 1 0.241218 0.287500 1 0.213115 0.290625 1 0.262295 0.387500 1 0.231850 0.387500 1
0 0.158899 0.210109 0.080234 0.260312 0.152225 0.100000 1 0.161593 0.098437 1 0.000000 0.000000 0 0.177986 0.103125 1 0.000000 0.000000 0 0.185012 0.125000 1 0.145199 0.126562 1 0.159251 0.164062 1 0.000000 0.000000 0 0.117096 0.148438 1 0.000000 0.000000 0 0.152225 0.206250 1 0.140515 0.204687 1 0.175644 0.260937 1 0.154567 0.262500 1 0.180328 0.314063 1 0.206089 0.301563 1
0 0.731206 0.037586 0.078056 0.072922 0.000000 0.000000 0 0.000000 0.000000 0 0.000000 0.000000 0 0.000000 0.000000 0 0.000000 0.000000 0 0.000000 0.000000 0 0.000000 0.000000 0 0.000000 0.000000 0 0.000000 0.000000 0 0.000000 0.000000 0 0.000000 0.000000 0 0.000000 0.000000 0 0.000000 0.000000 0 0.000000 0.000000 0 0.000000 0.000000 0 0.000000 0.000000 0 0.000000 0.000000 0
0 0.853993 0.665430 0.292014 0.450984 0.000000 0.000000 0 0.000000 0.000000 0 0.000000 0.000000 0 0.000000 0.000000 0 0.000000 0.000000 0 0.000000 0.000000 0 0.000000 0.000000 0 0.000000 0.000000 0 0.000000 0.000000 0 0.000000 0.000000 0 0.000000 0.000000 0 0.000000 0.000000 0 0.000000 0.000000 0 0.000000 0.000000 0 0.960187 0.692187 1 0.000000 0.000000 0 0.789227 0.742188 1
0 0.785808 0.067266 0.053677 0.130531 0.782201 0.023438 1 0.791569 0.018750 1 0.777518 0.018750 1 0.807963 0.020313 1 0.770492 0.021875 1 0.819672 0.048438 1 0.761124 0.048438 1 0.000000 0.000000 0 0.000000 0.000000 0 0.000000 0.000000 0 0.000000 0.000000 0 0.805621 0.125000 1 0.770492 0.120313 1 0.000000 0.000000 0 0.000000 0.000000 0 0.000000 0.000000 0 0.000000 0.000000 0
0 0.735269 0.262211 0.147728 0.396016 0.721311 0.106250 1 0.733021 0.098437 1 0.714286 0.096875 1 0.749415 0.101562 1 0.695550 0.101562 1 0.777518 0.140625 1 0.681499 0.142187 1 0.784543 0.192188 1 0.000000 0.000000 0 0.749415 0.134375 1 0.672131 0.135937 1 0.763466 0.268750 1 0.709602 0.270313 1 0.772834 0.351562 1 0.711944 0.359375 1 0.782201 0.440625 1 0.714286 0.434375 1
0 0.769895 0.059125 0.023068 0.036844 0.000000 0.000000 0 0.000000 0.000000 0 0.000000 0.000000 0 0.000000 0.000000 0 0.000000 0.000000 0 0.000000 0.000000 0 0.000000 0.000000 0 0.000000 0.000000 0 0.000000 0.000000 0 0.000000 0.000000 0 0.000000 0.000000 0 0.000000 0.000000 0 0.000000 0.000000 0 0.000000 0.000000 0 0.000000 0.000000 0 0.000000 0.000000 0 0.000000 0.000000 0
0 0.071792 0.237930 0.124098 0.299516 0.032787 0.121875 1 0.037471 0.115625 1 0.028103 0.117188 1 0.058548 0.114062 1 0.000000 0.000000 0 0.063232 0.145313 1 0.049180 0.146875 1 0.105386 0.176563 1 0.000000 0.000000 0 0.093677 0.220312 1 0.000000 0.000000 0 0.074941 0.231250 1 0.065574 0.232813 1 0.081967 0.296875 1 0.081967 0.295312 1 0.079625 0.371875 1 0.098361 0.362500 1