0 0.595383 0.430492 0.085167 0.185859 0.595694 0.359375 1 0.595694 0.353125 1 0.588517 0.354687 1 0.607656 0.351562 1 0.583732 0.357812 1 0.610048 0.373437 1 0.562201 0.375000 1 0.000000 0.000000 0 0.000000 0.000000 0 0.000000 0.000000 0 0.000000 0.000000 0 0.602871 0.421875 1 0.576555 0.425000 1 0.612440 0.471875 1 0.590909 0.471875 1 0.622010 0.512500 1 0.593301 0.518750 1
0 0.460263 0.434023 0.091292 0.174766 0.468900 0.365625 1 0.473684 0.362500 1 0.466507 0.362500 1 0.000000 0.000000 0 0.000000 0.000000 0 0.497608 0.370312 1 0.456938 0.378125 1 0.485646 0.387500 1 0.423445 0.385937 1 0.447368 0.385937 1 0.454545 0.382812 1 0.488038 0.434375 1 0.461722 0.434375 1 0.492823 0.465625 1 0.466507 0.462500 1 0.492823 0.496875 1 0.471292 0.501563 1
0 0.380861 0.366656 0.095933 0.051844 0.000000 0.000000 0 0.000000 0.000000 0 0.000000 0.000000 0 0.000000 0.000000 0 0.000000 0.000000 0 0.000000 0.000000 0 0.000000 0.000000 0 0.000000 0.000000 0 0.000000 0.000000 0 0.000000 0.000000 0 0.000000 0.000000 0 0.000000 0.000000 0 0.000000 0.000000 0 0.000000 0.000000 0 0.000000 0.000000 0 0.000000 0.000000 0 0.000000 0.000000 0
0 0.137644 0.422531 0.090502 0.174438 0.122010 0.353125 1 0.124402 0.350000 1 0.114833 0.351562 1 0.131579 0.351562 1 0.000000 0.000000 0 0.148325 0.368750 1 0.102871 0.373437 1 0.165072 0.385937 1 0.098086 0.406250 1 0.172249 0.398438 1 0.098086 0.426563 1 0.153110 0.417187 1 0.114833 0.418750 1 0.148325 0.454688 1 0.124402 0.457813 1 0.150718 0.493750 1 0.138756 0.495312 1
0 0.407560 0.474289 0.048134 0.088359 0.000000 0.000000 0 0.000000 0.000000 0 0.000000 0.000000 0 0.000000 0.000000 0 0.000000 0.000000 0 0.000000 0.000000 0 0.000000 0.000000 0 0.000000 0.000000 0 0.000000 0.000000 0 0.000000 0.000000 0 0.000000 0.000000 0 0.000000 0.000000 0 0.000000 0.000000 0 0.000000 0.000000 0 0.000000 0.000000 0 0.000000 0.000000 0 0.000000 0.000000 0
0 0.939007 0.405273 0.084569 0.140422 0.918660 0.351562 1 0.923445 0.346875 1 0.913876 0.346875 1 0.940191 0.351562 1 0.911483 0.351562 1 0.940191 0.365625 1 0.909091 0.370312 1 0.966507 0.382812 1 0.909091 0.382812 1 0.935407 0.390625 1 0.909091 0.387500 1 0.949761 0.400000 1 0.925837 0.400000 1 0.961722 0.431250 1 0.925837 0.432812 1 0.959330 0.460938 1 0.928230 0.457813 1
0 0.309653 0.361750 0.041555 0.035937 0.000000 0.000000 0 0.000000 0.000000 0 0.000000 0.000000 0 0.000000 0.000000 0 0.000000 0.000000 0 0.000000 0.000000 0 0.000000 0.000000 0 0.000000 0.000000 0 0.000000 0.000000 0 0.000000 0.000000 0 0.000000 0.000000 0 0.000000 0.000000 0 0.000000 0.000000 0 0.000000 0.000000 0 0.000000 0.000000 0 0.000000 0.000000 0 0.000000 0.000000 0
0 0.852488 0.350383 0.105598 0.080766 0.000000 0.000000 0 0.000000 0.000000 0 0.000000 0.000000 0 0.000000 0.000000 0 0.000000 0.000000 0 0.000000 0.000000 0 0.000000 0.000000 0 0.000000 0.000000 0 0.000000 0.000000 0 0.000000 0.000000 0 0.000000 0.000000 0 0.000000 0.000000 0 0.000000 0.000000 0 0.000000 0.000000 0 0.000000 0.000000 0 0.000000 0.000000 0 0.000000 0.000000 0
0 0.779833 0.354836 0.069330 0.070141 0.000000 0.000000 0 0.000000 0.000000 0 0.000000 0.000000 0 0.000000 0.000000 0 0.000000 0.000000 0 0.000000 0.000000 0 0.000000 0.000000 0 0.000000 0.000000 0 0.000000 0.000000 0 0.000000 0.000000 0 0.000000 0.000000 0 0.000000 0.000000 0 0.000000 0.000000 0 0.000000 0.000000 0 0.000000 0.000000 0 0.000000 0.000000 0 0.000000 0.000000 0
0 0.696220 0.367680 0.065502 0.060359 0.000000 0.000000 0 0.000000 0.000000 0 0.000000 0.000000 0 0.000000 0.000000 0 0.000000 0.000000 0 0.000000 0.000000 0 0.000000 0.000000 0 0.000000 0.000000 0 0.000000 0.000000 0 0.000000 0.000000 0 0.000000 0.000000 0 0.000000 0.000000 0 0.000000 0.000000 0 0.000000 0.000000 0 0.000000 0.000000 0 0.000000 0.000000 0 0.000000 0.000000 0
0 0.643469 0.441664 0.082010 0.165859 0.631579 0.376563 1 0.633971 0.373437 1 0.629187 0.373437 1 0.643541 0.375000 1 0.000000 0.000000 0 0.655502 0.385937 1 0.629187 0.389062 1 0.662679 0.384375 1 0.000000 0.000000 0 0.638756 0.384375 1 0.000000 0.000000 0 0.645933 0.434375 1 0.624402 0.432812 1 0.638756 0.475000 1 0.631579 0.471875 1 0.662679 0.510938 1 0.648325 0.509375 1
0 0.039246 0.426836 0.077344 0.176547 0.035885 0.353125 1 0.043062 0.350000 1 0.028708 0.350000 1 0.050239 0.354687 1 0.028708 0.354687 1 0.057416 0.376563 1 0.014354 0.376563 1 0.064593 0.393750 1 0.014354 0.400000 1 0.038278 0.393750 1 0.052632 0.385937 1 0.057416 0.426563 1 0.021531 0.426563 1 0.055024 0.468750 1 0.019139 0.462500 1 0.055024 0.498437 1 0.016746 0.500000 1
0 0.549713 0.350680 0.062536 0.079234 0.000000 0.000000 0 0.000000 0.000000 0 0.000000 0.000000 0 0.000000 0.000000 0 0.000000 0.000000 0 0.000000 0.000000 0 0.000000 0.000000 0 0.000000 0.000000 0 0.000000 0.000000 0 0.000000 0.000000 0 0.000000 0.000000 0 0.000000 0.000000 0 0.000000 0.000000 0 0.000000 0.000000 0 0.000000 0.000000 0 0.000000 0.000000 0 0.000000 0.000000 0