0 0.420117 0.474201 0.084422 0.224245 0.439063 0.382932 1 0.440625 0.378556 1 0.435937 0.378556 1 0.000000 0.000000 0 0.428125 0.382932 1 0.439063 0.402626 1 0.426563 0.404814 1 0.437500 0.433260 1 0.406250 0.428884 1 0.448437 0.424508 1 0.423438 0.444201 1 0.432812 0.468271 1 0.425000 0.472648 1 0.421875 0.516411 1 0.454688 0.507659 1 0.392188 0.557987 1 0.439063 0.551422 1
0 0.412234 0.468972 0.110594 0.217812 0.000000 0.000000 0 0.000000 0.000000 0 0.000000 0.000000 0 0.000000 0.000000 0 0.420312 0.387309 1 0.000000 0.000000 0 0.414062 0.404814 1 0.000000 0.000000 0 0.398438 0.433260 1 0.000000 0.000000 0 0.000000 0.000000 0 0.000000 0.000000 0 0.412500 0.474836 1 0.435937 0.514223 1 0.404687 0.520788 1 0.445312 0.560175 1 0.370312 0.529540 1
0 0.319320 0.465164 0.141203 0.251685 0.000000 0.000000 0 0.340625 0.356674 1 0.335938 0.356674 1 0.000000 0.000000 0 0.329688 0.363239 1 0.350000 0.393873 1 0.328125 0.387309 1 0.360938 0.428884 1 0.303125 0.415755 1 0.356250 0.411379 1 0.320312 0.426696 1 0.323437 0.452954 1 0.334375 0.457330 1 0.309375 0.512035 1 0.353125 0.507659 1 0.264062 0.525164 1 0.362500 0.566740 1
0 0.214625 0.473632 0.123906 0.291772 0.221875 0.345733 1 0.223438 0.341357 1 0.217188 0.341357 1 0.000000 0.000000 0 0.206250 0.354486 1 0.229687 0.382932 1 0.203125 0.387309 1 0.225000 0.428884 1 0.192188 0.428884 1 0.243750 0.431072 1 0.225000 0.428884 1 0.237500 0.470460 1 0.210938 0.474836 1 0.245312 0.525164 1 0.196875 0.536105 1 0.257812 0.597374 1 0.165625 0.562363 1
0 0.108000 0.469858 0.105062 0.278796 0.126562 0.352298 1 0.128125 0.350109 1 0.121875 0.350109 1 0.131250 0.354486 1 0.112500 0.352298 1 0.131250 0.380744 1 0.107813 0.378556 1 0.131250 0.417943 1 0.082812 0.409190 1 0.148438 0.422319 1 0.089063 0.437637 1 0.128125 0.461707 1 0.110937 0.459519 1 0.096875 0.527352 1 0.145313 0.509847 1 0.068750 0.568928 1 0.114062 0.551422 1
0 0.185055 0.378228 0.034047 0.073217 0.000000 0.000000 0 0.000000 0.000000 0 0.000000 0.000000 0 0.000000 0.000000 0 0.000000 0.000000 0 0.000000 0.000000 0 0.000000 0.000000 0 0.000000 0.000000 0 0.000000 0.000000 0 0.000000 0.000000 0 0.000000 0.000000 0 0.000000 0.000000 0 0.000000 0.000000 0 0.000000 0.000000 0 0.000000 0.000000 0 0.000000 0.000000 0 0.000000 0.000000 0
0 0.953047 0.352790 0.024437 0.043042 0.000000 0.000000 0 0.000000 0.000000 0 0.000000 0.000000 0 0.000000 0.000000 0 0.000000 0.000000 0 0.000000 0.000000 0 0.000000 0.000000 0 0.000000 0.000000 0 0.000000 0.000000 0 0.000000 0.000000 0 0.000000 0.000000 0 0.000000 0.000000 0 0.000000 0.000000 0 0.000000 0.000000 0 0.000000 0.000000 0 0.000000 0.000000 0 0.000000 0.000000 0
0 0.034367 0.387123 0.034203 0.076871 0.000000 0.000000 0 0.000000 0.000000 0 0.000000 0.000000 0 0.000000 0.000000 0 0.000000 0.000000 0 0.000000 0.000000 0 0.000000 0.000000 0 0.000000 0.000000 0 0.000000 0.000000 0 0.000000 0.000000 0 0.000000 0.000000 0 0.000000 0.000000 0 0.000000 0.000000 0 0.000000 0.000000 0 0.000000 0.000000 0 0.000000 0.000000 0 0.000000 0.000000 0
0 0.008203 0.341357 0.015500 0.049672 0.000000 0.000000 0 0.000000 0.000000 0 0.000000 0.000000 0 0.000000 0.000000 0 0.000000 0.000000 0 0.000000 0.000000 0 0.000000 0.000000 0 0.000000 0.000000 0 0.000000 0.000000 0 0.000000 0.000000 0 0.000000 0.000000 0 0.000000 0.000000 0 0.000000 0.000000 0 0.000000 0.000000 0 0.000000 0.000000 0 0.000000 0.000000 0 0.000000 0.000000 0
0 0.959578 0.411280 0.033563 0.077133 0.000000 0.000000 0 0.000000 0.000000 0 0.000000 0.000000 0 0.000000 0.000000 0 0.000000 0.000000 0 0.000000 0.000000 0 0.000000 0.000000 0 0.000000 0.000000 0 0.000000 0.000000 0 0.000000 0.000000 0 0.000000 0.000000 0 0.000000 0.000000 0 0.000000 0.000000 0 0.000000 0.000000 0 0.000000 0.000000 0 0.000000 0.000000 0 0.000000 0.000000 0
0 0.518031 0.483129 0.082594 0.296236 0.539062 0.363239 1 0.542188 0.358862 1 0.535937 0.356674 1 0.000000 0.000000 0 0.523438 0.361050 1 0.550000 0.391685 1 0.510938 0.398249 1 0.551562 0.435449 1 0.507812 0.452954 1 0.551562 0.466083 1 0.534375 0.439825 1 0.526563 0.477024 1 0.503125 0.479212 1 0.540625 0.549234 1 0.514062 0.553611 1 0.487500 0.531729 1 0.500000 0.614880 1
0 0.043266 0.358031 0.029844 0.075711 0.000000 0.000000 0 0.000000 0.000000 0 0.000000 0.000000 0 0.000000 0.000000 0 0.000000 0.000000 0 0.000000 0.000000 0 0.000000 0.000000 0 0.000000 0.000000 0 0.000000 0.000000 0 0.000000 0.000000 0 0.000000 0.000000 0 0.000000 0.000000 0 0.000000 0.000000 0 0.000000 0.000000 0 0.000000 0.000000 0 0.000000 0.000000 0 0.000000 0.000000 0