0 0.651445 0.619098 0.232391 0.676417 0.673438 0.377049 1 0.679688 0.362998 1 0.659375 0.362998 1 0.000000 0.000000 0 0.000000 0.000000 0 0.698438 0.433255 1 0.626563 0.433255 1 0.740625 0.480094 1 0.614062 0.489461 1 0.728125 0.407494 1 0.626563 0.395785 1 0.696875 0.653396 1 0.639062 0.658080 1 0.692187 0.784543 1 0.621875 0.777518 1 0.673438 0.889930 1 0.564063 0.880562 1
0 0.040609 0.314965 0.014656 0.051288 0.000000 0.000000 0 0.000000 0.000000 0 0.000000 0.000000 0 0.000000 0.000000 0 0.000000 0.000000 0 0.000000 0.000000 0 0.000000 0.000000 0 0.000000 0.000000 0 0.000000 0.000000 0 0.000000 0.000000 0 0.000000 0.000000 0 0.000000 0.000000 0 0.000000 0.000000 0 0.000000 0.000000 0 0.000000 0.000000 0 0.000000 0.000000 0 0.000000 0.000000 0
0 0.141250 0.460585 0.153281 0.545059 0.112500 0.243560 1 0.123438 0.231850 1 0.112500 0.231850 1 0.145313 0.234192 1 0.000000 0.000000 0 0.176563 0.290398 1 0.096875 0.297424 1 0.196875 0.362998 1 0.079687 0.370023 1 0.192188 0.435597 1 0.078125 0.407494 1 0.164062 0.480094 1 0.110937 0.482436 1 0.171875 0.571429 1 0.121875 0.583138 1 0.190625 0.669789 1 0.129688 0.681499 1
0 0.222695 0.292143 0.015172 0.058431 0.000000 0.000000 0 0.000000 0.000000 0 0.000000 0.000000 0 0.000000 0.000000 0 0.000000 0.000000 0 0.000000 0.000000 0 0.000000 0.000000 0 0.000000 0.000000 0 0.000000 0.000000 0 0.000000 0.000000 0 0.000000 0.000000 0 0.000000 0.000000 0 0.000000 0.000000 0 0.000000 0.000000 0 0.000000 0.000000 0 0.000000 0.000000 0 0.000000 0.000000 0
0 0.540867 0.468981 0.041328 0.179415 0.000000 0.000000 0 0.000000 0.000000 0 0.000000 0.000000 0 0.000000 0.000000 0 0.000000 0.000000 0 0.000000 0.000000 0 0.000000 0.000000 0 0.000000 0.000000 0 0.000000 0.000000 0 0.000000 0.000000 0 0.000000 0.000000 0 0.000000 0.000000 0 0.000000 0.000000 0 0.000000 0.000000 0 0.000000 0.000000 0 0.000000 0.000000 0 0.000000 0.000000 0
0 0.446367 0.605117 0.111828 0.551124 0.464062 0.416862 1 0.471875 0.398126 1 0.454688 0.400468 1 0.000000 0.000000 0 0.429688 0.405152 1 0.479687 0.473068 1 0.425000 0.475410 1 0.498437 0.564403 1 0.421875 0.559719 1 0.503125 0.625293 1 0.439063 0.627635 1 0.489063 0.639344 1 0.453125 0.639344 1 0.478125 0.740047 1 0.460938 0.737705 1 0.453125 0.817330 1 0.429688 0.829040 1
0 0.511852 0.396721 0.063797 0.383981 0.000000 0.000000 0 0.000000 0.000000 0 0.000000 0.000000 0 0.000000 0.000000 0 0.509375 0.245902 1 0.481250 0.269321 1 0.501563 0.283372 1 0.000000 0.000000 0 0.512500 0.360656 1 0.000000 0.000000 0 0.526563 0.332553 1 0.481250 0.416862 1 0.501563 0.426230 1 0.000000 0.000000 0 0.501563 0.526932 1 0.000000 0.000000 0 0.498437 0.604215 1
0 0.769883 0.372635 0.020641 0.092248 0.000000 0.000000 0 0.000000 0.000000 0 0.000000 0.000000 0 0.000000 0.000000 0 0.000000 0.000000 0 0.000000 0.000000 0 0.000000 0.000000 0 0.000000 0.000000 0 0.000000 0.000000 0 0.000000 0.000000 0 0.000000 0.000000 0 0.000000 0.000000 0 0.000000 0.000000 0 0.000000 0.000000 0 0.000000 0.000000 0 0.000000 0.000000 0 0.000000 0.000000 0
0 0.830172 0.445785 0.074219 0.243700 0.000000 0.000000 0 0.000000 0.000000 0 0.000000 0.000000 0 0.000000 0.000000 0 0.000000 0.000000 0 0.820312 0.388759 1 0.000000 0.000000 0 0.817187 0.419204 1 0.000000 0.000000 0 0.810937 0.459016 1 0.000000 0.000000 0 0.818750 0.440281 1 0.825000 0.440281 1 0.820312 0.489461 1 0.817187 0.501171 1 0.842187 0.510539 1 0.820312 0.538642 1
0 0.959055 0.431546 0.059453 0.244824 0.939063 0.337237 1 0.942187 0.330211 1 0.000000 0.000000 0 0.951562 0.332553 1 0.000000 0.000000 0 0.957812 0.360656 1 0.951562 0.365340 1 0.959375 0.398126 1 0.954688 0.393443 1 0.946875 0.391101 1 0.945312 0.416862 1 0.956250 0.423888 1 0.953125 0.423888 1 0.946875 0.480094 1 0.954688 0.480094 1 0.951562 0.533958 1 0.978125 0.515222 1
0 0.402562 0.471909 0.295375 0.817963 0.429688 0.133489 1 0.437500 0.124122 1 0.420312 0.119438 1 0.000000 0.000000 0 0.393750 0.121780 1 0.467187 0.250585 1 0.354687 0.236534 1 0.484375 0.348946 1 0.312500 0.334895 1 0.482812 0.409836 1 0.339062 0.416862 1 0.454688 0.482436 1 0.384375 0.477752 1 0.489063 0.644028 1 0.346875 0.637002 1 0.490625 0.786885 1 0.284375 0.775176 1
0 0.397203 0.469965 0.139719 0.661194 0.454688 0.177986 1 0.459375 0.170960 1 0.448437 0.161593 1 0.000000 0.000000 0 0.428125 0.161593 1 0.000000 0.000000 0 0.000000 0.000000 0 0.000000 0.000000 0 0.000000 0.000000 0 0.000000 0.000000 0 0.000000 0.000000 0 0.000000 0.000000 0 0.000000 0.000000 0 0.000000 0.000000 0 0.364063 0.625293 1 0.000000 0.000000 0 0.345313 0.742389 1
0 0.730961 0.338337 0.058078 0.183138 0.000000 0.000000 0 0.000000 0.000000 0 0.000000 0.000000 0 0.000000 0.000000 0 0.000000 0.000000 0 0.000000 0.000000 0 0.000000 0.000000 0 0.000000 0.000000 0 0.000000 0.000000 0 0.000000 0.000000 0 0.000000 0.000000 0 0.000000 0.000000 0 0.000000 0.000000 0 0.000000 0.000000 0 0.000000 0.000000 0 0.000000 0.000000 0 0.000000 0.000000 0