0 0.287352 0.529517 0.151547 0.624043 0.310937 0.276596 1 0.310937 0.263502 1 0.295312 0.261866 1 0.000000 0.000000 0 0.259375 0.274959 1 0.307812 0.338789 1 0.239063 0.342062 1 0.371875 0.402619 1 0.307812 0.441899 1 0.332813 0.414075 1 0.000000 0.000000 0 0.339062 0.527005 1 0.281250 0.530278 1 0.303125 0.671031 1 0.271875 0.672668 1 0.296875 0.785597 1 0.260937 0.788871 1
0 0.623969 0.568756 0.271844 0.784746 0.651563 0.227496 1 0.660937 0.217676 1 0.634375 0.219313 1 0.000000 0.000000 0 0.603125 0.235679 1 0.704688 0.302782 1 0.556250 0.312602 1 0.732812 0.386252 1 0.509375 0.407529 1 0.725000 0.456628 1 0.542188 0.464812 1 0.681250 0.510638 1 0.603125 0.510638 1 0.689063 0.720131 1 0.614062 0.736498 1 0.706250 0.872340 1 0.621875 0.860884 1
0 0.753664 0.521653 0.117141 0.511555 0.728125 0.309329 1 0.732812 0.299509 1 0.715625 0.302782 1 0.000000 0.000000 0 0.000000 0.000000 0 0.762500 0.353519 1 0.679688 0.353519 1 0.793750 0.427169 1 0.000000 0.000000 0 0.796875 0.481178 1 0.000000 0.000000 0 0.742188 0.543372 1 0.693750 0.543372 1 0.732812 0.641571 1 0.000000 0.000000 0 0.710938 0.751227 1 0.000000 0.000000 0
0 0.922773 0.483061 0.117453 0.445728 0.000000 0.000000 0 0.000000 0.000000 0 0.000000 0.000000 0 0.000000 0.000000 0 0.000000 0.000000 0 0.875000 0.333879 1 0.954688 0.328969 1 0.873437 0.407529 1 0.973437 0.402619 1 0.000000 0.000000 0 0.000000 0.000000 0 0.898438 0.453355 1 0.946875 0.451718 1 0.889062 0.559738 1 0.931250 0.574468 1 0.900000 0.666121 1 0.928125 0.677578 1
0 0.752586 0.280164 0.050672 0.129722 0.753125 0.237316 1 0.757812 0.232406 1 0.748437 0.230769 1 0.760938 0.235679 1 0.739062 0.234043 1 0.760938 0.265139 1 0.729688 0.265139 1 0.770312 0.297872 1 0.000000 0.000000 0 0.000000 0.000000 0 0.000000 0.000000 0 0.759375 0.330606 1 0.732812 0.328969 1 0.000000 0.000000 0 0.000000 0.000000 0 0.000000 0.000000 0 0.000000 0.000000 0
0 0.784312 0.254435 0.044406 0.088118 0.000000 0.000000 0 0.000000 0.000000 0 0.000000 0.000000 0 0.000000 0.000000 0 0.000000 0.000000 0 0.000000 0.000000 0 0.000000 0.000000 0 0.000000 0.000000 0 0.000000 0.000000 0 0.000000 0.000000 0 0.000000 0.000000 0 0.000000 0.000000 0 0.000000 0.000000 0 0.000000 0.000000 0 0.000000 0.000000 0 0.000000 0.000000 0 0.000000 0.000000 0
0 0.800602 0.181735 0.016266 0.022979 0.000000 0.000000 0 0.000000 0.000000 0 0.000000 0.000000 0 0.000000 0.000000 0 0.000000 0.000000 0 0.000000 0.000000 0 0.000000 0.000000 0 0.000000 0.000000 0 0.000000 0.000000 0 0.000000 0.000000 0 0.000000 0.000000 0 0.000000 0.000000 0 0.000000 0.000000 0 0.000000 0.000000 0 0.000000 0.000000 0 0.000000 0.000000 0 0.000000 0.000000 0
0 0.853156 0.285139 0.075469 0.146121 0.000000 0.000000 0 0.000000 0.000000 0 0.000000 0.000000 0 0.000000 0.000000 0 0.000000 0.000000 0 0.839063 0.260229 1 0.882812 0.258592 1 0.000000 0.000000 0 0.000000 0.000000 0 0.000000 0.000000 0 0.000000 0.000000 0 0.846875 0.319149 1 0.875000 0.319149 1 0.000000 0.000000 0 0.000000 0.000000 0 0.000000 0.000000 0 0.000000 0.000000 0
0 0.968555 0.337029 0.062891 0.243028 0.000000 0.000000 0 0.000000 0.000000 0 0.000000 0.000000 0 0.959375 0.242226 1 0.985938 0.238953 1 0.945312 0.270049 1 0.992188 0.261866 1 0.942187 0.306056 1 0.000000 0.000000 0 0.000000 0.000000 0 0.000000 0.000000 0 0.000000 0.000000 0 0.987500 0.335516 1 0.000000 0.000000 0 0.985938 0.399345 1 0.000000 0.000000 0 0.000000 0.000000 0
0 0.535867 0.634943 0.129047 0.358462 0.000000 0.000000 0 0.000000 0.000000 0 0.000000 0.000000 0 0.000000 0.000000 0 0.000000 0.000000 0 0.000000 0.000000 0 0.565625 0.417349 1 0.000000 0.000000 0 0.525000 0.458265 1 0.000000 0.000000 0 0.487500 0.510638 1 0.596875 0.581015 1 0.539062 0.577741 1 0.590625 0.679214 1 0.531250 0.669394 1 0.589063 0.783961 1 0.510938 0.780687 1
0 0.970141 0.713699 0.059719 0.460720 0.000000 0.000000 0 0.000000 0.000000 0 0.000000 0.000000 0 0.000000 0.000000 0 0.000000 0.000000 0 0.989062 0.510638 1 0.000000 0.000000 0 0.968750 0.649755 1 0.000000 0.000000 0 0.000000 0.000000 0 0.000000 0.000000 0 0.000000 0.000000 0 0.000000 0.000000 0 0.000000 0.000000 0 0.000000 0.000000 0 0.000000 0.000000 0 0.000000 0.000000 0
0 0.770195 0.182791 0.015172 0.018052 0.000000 0.000000 0 0.000000 0.000000 0 0.000000 0.000000 0 0.000000 0.000000 0 0.000000 0.000000 0 0.000000 0.000000 0 0.000000 0.000000 0 0.000000 0.000000 0 0.000000 0.000000 0 0.000000 0.000000 0 0.000000 0.000000 0 0.000000 0.000000 0 0.000000 0.000000 0 0.000000 0.000000 0 0.000000 0.000000 0 0.000000 0.000000 0 0.000000 0.000000 0
0 0.870773 0.218372 0.026922 0.054452 0.000000 0.000000 0 0.000000 0.000000 0 0.000000 0.000000 0 0.000000 0.000000 0 0.000000 0.000000 0 0.000000 0.000000 0 0.000000 0.000000 0 0.000000 0.000000 0 0.000000 0.000000 0 0.000000 0.000000 0 0.000000 0.000000 0 0.000000 0.000000 0 0.000000 0.000000 0 0.000000 0.000000 0 0.000000 0.000000 0 0.000000 0.000000 0 0.000000 0.000000 0