0 0.704844 0.711268 0.192812 0.491033 0.000000 0.000000 0 0.000000 0.000000 0 0.000000 0.000000 0 0.695312 0.509390 1 0.735938 0.514085 1 0.671875 0.577465 1 0.771875 0.603286 1 0.634375 0.661972 1 0.771875 0.706573 1 0.656250 0.591549 1 0.000000 0.000000 0 0.679688 0.788732 1 0.756250 0.791080 1 0.615625 0.774648 1 0.785937 0.781690 1 0.662500 0.906103 1 0.753125 0.899061 1
0 0.420961 0.499918 0.035734 0.190164 0.414062 0.429577 1 0.415625 0.424883 1 0.412500 0.424883 1 0.421875 0.424883 1 0.000000 0.000000 0 0.428125 0.446009 1 0.410938 0.448357 1 0.432812 0.471831 1 0.404687 0.474178 1 0.432812 0.492958 1 0.409375 0.446009 1 0.426563 0.495305 1 0.410938 0.497653 1 0.423438 0.535211 1 0.415625 0.535211 1 0.428125 0.584507 1 0.418750 0.579812 1
0 0.455984 0.496268 0.050375 0.210845 0.456250 0.410798 1 0.459375 0.406103 1 0.454688 0.406103 1 0.464062 0.408451 1 0.000000 0.000000 0 0.473438 0.434272 1 0.448437 0.429577 1 0.470313 0.460094 1 0.439063 0.457746 1 0.459375 0.446009 1 0.450000 0.450704 1 0.462500 0.490610 1 0.450000 0.488263 1 0.467187 0.544601 1 0.445312 0.539906 1 0.468750 0.582160 1 0.445312 0.577465 1
0 0.541742 0.513028 0.039641 0.213380 0.542188 0.427230 1 0.546875 0.422535 1 0.000000 0.000000 0 0.000000 0.000000 0 0.000000 0.000000 0 0.554688 0.446009 1 0.542188 0.443662 1 0.534375 0.450704 1 0.523438 0.446009 1 0.525000 0.438967 1 0.529687 0.464789 1 0.548438 0.504695 1 0.537500 0.504695 1 0.550000 0.558685 1 0.539062 0.551643 1 0.546875 0.593897 1 0.540625 0.591549 1
0 0.577586 0.504777 0.044266 0.210211 0.576562 0.420188 1 0.578125 0.417840 1 0.575000 0.415493 1 0.585938 0.422535 1 0.000000 0.000000 0 0.593750 0.441315 1 0.565625 0.438967 1 0.595313 0.467136 1 0.564063 0.457746 1 0.587500 0.455399 1 0.578125 0.460094 1 0.582812 0.492958 1 0.568750 0.492958 1 0.585938 0.544601 1 0.568750 0.544601 1 0.585938 0.582160 1 0.568750 0.584507 1
0 0.292922 0.480610 0.039969 0.206995 0.290625 0.399061 1 0.292187 0.394366 1 0.289062 0.394366 1 0.298438 0.396714 1 0.000000 0.000000 0 0.300000 0.415493 1 0.282813 0.413146 1 0.304688 0.446009 1 0.279687 0.443662 1 0.306250 0.474178 1 0.276562 0.467136 1 0.296875 0.474178 1 0.282813 0.474178 1 0.296875 0.523474 1 0.282813 0.523474 1 0.296875 0.568075 1 0.284375 0.568075 1
0 0.110156 0.535728 0.096875 0.150798 0.000000 0.000000 0 0.000000 0.000000 0 0.000000 0.000000 0 0.000000 0.000000 0 0.126562 0.481221 1 0.112500 0.497653 1 0.109375 0.495305 1 0.125000 0.516432 1 0.117188 0.537559 1 0.143750 0.516432 1 0.132812 0.518779 1 0.079687 0.565728 1 0.093750 0.565728 1 0.107813 0.600939 1 0.117188 0.605634 1 0.079687 0.591549 1 0.089063 0.605634 1
0 0.099461 0.430340 0.043359 0.159554 0.000000 0.000000 0 0.000000 0.000000 0 0.000000 0.000000 0 0.000000 0.000000 0 0.000000 0.000000 0 0.084375 0.396714 1 0.109375 0.401408 1 0.000000 0.000000 0 0.120313 0.434272 1 0.000000 0.000000 0 0.126562 0.408451 1 0.090625 0.469484 1 0.107813 0.467136 1 0.093750 0.530516 1 0.109375 0.525822 1 0.000000 0.000000 0 0.000000 0.000000 0
0 0.037758 0.479049 0.050766 0.244390 0.000000 0.000000 0 0.000000 0.000000 0 0.000000 0.000000 0 0.000000 0.000000 0 0.056250 0.377934 1 0.031250 0.403756 1 0.051562 0.403756 1 0.000000 0.000000 0 0.051562 0.446009 1 0.000000 0.000000 0 0.057813 0.471831 1 0.029687 0.469484 1 0.045312 0.469484 1 0.023438 0.528169 1 0.046875 0.530516 1 0.017188 0.582160 1 0.048438 0.584507 1
0 0.501516 0.506232 0.048187 0.197582 0.500000 0.427230 1 0.503125 0.422535 1 0.498437 0.422535 1 0.510938 0.424883 1 0.000000 0.000000 0 0.514062 0.443662 1 0.490625 0.448357 1 0.517188 0.476526 1 0.481250 0.474178 1 0.514062 0.497653 1 0.481250 0.502347 1 0.506250 0.500000 1 0.492188 0.500000 1 0.509375 0.549296 1 0.495312 0.546948 1 0.510938 0.584507 1 0.496875 0.584507 1
0 0.384141 0.496854 0.043812 0.184554 0.387500 0.422535 1 0.389062 0.420188 1 0.384375 0.420188 1 0.393750 0.420188 1 0.000000 0.000000 0 0.395313 0.443662 1 0.378125 0.438967 1 0.404687 0.471831 1 0.368750 0.460094 1 0.400000 0.490610 1 0.370312 0.485915 1 0.389062 0.492958 1 0.376563 0.495305 1 0.395313 0.537559 1 0.373437 0.537559 1 0.392188 0.579812 1 0.371875 0.572770 1
0 0.359125 0.496068 0.032875 0.179413 0.000000 0.000000 0 0.000000 0.000000 0 0.000000 0.000000 0 0.000000 0.000000 0 0.000000 0.000000 0 0.000000 0.000000 0 0.000000 0.000000 0 0.000000 0.000000 0 0.000000 0.000000 0 0.000000 0.000000 0 0.000000 0.000000 0 0.000000 0.000000 0 0.000000 0.000000 0 0.000000 0.000000 0 0.000000 0.000000 0 0.000000 0.000000 0 0.000000 0.000000 0
0 0.663445 0.463192 0.012766 0.019765 0.000000 0.000000 0 0.000000 0.000000 0 0.000000 0.000000 0 0.000000 0.000000 0 0.000000 0.000000 0 0.000000 0.000000 0 0.000000 0.000000 0 0.000000 0.000000 0 0.000000 0.000000 0 0.000000 0.000000 0 0.000000 0.000000 0 0.000000 0.000000 0 0.000000 0.000000 0 0.000000 0.000000 0 0.000000 0.000000 0 0.000000 0.000000 0 0.000000 0.000000 0