0 0.503630 0.488683 0.067020 0.486707 0.496000 0.287425 1 0.500000 0.281437 1 0.494000 0.281437 1 0.508000 0.281437 1 0.000000 0.000000 0 0.518000 0.335329 1 0.486000 0.335329 1 0.526000 0.419162 1 0.482000 0.407186 1 0.524000 0.485030 1 0.476000 0.473054 1 0.512000 0.502994 1 0.492000 0.508982 1 0.512000 0.604790 1 0.488000 0.592814 1 0.506000 0.706587 1 0.510000 0.676647 1
0 0.783190 0.494850 0.034380 0.394850 0.000000 0.000000 0 0.000000 0.000000 0 0.000000 0.000000 0 0.000000 0.000000 0 0.000000 0.000000 0 0.000000 0.000000 0 0.000000 0.000000 0 0.000000 0.000000 0 0.000000 0.000000 0 0.000000 0.000000 0 0.000000 0.000000 0 0.000000 0.000000 0 0.000000 0.000000 0 0.000000 0.000000 0 0.000000 0.000000 0 0.000000 0.000000 0 0.000000 0.000000 0
0 0.160500 0.489521 0.051000 0.452096 0.170000 0.311377 1 0.000000 0.000000 0 0.168000 0.299401 1 0.000000 0.000000 0 0.158000 0.299401 1 0.170000 0.353293 1 0.148000 0.347305 1 0.170000 0.437126 1 0.000000 0.000000 0 0.178000 0.479042 1 0.000000 0.000000 0 0.162000 0.485030 1 0.148000 0.479042 1 0.160000 0.586826 1 0.156000 0.580838 1 0.158000 0.676647 1 0.142000 0.658683 1
0 0.337610 0.488862 0.476860 0.469341 0.122000 0.287425 1 0.124000 0.275449 1 0.118000 0.275449 1 0.000000 0.000000 0 0.114000 0.281437 1 0.136000 0.323353 1 0.106000 0.329341 1 0.142000 0.377246 1 0.098000 0.389222 1 0.116000 0.389222 1 0.108000 0.383234 1 0.130000 0.443114 1 0.110000 0.443114 1 0.132000 0.532934 1 0.114000 0.544910 1 0.136000 0.646707 1 0.118000 0.664671 1
0 0.262910 0.403443 0.043500 0.272395 0.000000 0.000000 0 0.000000 0.000000 0 0.000000 0.000000 0 0.000000 0.000000 0 0.000000 0.000000 0 0.000000 0.000000 0 0.000000 0.000000 0 0.000000 0.000000 0 0.000000 0.000000 0 0.000000 0.000000 0 0.000000 0.000000 0 0.000000 0.000000 0 0.000000 0.000000 0 0.000000 0.000000 0 0.000000 0.000000 0 0.000000 0.000000 0 0.000000 0.000000 0
0 0.326010 0.297814 0.013300 0.088323 0.000000 0.000000 0 0.000000 0.000000 0 0.000000 0.000000 0 0.000000 0.000000 0 0.000000 0.000000 0 0.000000 0.000000 0 0.000000 0.000000 0 0.000000 0.000000 0 0.000000 0.000000 0 0.000000 0.000000 0 0.000000 0.000000 0 0.000000 0.000000 0 0.000000 0.000000 0 0.000000 0.000000 0 0.000000 0.000000 0 0.000000 0.000000 0 0.000000 0.000000 0
0 0.342600 0.306737 0.015960 0.055509 0.000000 0.000000 0 0.000000 0.000000 0 0.000000 0.000000 0 0.000000 0.000000 0 0.000000 0.000000 0 0.000000 0.000000 0 0.000000 0.000000 0 0.000000 0.000000 0 0.000000 0.000000 0 0.000000 0.000000 0 0.000000 0.000000 0 0.000000 0.000000 0 0.000000 0.000000 0 0.000000 0.000000 0 0.000000 0.000000 0 0.000000 0.000000 0 0.000000 0.000000 0
0 0.067250 0.475719 0.064500 0.443653 0.072000 0.281437 1 0.000000 0.000000 0 0.072000 0.269461 1 0.000000 0.000000 0 0.064000 0.275449 1 0.000000 0.000000 0 0.058000 0.317365 1 0.000000 0.000000 0 0.064000 0.347305 1 0.000000 0.000000 0 0.086000 0.341317 1 0.068000 0.461078 1 0.054000 0.461078 1 0.066000 0.544910 1 0.054000 0.532934 1 0.062000 0.652695 1 0.042000 0.658683 1
0 0.684240 0.371437 0.056760 0.325150 0.000000 0.000000 0 0.000000 0.000000 0 0.000000 0.000000 0 0.680000 0.245509 1 0.000000 0.000000 0 0.674000 0.293413 1 0.700000 0.293413 1 0.668000 0.353293 1 0.000000 0.000000 0 0.662000 0.419162 1 0.000000 0.000000 0 0.676000 0.425150 1 0.700000 0.419162 1 0.000000 0.000000 0 0.000000 0.000000 0 0.000000 0.000000 0 0.000000 0.000000 0
0 0.624580 0.337006 0.035120 0.247425 0.000000 0.000000 0 0.000000 0.000000 0 0.000000 0.000000 0 0.000000 0.000000 0 0.000000 0.000000 0 0.000000 0.000000 0 0.000000 0.000000 0 0.000000 0.000000 0 0.000000 0.000000 0 0.000000 0.000000 0 0.000000 0.000000 0 0.000000 0.000000 0 0.000000 0.000000 0 0.000000 0.000000 0 0.000000 0.000000 0 0.000000 0.000000 0 0.000000 0.000000 0
0 0.595970 0.478293 0.074780 0.546168 0.000000 0.000000 0 0.000000 0.000000 0 0.000000 0.000000 0 0.000000 0.000000 0 0.598000 0.257485 1 0.574000 0.323353 1 0.604000 0.311377 1 0.000000 0.000000 0 0.620000 0.383234 1 0.000000 0.000000 0 0.000000 0.000000 0 0.586000 0.473054 1 0.606000 0.467066 1 0.590000 0.586826 1 0.612000 0.586826 1 0.596000 0.706587 1 0.612000 0.706587 1