0 0.339602 0.752812 0.234266 0.471917 0.000000 0.000000 0 0.000000 0.000000 0 0.000000 0.000000 0 0.278125 0.612500 1 0.354687 0.608333 1 0.265625 0.716667 1 0.376563 0.710417 1 0.234375 0.868750 1 0.414062 0.852083 1 0.248438 0.962500 1 0.437500 0.964583 1 0.285938 0.958333 1 0.353125 0.960417 1 0.000000 0.000000 0 0.000000 0.000000 0 0.000000 0.000000 0 0.000000 0.000000 0
0 0.136516 0.742698 0.195500 0.487646 0.000000 0.000000 0 0.000000 0.000000 0 0.000000 0.000000 0 0.095312 0.579167 1 0.173437 0.585417 1 0.065625 0.706250 1 0.195312 0.704167 1 0.000000 0.000000 0 0.000000 0.000000 0 0.000000 0.000000 0 0.000000 0.000000 0 0.073438 0.925000 1 0.198437 0.922917 1 0.000000 0.000000 0 0.000000 0.000000 0 0.000000 0.000000 0 0.000000 0.000000 0
0 0.241117 0.594135 0.052203 0.225688 0.000000 0.000000 0 0.000000 0.000000 0 0.000000 0.000000 0 0.000000 0.000000 0 0.000000 0.000000 0 0.220312 0.529167 1 0.253125 0.525000 1 0.217188 0.554167 1 0.259375 0.554167 1 0.228125 0.550000 1 0.245312 0.543750 1 0.232813 0.579167 1 0.246875 0.581250 1 0.232813 0.637500 1 0.248438 0.639583 1 0.235937 0.681250 1 0.248438 0.681250 1
0 0.588547 0.589302 0.044750 0.178021 0.000000 0.000000 0 0.000000 0.000000 0 0.000000 0.000000 0 0.579688 0.535417 1 0.592187 0.531250 1 0.576562 0.550000 1 0.595313 0.543750 1 0.575000 0.575000 1 0.606250 0.522917 1 0.000000 0.000000 0 0.596875 0.510417 1 0.582812 0.579167 1 0.593750 0.575000 1 0.582812 0.627083 1 0.593750 0.627083 1 0.581250 0.666667 1 0.593750 0.664583 1
0 0.993156 0.491708 0.013687 0.075375 0.000000 0.000000 0 0.000000 0.000000 0 0.000000 0.000000 0 0.000000 0.000000 0 0.000000 0.000000 0 0.000000 0.000000 0 0.000000 0.000000 0 0.000000 0.000000 0 0.000000 0.000000 0 0.000000 0.000000 0 0.000000 0.000000 0 0.000000 0.000000 0 0.000000 0.000000 0 0.000000 0.000000 0 0.000000 0.000000 0 0.000000 0.000000 0 0.000000 0.000000 0
0 0.766203 0.563667 0.057906 0.211417 0.000000 0.000000 0 0.000000 0.000000 0 0.000000 0.000000 0 0.756250 0.483333 1 0.000000 0.000000 0 0.754687 0.495833 1 0.776563 0.504167 1 0.743750 0.527083 1 0.784375 0.531250 1 0.000000 0.000000 0 0.000000 0.000000 0 0.757812 0.539583 1 0.775000 0.539583 1 0.757812 0.593750 1 0.778125 0.595833 1 0.760938 0.645833 1 0.787500 0.645833 1
0 0.837211 0.555531 0.032734 0.191188 0.000000 0.000000 0 0.000000 0.000000 0 0.000000 0.000000 0 0.000000 0.000000 0 0.000000 0.000000 0 0.000000 0.000000 0 0.000000 0.000000 0 0.000000 0.000000 0 0.000000 0.000000 0 0.000000 0.000000 0 0.000000 0.000000 0 0.000000 0.000000 0 0.000000 0.000000 0 0.000000 0.000000 0 0.000000 0.000000 0 0.000000 0.000000 0 0.000000 0.000000 0
0 0.405586 0.606667 0.033891 0.156167 0.000000 0.000000 0 0.000000 0.000000 0 0.000000 0.000000 0 0.000000 0.000000 0 0.410938 0.543750 1 0.407813 0.562500 1 0.401562 0.564583 1 0.000000 0.000000 0 0.401562 0.583333 1 0.000000 0.000000 0 0.412500 0.600000 1 0.407813 0.602083 1 0.403125 0.602083 1 0.417187 0.635417 1 0.401562 0.645833 1 0.414062 0.666667 1 0.401562 0.670833 1
0 0.017422 0.604344 0.034844 0.224396 0.000000 0.000000 0 0.000000 0.000000 0 0.000000 0.000000 0 0.006250 0.506250 1 0.000000 0.000000 0 0.012500 0.510417 1 0.000000 0.000000 0 0.026562 0.533333 1 0.000000 0.000000 0 0.020313 0.558333 1 0.000000 0.000000 0 0.009375 0.587500 1 0.000000 0.000000 0 0.015625 0.652083 1 0.000000 0.000000 0 0.017188 0.702083 1 0.000000 0.000000 0
0 0.529898 0.570271 0.062359 0.236708 0.000000 0.000000 0 0.000000 0.000000 0 0.000000 0.000000 0 0.000000 0.000000 0 0.000000 0.000000 0 0.507812 0.502083 1 0.537500 0.493750 1 0.504687 0.533333 1 0.554688 0.522917 1 0.000000 0.000000 0 0.000000 0.000000 0 0.520312 0.556250 1 0.540625 0.556250 1 0.528125 0.608333 1 0.537500 0.614583 1 0.539062 0.668750 1 0.526563 0.662500 1
0 0.653984 0.501583 0.016937 0.090333 0.000000 0.000000 0 0.000000 0.000000 0 0.000000 0.000000 0 0.000000 0.000000 0 0.000000 0.000000 0 0.000000 0.000000 0 0.000000 0.000000 0 0.000000 0.000000 0 0.000000 0.000000 0 0.000000 0.000000 0 0.000000 0.000000 0 0.000000 0.000000 0 0.000000 0.000000 0 0.000000 0.000000 0 0.000000 0.000000 0 0.000000 0.000000 0 0.000000 0.000000 0
0 0.366016 0.614521 0.040969 0.145167 0.000000 0.000000 0 0.000000 0.000000 0 0.000000 0.000000 0 0.000000 0.000000 0 0.000000 0.000000 0 0.000000 0.000000 0 0.000000 0.000000 0 0.000000 0.000000 0 0.000000 0.000000 0 0.000000 0.000000 0 0.000000 0.000000 0 0.000000 0.000000 0 0.000000 0.000000 0 0.000000 0.000000 0 0.000000 0.000000 0 0.000000 0.000000 0 0.000000 0.000000 0
0 0.969836 0.512448 0.023141 0.109688 0.000000 0.000000 0 0.000000 0.000000 0 0.000000 0.000000 0 0.000000 0.000000 0 0.000000 0.000000 0 0.000000 0.000000 0 0.000000 0.000000 0 0.000000 0.000000 0 0.000000 0.000000 0 0.000000 0.000000 0 0.000000 0.000000 0 0.000000 0.000000 0 0.000000 0.000000 0 0.000000 0.000000 0 0.000000 0.000000 0 0.000000 0.000000 0 0.000000 0.000000 0