0 0.508925 0.792133 0.189165 0.370797 0.498956 0.632812 1 0.507307 0.623437 1 0.488518 0.625000 1 0.526096 0.632812 1 0.475992 0.629687 1 0.553236 0.670312 1 0.465553 0.673438 1 0.590814 0.712500 1 0.432150 0.720313 1 0.561587 0.756250 1 0.469729 0.759375 1 0.553236 0.785937 1 0.488518 0.790625 1 0.559499 0.868750 1 0.494781 0.868750 1 0.559499 0.953125 1 0.503132 0.953125 1
0 0.292933 0.673305 0.064071 0.111859 0.000000 0.000000 0 0.000000 0.000000 0 0.000000 0.000000 0 0.000000 0.000000 0 0.000000 0.000000 0 0.279749 0.639062 1 0.300626 0.639062 1 0.271399 0.656250 1 0.308977 0.654687 1 0.267223 0.670312 1 0.313152 0.671875 1 0.286013 0.673438 1 0.300626 0.673438 1 0.290188 0.700000 1 0.296451 0.698438 1 0.292276 0.718750 1 0.296451 0.717187 1
0 0.803779 0.765383 0.163758 0.280141 0.000000 0.000000 0 0.000000 0.000000 0 0.000000 0.000000 0 0.782881 0.646875 1 0.000000 0.000000 0 0.774530 0.675000 1 0.832985 0.678125 1 0.759916 0.734375 1 0.849687 0.729688 1 0.745303 0.771875 1 0.847599 0.754687 1 0.772443 0.762500 1 0.828810 0.760938 1 0.778706 0.817187 1 0.826722 0.817187 1 0.782881 0.868750 1 0.851775 0.856250 1
0 0.082808 0.705250 0.059729 0.158281 0.000000 0.000000 0 0.000000 0.000000 0 0.000000 0.000000 0 0.000000 0.000000 0 0.091858 0.639062 1 0.064718 0.651563 1 0.083507 0.656250 1 0.079332 0.670312 1 0.091858 0.673438 1 0.089770 0.657813 1 0.100209 0.665625 1 0.075157 0.690625 1 0.089770 0.690625 1 0.075157 0.729688 1 0.085595 0.728125 1 0.075157 0.771875 1 0.081420 0.771875 1
0 0.386159 0.634227 0.048142 0.078734 0.000000 0.000000 0 0.000000 0.000000 0 0.000000 0.000000 0 0.000000 0.000000 0 0.000000 0.000000 0 0.000000 0.000000 0 0.000000 0.000000 0 0.000000 0.000000 0 0.000000 0.000000 0 0.000000 0.000000 0 0.000000 0.000000 0 0.000000 0.000000 0 0.000000 0.000000 0 0.000000 0.000000 0 0.000000 0.000000 0 0.000000 0.000000 0 0.000000 0.000000 0
0 0.415438 0.626055 0.025031 0.061766 0.000000 0.000000 0 0.000000 0.000000 0 0.000000 0.000000 0 0.000000 0.000000 0 0.000000 0.000000 0 0.000000 0.000000 0 0.000000 0.000000 0 0.000000 0.000000 0 0.000000 0.000000 0 0.000000 0.000000 0 0.000000 0.000000 0 0.000000 0.000000 0 0.000000 0.000000 0 0.000000 0.000000 0 0.000000 0.000000 0 0.000000 0.000000 0 0.000000 0.000000 0
0 0.309739 0.598906 0.013466 0.015125 0.000000 0.000000 0 0.000000 0.000000 0 0.000000 0.000000 0 0.000000 0.000000 0 0.000000 0.000000 0 0.000000 0.000000 0 0.000000 0.000000 0 0.000000 0.000000 0 0.000000 0.000000 0 0.000000 0.000000 0 0.000000 0.000000 0 0.000000 0.000000 0 0.000000 0.000000 0 0.000000 0.000000 0 0.000000 0.000000 0 0.000000 0.000000 0 0.000000 0.000000 0
0 0.636336 0.705305 0.109415 0.191984 0.636743 0.629687 1 0.640919 0.628125 1 0.632568 0.628125 1 0.000000 0.000000 0 0.624217 0.629687 1 0.659708 0.654687 1 0.607516 0.651563 1 0.670146 0.682813 1 0.590814 0.670312 1 0.678497 0.707812 1 0.613779 0.667188 1 0.649269 0.701562 1 0.620042 0.700000 1 0.651357 0.746875 1 0.620042 0.748437 1 0.653445 0.789062 1 0.624217 0.789062 1
0 0.238591 0.676477 0.088789 0.143734 0.000000 0.000000 0 0.000000 0.000000 0 0.000000 0.000000 0 0.227557 0.626563 1 0.246347 0.628125 1 0.215031 0.643750 1 0.260960 0.643750 1 0.200418 0.656250 1 0.265136 0.656250 1 0.000000 0.000000 0 0.000000 0.000000 0 0.219207 0.675000 1 0.246347 0.673438 1 0.225470 0.706250 1 0.237996 0.707812 1 0.231733 0.734375 1 0.235908 0.734375 1
0 0.165303 0.680414 0.057203 0.140672 0.000000 0.000000 0 0.000000 0.000000 0 0.000000 0.000000 0 0.000000 0.000000 0 0.000000 0.000000 0 0.146138 0.635938 1 0.169102 0.635938 1 0.000000 0.000000 0 0.181628 0.659375 1 0.000000 0.000000 0 0.192067 0.676562 1 0.150313 0.682813 1 0.171190 0.681250 1 0.154489 0.706250 1 0.169102 0.707812 1 0.162839 0.732812 1 0.162839 0.739062 1
0 0.037495 0.735242 0.072443 0.277453 0.008351 0.625000 1 0.014614 0.621875 1 0.004175 0.621875 1 0.022965 0.623437 1 0.000000 0.000000 0 0.000000 0.000000 0 0.000000 0.000000 0 0.000000 0.000000 0 0.000000 0.000000 0 0.000000 0.000000 0 0.012526 0.720313 1 0.000000 0.000000 0 0.000000 0.000000 0 0.000000 0.000000 0 0.000000 0.000000 0 0.025052 0.839063 1 0.000000 0.000000 0
0 0.307578 0.626648 0.028476 0.050953 0.000000 0.000000 0 0.000000 0.000000 0 0.000000 0.000000 0 0.000000 0.000000 0 0.000000 0.000000 0 0.000000 0.000000 0 0.000000 0.000000 0 0.000000 0.000000 0 0.000000 0.000000 0 0.000000 0.000000 0 0.000000 0.000000 0 0.000000 0.000000 0 0.000000 0.000000 0 0.000000 0.000000 0 0.000000 0.000000 0 0.000000 0.000000 0 0.000000 0.000000 0
0 0.373507 0.637312 0.013361 0.033719 0.000000 0.000000 0 0.000000 0.000000 0 0.000000 0.000000 0 0.000000 0.000000 0 0.000000 0.000000 0 0.000000 0.000000 0 0.000000 0.000000 0 0.000000 0.000000 0 0.000000 0.000000 0 0.000000 0.000000 0 0.000000 0.000000 0 0.000000 0.000000 0 0.000000 0.000000 0 0.000000 0.000000 0 0.000000 0.000000 0 0.000000 0.000000 0 0.000000 0.000000 0