0 0.096914 0.623594 0.187078 0.725854 0.000000 0.000000 0 0.000000 0.000000 0 0.000000 0.000000 0 0.000000 0.000000 0 0.092188 0.350000 1 0.000000 0.000000 0 0.034375 0.458333 1 0.000000 0.000000 0 0.095312 0.670833 1 0.000000 0.000000 0 0.150000 0.827083 1 0.000000 0.000000 0 0.031250 0.879167 1 0.000000 0.000000 0 0.000000 0.000000 0 0.000000 0.000000 0 0.000000 0.000000 0
0 0.212508 0.145437 0.088047 0.167250 0.201563 0.104167 1 0.206250 0.093750 1 0.195312 0.095833 1 0.000000 0.000000 0 0.185938 0.102083 1 0.229687 0.137500 1 0.176563 0.143750 1 0.248438 0.189583 1 0.171875 0.187500 1 0.234375 0.218750 1 0.000000 0.000000 0 0.225000 0.233333 1 0.184375 0.233333 1 0.000000 0.000000 0 0.000000 0.000000 0 0.000000 0.000000 0 0.000000 0.000000 0
0 0.505219 0.201771 0.055906 0.099542 0.000000 0.000000 0 0.000000 0.000000 0 0.000000 0.000000 0 0.000000 0.000000 0 0.000000 0.000000 0 0.000000 0.000000 0 0.000000 0.000000 0 0.000000 0.000000 0 0.000000 0.000000 0 0.000000 0.000000 0 0.000000 0.000000 0 0.000000 0.000000 0 0.000000 0.000000 0 0.000000 0.000000 0 0.000000 0.000000 0 0.000000 0.000000 0 0.000000 0.000000 0
0 0.838523 0.222375 0.058297 0.075417 0.000000 0.000000 0 0.000000 0.000000 0 0.000000 0.000000 0 0.000000 0.000000 0 0.000000 0.000000 0 0.000000 0.000000 0 0.000000 0.000000 0 0.000000 0.000000 0 0.000000 0.000000 0 0.000000 0.000000 0 0.000000 0.000000 0 0.000000 0.000000 0 0.000000 0.000000 0 0.000000 0.000000 0 0.000000 0.000000 0 0.000000 0.000000 0 0.000000 0.000000 0
0 0.899180 0.214281 0.055828 0.084229 0.000000 0.000000 0 0.000000 0.000000 0 0.000000 0.000000 0 0.000000 0.000000 0 0.000000 0.000000 0 0.000000 0.000000 0 0.000000 0.000000 0 0.000000 0.000000 0 0.000000 0.000000 0 0.000000 0.000000 0 0.000000 0.000000 0 0.000000 0.000000 0 0.000000 0.000000 0 0.000000 0.000000 0 0.000000 0.000000 0 0.000000 0.000000 0 0.000000 0.000000 0
0 0.029102 0.147271 0.058203 0.138792 0.031250 0.108333 1 0.035937 0.102083 1 0.026562 0.102083 1 0.037500 0.110417 1 0.015625 0.108333 1 0.050000 0.141667 1 0.003125 0.141667 1 0.054688 0.195833 1 0.001563 0.187500 1 0.045312 0.160417 1 0.020313 0.162500 1 0.037500 0.216667 1 0.017188 0.214583 1 0.000000 0.000000 0 0.000000 0.000000 0 0.000000 0.000000 0 0.000000 0.000000 0
0 0.139250 0.157938 0.087563 0.144375 0.145313 0.114583 1 0.148438 0.110417 1 0.140625 0.110417 1 0.000000 0.000000 0 0.126562 0.116667 1 0.157812 0.158333 1 0.106250 0.154167 1 0.171875 0.197917 1 0.095312 0.197917 1 0.171875 0.214583 1 0.117188 0.214583 1 0.000000 0.000000 0 0.000000 0.000000 0 0.000000 0.000000 0 0.000000 0.000000 0 0.000000 0.000000 0 0.000000 0.000000 0
0 0.307797 0.164833 0.078938 0.164750 0.306250 0.116667 1 0.310937 0.112500 1 0.301563 0.112500 1 0.000000 0.000000 0 0.290625 0.118750 1 0.314063 0.156250 1 0.273438 0.154167 1 0.317188 0.210417 1 0.278125 0.210417 1 0.331250 0.225000 1 0.304688 0.227083 1 0.000000 0.000000 0 0.000000 0.000000 0 0.000000 0.000000 0 0.000000 0.000000 0 0.000000 0.000000 0 0.000000 0.000000 0
0 0.363445 0.174354 0.100297 0.156292 0.353125 0.129167 1 0.356250 0.120833 1 0.346875 0.120833 1 0.000000 0.000000 0 0.337500 0.120833 1 0.362500 0.158333 1 0.323437 0.152083 1 0.371875 0.206250 1 0.326562 0.195833 1 0.393750 0.233333 1 0.345313 0.229167 1 0.367188 0.247917 1 0.339062 0.250000 1 0.000000 0.000000 0 0.000000 0.000000 0 0.000000 0.000000 0 0.000000 0.000000 0
0 0.655539 0.209604 0.036922 0.093042 0.000000 0.000000 0 0.000000 0.000000 0 0.000000 0.000000 0 0.000000 0.000000 0 0.000000 0.000000 0 0.000000 0.000000 0 0.000000 0.000000 0 0.000000 0.000000 0 0.000000 0.000000 0 0.000000 0.000000 0 0.000000 0.000000 0 0.000000 0.000000 0 0.000000 0.000000 0 0.000000 0.000000 0 0.000000 0.000000 0 0.000000 0.000000 0 0.000000 0.000000 0
0 0.451289 0.186646 0.053297 0.109917 0.467187 0.160417 1 0.471875 0.154167 1 0.462500 0.154167 1 0.000000 0.000000 0 0.453125 0.154167 1 0.471875 0.195833 1 0.437500 0.181250 1 0.473438 0.235417 1 0.446875 0.231250 1 0.460938 0.239583 1 0.464062 0.225000 1 0.000000 0.000000 0 0.000000 0.000000 0 0.000000 0.000000 0 0.000000 0.000000 0 0.000000 0.000000 0 0.000000 0.000000 0
0 0.477273 0.585719 0.210391 0.574021 0.498437 0.358333 1 0.503125 0.347917 1 0.493750 0.347917 1 0.000000 0.000000 0 0.471875 0.345833 1 0.501563 0.408333 1 0.450000 0.400000 1 0.454688 0.483333 1 0.432812 0.468750 1 0.406250 0.510417 1 0.398438 0.495833 1 0.500000 0.577083 1 0.448437 0.570833 1 0.546875 0.695833 1 0.423438 0.700000 1 0.550000 0.785417 1 0.404687 0.808333 1