0 0.935273 0.720094 0.129453 0.296521 0.929688 0.612500 1 0.932813 0.606250 1 0.000000 0.000000 0 0.950000 0.606250 1 0.000000 0.000000 0 0.959375 0.645833 1 0.973437 0.627083 1 0.931250 0.693750 1 0.000000 0.000000 0 0.890625 0.712500 1 0.000000 0.000000 0 0.000000 0.000000 0 0.000000 0.000000 0 0.960938 0.760417 1 0.978125 0.737500 1 0.982812 0.843750 1 0.000000 0.000000 0
0 0.635344 0.655552 0.177031 0.315979 0.621875 0.537500 1 0.628125 0.533333 1 0.000000 0.000000 0 0.643750 0.533333 1 0.000000 0.000000 0 0.662500 0.570833 1 0.628125 0.527083 1 0.656250 0.627083 1 0.606250 0.562500 1 0.639062 0.620833 1 0.607812 0.602083 1 0.646875 0.652083 1 0.621875 0.650000 1 0.653125 0.725000 1 0.595313 0.704167 1 0.700000 0.775000 1 0.567187 0.775000 1
0 0.964586 0.144458 0.070828 0.203667 0.964063 0.068750 1 0.967187 0.066667 1 0.960938 0.066667 1 0.976562 0.066667 1 0.000000 0.000000 0 0.981250 0.093750 1 0.951562 0.089583 1 0.965625 0.118750 1 0.932813 0.112500 1 0.945312 0.106250 1 0.954688 0.110417 1 0.984375 0.166667 1 0.964063 0.166667 1 0.989062 0.231250 1 0.960938 0.231250 1 0.000000 0.000000 0 0.000000 0.000000 0
0 0.918797 0.149000 0.077812 0.179750 0.910937 0.083333 1 0.917188 0.077083 1 0.909375 0.079167 1 0.923438 0.077083 1 0.000000 0.000000 0 0.929688 0.089583 1 0.904687 0.089583 1 0.912500 0.108333 1 0.885938 0.106250 1 0.896875 0.097917 1 0.909375 0.108333 1 0.950000 0.162500 1 0.926562 0.162500 1 0.954688 0.220833 1 0.915625 0.216667 1 0.000000 0.000000 0 0.000000 0.000000 0
0 0.842000 0.062271 0.045063 0.064875 0.000000 0.000000 0 0.000000 0.000000 0 0.000000 0.000000 0 0.000000 0.000000 0 0.000000 0.000000 0 0.000000 0.000000 0 0.000000 0.000000 0 0.000000 0.000000 0 0.000000 0.000000 0 0.000000 0.000000 0 0.000000 0.000000 0 0.000000 0.000000 0 0.000000 0.000000 0 0.000000 0.000000 0 0.000000 0.000000 0 0.000000 0.000000 0 0.000000 0.000000 0
0 0.803367 0.130479 0.080984 0.192208 0.801562 0.060417 1 0.806250 0.054167 1 0.800000 0.054167 1 0.814063 0.054167 1 0.000000 0.000000 0 0.820312 0.072917 1 0.796875 0.075000 1 0.807813 0.083333 1 0.770312 0.075000 1 0.792188 0.083333 1 0.779687 0.083333 1 0.820312 0.143750 1 0.804688 0.141667 1 0.820312 0.158333 1 0.776563 0.147917 1 0.826562 0.210417 1 0.793750 0.193750 1
0 0.741180 0.118563 0.086797 0.185958 0.748437 0.052083 1 0.751563 0.047917 1 0.745313 0.047917 1 0.759375 0.047917 1 0.000000 0.000000 0 0.764062 0.064583 1 0.737500 0.064583 1 0.762500 0.075000 1 0.717187 0.066667 1 0.742188 0.079167 1 0.703125 0.068750 1 0.773438 0.129167 1 0.748437 0.141667 1 0.771875 0.147917 1 0.746875 0.195833 1 0.000000 0.000000 0 0.000000 0.000000 0
0 0.687828 0.110000 0.066312 0.181792 0.687500 0.045833 1 0.690625 0.041667 1 0.682813 0.041667 1 0.696875 0.041667 1 0.679688 0.041667 1 0.701562 0.056250 1 0.673438 0.056250 1 0.689063 0.072917 1 0.659375 0.068750 1 0.673438 0.062500 1 0.000000 0.000000 0 0.703125 0.125000 1 0.682813 0.125000 1 0.704688 0.181250 1 0.678125 0.177083 1 0.000000 0.000000 0 0.000000 0.000000 0
0 0.808461 0.765375 0.181516 0.212708 0.814063 0.691667 1 0.818750 0.689583 1 0.000000 0.000000 0 0.831250 0.689583 1 0.000000 0.000000 0 0.831250 0.714583 1 0.865625 0.706250 1 0.770312 0.729167 1 0.000000 0.000000 0 0.745313 0.714583 1 0.000000 0.000000 0 0.857812 0.831250 1 0.882812 0.829167 1 0.790625 0.791667 1 0.000000 0.000000 0 0.810937 0.843750 1 0.881250 0.831250 1
0 0.878359 0.139552 0.082094 0.184479 0.870313 0.070833 1 0.873437 0.066667 1 0.867188 0.066667 1 0.881250 0.068750 1 0.000000 0.000000 0 0.887500 0.083333 1 0.864062 0.085417 1 0.871875 0.116667 1 0.840625 0.102083 1 0.854688 0.135417 1 0.864062 0.097917 1 0.900000 0.141667 1 0.881250 0.141667 1 0.000000 0.000000 0 0.000000 0.000000 0 0.000000 0.000000 0 0.000000 0.000000 0
0 0.642305 0.099375 0.078203 0.182458 0.632812 0.043750 1 0.637500 0.039583 1 0.629687 0.041667 1 0.645312 0.037500 1 0.000000 0.000000 0 0.653125 0.050000 1 0.629687 0.047917 1 0.640625 0.072917 1 0.609375 0.062500 1 0.628125 0.058333 1 0.635938 0.062500 1 0.662500 0.122917 1 0.642188 0.120833 1 0.670312 0.168750 1 0.631250 0.137500 1 0.000000 0.000000 0 0.643750 0.177083 1
0 0.400516 0.074042 0.066437 0.148083 0.000000 0.000000 0 0.000000 0.000000 0 0.000000 0.000000 0 0.000000 0.000000 0 0.000000 0.000000 0 0.000000 0.000000 0 0.000000 0.000000 0 0.425000 0.014583 1 0.376563 0.012500 1 0.423438 0.041667 1 0.403125 0.041667 1 0.415625 0.047917 1 0.401562 0.050000 1 0.415625 0.093750 1 0.409375 0.083333 1 0.415625 0.145833 1 0.423438 0.137500 1
0 0.516500 0.052604 0.059219 0.092000 0.000000 0.000000 0 0.000000 0.000000 0 0.000000 0.000000 0 0.000000 0.000000 0 0.000000 0.000000 0 0.000000 0.000000 0 0.000000 0.000000 0 0.000000 0.000000 0 0.000000 0.000000 0 0.000000 0.000000 0 0.000000 0.000000 0 0.000000 0.000000 0 0.000000 0.000000 0 0.000000 0.000000 0 0.000000 0.000000 0 0.000000 0.000000 0 0.000000 0.000000 0