0 0.378820 0.603271 0.171109 0.568250 0.387500 0.377083 1 0.387500 0.366667 1 0.379688 0.366667 1 0.000000 0.000000 0 0.357812 0.360417 1 0.401562 0.437500 1 0.339062 0.425000 1 0.421875 0.508333 1 0.310937 0.493750 1 0.429688 0.495833 1 0.356250 0.531250 1 0.403125 0.597917 1 0.356250 0.602083 1 0.409375 0.725000 1 0.343750 0.729167 1 0.407813 0.800000 1 0.340625 0.804167 1
0 0.682430 0.593000 0.107859 0.426958 0.665625 0.420833 1 0.671875 0.412500 1 0.662500 0.410417 1 0.000000 0.000000 0 0.000000 0.000000 0 0.706250 0.458333 1 0.665625 0.454167 1 0.717187 0.545833 1 0.651563 0.525000 1 0.710938 0.600000 1 0.637500 0.564583 1 0.676562 0.608333 1 0.651563 0.606250 1 0.695312 0.679167 1 0.659375 0.668750 1 0.715625 0.766667 1 0.657813 0.733333 1
0 0.745656 0.548240 0.067250 0.327729 0.000000 0.000000 0 0.742188 0.435417 1 0.735938 0.435417 1 0.000000 0.000000 0 0.000000 0.000000 0 0.754687 0.450000 1 0.712500 0.443750 1 0.770312 0.491667 1 0.000000 0.000000 0 0.764062 0.531250 1 0.000000 0.000000 0 0.742188 0.545833 1 0.718750 0.545833 1 0.731250 0.627083 1 0.715625 0.627083 1 0.742188 0.681250 1 0.717187 0.670833 1
0 0.912266 0.513823 0.107594 0.335729 0.000000 0.000000 0 0.000000 0.000000 0 0.000000 0.000000 0 0.000000 0.000000 0 0.918750 0.385417 1 0.892188 0.416667 1 0.907813 0.429167 1 0.000000 0.000000 0 0.935937 0.460417 1 0.000000 0.000000 0 0.946875 0.447917 1 0.892188 0.543750 1 0.910937 0.562500 1 0.000000 0.000000 0 0.000000 0.000000 0 0.000000 0.000000 0 0.000000 0.000000 0
0 0.916289 0.758427 0.167422 0.460688 0.000000 0.000000 0 0.000000 0.000000 0 0.000000 0.000000 0 0.000000 0.000000 0 0.000000 0.000000 0 0.951562 0.610417 1 0.000000 0.000000 0 0.887500 0.858333 1 0.000000 0.000000 0 0.000000 0.000000 0 0.000000 0.000000 0 0.000000 0.000000 0 0.000000 0.000000 0 0.000000 0.000000 0 0.000000 0.000000 0 0.000000 0.000000 0 0.000000 0.000000 0
0 0.586172 0.492552 0.046281 0.151479 0.595313 0.433333 1 0.596875 0.431250 1 0.593750 0.431250 1 0.000000 0.000000 0 0.000000 0.000000 0 0.596875 0.447917 1 0.578125 0.443750 1 0.596875 0.466667 1 0.570312 0.462500 1 0.601562 0.475000 1 0.573438 0.475000 1 0.590625 0.491667 1 0.581250 0.491667 1 0.589063 0.518750 1 0.578125 0.516667 1 0.590625 0.545833 1 0.571875 0.545833 1
0 0.832453 0.468156 0.070250 0.180938 0.820312 0.400000 1 0.000000 0.000000 0 0.000000 0.000000 0 0.000000 0.000000 0 0.000000 0.000000 0 0.840625 0.408333 1 0.812500 0.410417 1 0.857812 0.422917 1 0.801562 0.433333 1 0.867188 0.435417 1 0.801562 0.450000 1 0.832812 0.466667 1 0.817187 0.464583 1 0.828125 0.508333 1 0.814063 0.504167 1 0.818750 0.543750 1 0.806250 0.545833 1
0 0.492844 0.513625 0.041531 0.131542 0.000000 0.000000 0 0.000000 0.000000 0 0.000000 0.000000 0 0.000000 0.000000 0 0.000000 0.000000 0 0.000000 0.000000 0 0.000000 0.000000 0 0.000000 0.000000 0 0.000000 0.000000 0 0.000000 0.000000 0 0.000000 0.000000 0 0.000000 0.000000 0 0.000000 0.000000 0 0.000000 0.000000 0 0.000000 0.000000 0 0.000000 0.000000 0 0.000000 0.000000 0
0 0.469969 0.495281 0.022750 0.085188 0.000000 0.000000 0 0.000000 0.000000 0 0.000000 0.000000 0 0.000000 0.000000 0 0.000000 0.000000 0 0.000000 0.000000 0 0.000000 0.000000 0 0.000000 0.000000 0 0.000000 0.000000 0 0.000000 0.000000 0 0.000000 0.000000 0 0.000000 0.000000 0 0.000000 0.000000 0 0.000000 0.000000 0 0.000000 0.000000 0 0.000000 0.000000 0 0.000000 0.000000 0
0 0.513727 0.491063 0.040453 0.111875 0.000000 0.000000 0 0.000000 0.000000 0 0.000000 0.000000 0 0.000000 0.000000 0 0.000000 0.000000 0 0.000000 0.000000 0 0.000000 0.000000 0 0.000000 0.000000 0 0.000000 0.000000 0 0.000000 0.000000 0 0.000000 0.000000 0 0.000000 0.000000 0 0.000000 0.000000 0 0.000000 0.000000 0 0.000000 0.000000 0 0.000000 0.000000 0 0.000000 0.000000 0
0 0.779758 0.479385 0.039359 0.170187 0.000000 0.000000 0 0.000000 0.000000 0 0.000000 0.000000 0 0.000000 0.000000 0 0.000000 0.000000 0 0.000000 0.000000 0 0.000000 0.000000 0 0.000000 0.000000 0 0.000000 0.000000 0 0.000000 0.000000 0 0.000000 0.000000 0 0.000000 0.000000 0 0.000000 0.000000 0 0.000000 0.000000 0 0.000000 0.000000 0 0.000000 0.000000 0 0.000000 0.000000 0
0 0.931555 0.453094 0.136891 0.281813 0.945312 0.391667 1 0.000000 0.000000 0 0.957812 0.379167 1 0.000000 0.000000 0 0.990625 0.379167 1 0.964063 0.464583 1 0.900000 0.416667 1 0.948438 0.547917 1 0.934375 0.464583 1 0.904687 0.566667 1 0.950000 0.443750 1 0.873437 0.541667 1 0.901563 0.539583 1 0.876563 0.618750 1 0.893750 0.627083 1 0.000000 0.000000 0 0.000000 0.000000 0
0 0.631633 0.487375 0.042828 0.122417 0.000000 0.000000 0 0.000000 0.000000 0 0.000000 0.000000 0 0.000000 0.000000 0 0.000000 0.000000 0 0.000000 0.000000 0 0.000000 0.000000 0 0.000000 0.000000 0 0.000000 0.000000 0 0.000000 0.000000 0 0.000000 0.000000 0 0.000000 0.000000 0 0.000000 0.000000 0 0.000000 0.000000 0 0.000000 0.000000 0 0.000000 0.000000 0 0.000000 0.000000 0