0 0.752540 0.597627 0.367400 0.686240 0.670000 0.328000 1 0.662000 0.312000 1 0.654000 0.314667 1 0.000000 0.000000 0 0.626000 0.336000 1 0.688000 0.394667 1 0.594000 0.429333 1 0.750000 0.450667 1 0.656000 0.474667 1 0.690000 0.474667 1 0.654000 0.389333 1 0.754000 0.613333 1 0.668000 0.640000 1 0.848000 0.666667 1 0.746000 0.674667 1 0.862000 0.834667 1 0.836000 0.869333 1
0 0.709550 0.206893 0.091020 0.395493 0.722000 0.053333 1 0.728000 0.042667 1 0.716000 0.045333 1 0.000000 0.000000 0 0.700000 0.048000 1 0.736000 0.104000 1 0.678000 0.106667 1 0.742000 0.154667 1 0.672000 0.162667 1 0.740000 0.210667 1 0.674000 0.253333 1 0.728000 0.229333 1 0.698000 0.232000 1 0.720000 0.336000 1 0.714000 0.338667 1 0.668000 0.402667 1 0.724000 0.424000 1
0 0.554670 0.153773 0.061740 0.243120 0.548000 0.048000 1 0.552000 0.045333 1 0.544000 0.045333 1 0.000000 0.000000 0 0.536000 0.050667 1 0.552000 0.080000 1 0.532000 0.082667 1 0.564000 0.125333 1 0.544000 0.101333 1 0.574000 0.146667 1 0.546000 0.074667 1 0.554000 0.149333 1 0.534000 0.149333 1 0.564000 0.202667 1 0.534000 0.208000 1 0.558000 0.258667 1 0.532000 0.264000 1
0 0.980570 0.550667 0.038860 0.459467 0.000000 0.000000 0 0.000000 0.000000 0 0.000000 0.000000 0 0.000000 0.000000 0 0.000000 0.000000 0 0.986000 0.432000 1 0.000000 0.000000 0 0.966000 0.474667 1 0.000000 0.000000 0 0.000000 0.000000 0 0.000000 0.000000 0 0.992000 0.562667 1 0.000000 0.000000 0 0.000000 0.000000 0 0.000000 0.000000 0 0.992000 0.722667 1 0.000000 0.000000 0
0 0.455810 0.140227 0.042180 0.232187 0.000000 0.000000 0 0.000000 0.000000 0 0.000000 0.000000 0 0.000000 0.000000 0 0.000000 0.000000 0 0.000000 0.000000 0 0.000000 0.000000 0 0.000000 0.000000 0 0.000000 0.000000 0 0.000000 0.000000 0 0.000000 0.000000 0 0.000000 0.000000 0 0.000000 0.000000 0 0.000000 0.000000 0 0.000000 0.000000 0 0.000000 0.000000 0 0.000000 0.000000 0
0 0.858030 0.184840 0.059380 0.195120 0.844000 0.112000 1 0.848000 0.106667 1 0.000000 0.000000 0 0.860000 0.109333 1 0.000000 0.000000 0 0.876000 0.128000 1 0.842000 0.136000 1 0.882000 0.154667 1 0.838000 0.152000 1 0.890000 0.154667 1 0.836000 0.173333 1 0.864000 0.202667 1 0.848000 0.200000 1 0.860000 0.226667 1 0.850000 0.226667 1 0.854000 0.256000 1 0.864000 0.258667 1
0 0.947090 0.190800 0.098540 0.333333 0.000000 0.000000 0 0.000000 0.000000 0 0.000000 0.000000 0 0.942000 0.056000 1 0.958000 0.056000 1 0.936000 0.096000 1 0.972000 0.101333 1 0.926000 0.144000 1 0.974000 0.149333 1 0.908000 0.189333 1 0.982000 0.189333 1 0.938000 0.194667 1 0.962000 0.194667 1 0.938000 0.258667 1 0.946000 0.258667 1 0.980000 0.322667 1 0.930000 0.333333 1
0 0.504380 0.158227 0.089400 0.260133 0.512000 0.053333 1 0.512000 0.045333 1 0.506000 0.048000 1 0.000000 0.000000 0 0.496000 0.053333 1 0.510000 0.074667 1 0.486000 0.077333 1 0.506000 0.109333 1 0.466000 0.112000 1 0.514000 0.130667 1 0.484000 0.138667 1 0.506000 0.160000 1 0.488000 0.162667 1 0.516000 0.210667 1 0.484000 0.213333 1 0.530000 0.274667 1 0.472000 0.269333 1
0 0.042420 0.115493 0.061280 0.167787 0.000000 0.000000 0 0.000000 0.000000 0 0.000000 0.000000 0 0.000000 0.000000 0 0.000000 0.000000 0 0.000000 0.000000 0 0.000000 0.000000 0 0.000000 0.000000 0 0.000000 0.000000 0 0.000000 0.000000 0 0.000000 0.000000 0 0.000000 0.000000 0 0.000000 0.000000 0 0.000000 0.000000 0 0.000000 0.000000 0 0.000000 0.000000 0 0.000000 0.000000 0
0 0.040160 0.235573 0.078800 0.218080 0.036000 0.154667 1 0.040000 0.149333 1 0.032000 0.149333 1 0.046000 0.154667 1 0.028000 0.157333 1 0.056000 0.178667 1 0.028000 0.176000 1 0.050000 0.218667 1 0.000000 0.000000 0 0.000000 0.000000 0 0.000000 0.000000 0 0.052000 0.248000 1 0.036000 0.234667 1 0.014000 0.277333 1 0.002000 0.269333 1 0.026000 0.325333 1 0.014000 0.328000 1
0 0.907160 0.143680 0.061520 0.274880 0.902000 0.037333 1 0.906000 0.029333 1 0.000000 0.000000 0 0.918000 0.034667 1 0.000000 0.000000 0 0.932000 0.066667 1 0.898000 0.069333 1 0.000000 0.000000 0 0.894000 0.101333 1 0.000000 0.000000 0 0.892000 0.138667 1 0.924000 0.138667 1 0.904000 0.136000 1 0.928000 0.202667 1 0.898000 0.202667 1 0.924000 0.258667 1 0.894000 0.264000 1