0 0.156578 0.575483 0.089188 0.305411 0.151562 0.461353 1 0.156250 0.451691 1 0.146875 0.451691 1 0.160938 0.458937 1 0.139063 0.456522 1 0.173437 0.500000 1 0.125000 0.500000 1 0.176563 0.560386 1 0.114062 0.557971 1 0.178125 0.567633 1 0.123438 0.606280 1 0.160938 0.582126 1 0.140625 0.582126 1 0.181250 0.608696 1 0.150000 0.707729 1 0.179688 0.688406 1 0.132812 0.681159 1
0 0.139867 0.510894 0.097641 0.387729 0.137500 0.347826 1 0.140625 0.342995 1 0.131250 0.345411 1 0.151562 0.347826 1 0.125000 0.352657 1 0.162500 0.396135 1 0.120313 0.398551 1 0.185938 0.442029 1 0.103125 0.454106 1 0.175000 0.446860 1 0.128125 0.475845 1 0.157812 0.514493 1 0.121875 0.514493 1 0.162500 0.579710 1 0.118750 0.591787 1 0.167187 0.664251 1 0.118750 0.659420 1
0 0.302555 0.416292 0.089141 0.219976 0.309375 0.345411 1 0.314063 0.338164 1 0.304688 0.338164 1 0.321875 0.347826 1 0.296875 0.338164 1 0.331250 0.393720 1 0.278125 0.384058 1 0.329688 0.463768 1 0.268750 0.449275 1 0.329688 0.446860 1 0.282813 0.478261 1 0.312500 0.500000 1 0.287500 0.497585 1 0.000000 0.000000 0 0.000000 0.000000 0 0.000000 0.000000 0 0.000000 0.000000 0
0 0.660633 0.392983 0.079859 0.174517 0.659375 0.338164 1 0.662500 0.333333 1 0.654687 0.333333 1 0.000000 0.000000 0 0.645312 0.338164 1 0.678125 0.379227 1 0.637500 0.379227 1 0.000000 0.000000 0 0.625000 0.442029 1 0.000000 0.000000 0 0.653125 0.468599 1 0.671875 0.478261 1 0.643750 0.480676 1 0.000000 0.000000 0 0.000000 0.000000 0 0.000000 0.000000 0 0.000000 0.000000 0
0 0.715563 0.381643 0.073937 0.196280 0.712500 0.314010 1 0.717187 0.306763 1 0.707812 0.309179 1 0.725000 0.316425 1 0.700000 0.318841 1 0.732812 0.367150 1 0.687500 0.369565 1 0.748437 0.417874 1 0.685937 0.425121 1 0.737500 0.454106 1 0.692187 0.463768 1 0.728125 0.475845 1 0.696875 0.475845 1 0.000000 0.000000 0 0.000000 0.000000 0 0.000000 0.000000 0 0.000000 0.000000 0
0 0.404242 0.590386 0.072766 0.253333 0.407813 0.497585 1 0.410938 0.487923 1 0.403125 0.490338 1 0.418750 0.487923 1 0.395313 0.483092 1 0.426563 0.521739 1 0.384375 0.533816 1 0.431250 0.567633 1 0.387500 0.584541 1 0.409375 0.594203 1 0.000000 0.000000 0 0.000000 0.000000 0 0.000000 0.000000 0 0.432812 0.603865 1 0.390625 0.685990 1 0.418750 0.681159 1 0.000000 0.000000 0
0 0.463836 0.592923 0.067578 0.240145 0.456250 0.514493 1 0.459375 0.507246 1 0.451562 0.507246 1 0.000000 0.000000 0 0.446875 0.512077 1 0.481250 0.548309 1 0.435937 0.550725 1 0.493750 0.601449 1 0.000000 0.000000 0 0.467187 0.613527 1 0.000000 0.000000 0 0.468750 0.623188 1 0.443750 0.632850 1 0.471875 0.635266 1 0.435937 0.700483 1 0.467187 0.678744 1 0.000000 0.000000 0
0 0.590961 0.571957 0.109484 0.290338 0.573438 0.466184 1 0.579688 0.461353 1 0.568750 0.461353 1 0.585938 0.466184 1 0.562500 0.463768 1 0.596875 0.509662 1 0.556250 0.512077 1 0.607812 0.562802 1 0.548438 0.579710 1 0.607812 0.589372 1 0.565625 0.628019 1 0.604688 0.613527 1 0.570312 0.630435 1 0.635938 0.635266 1 0.576562 0.705314 1 0.607812 0.669082 1 0.556250 0.657005 1
0 0.237039 0.409010 0.064359 0.219324 0.243750 0.330918 1 0.248438 0.326087 1 0.242188 0.323671 1 0.256250 0.328502 1 0.232813 0.326087 1 0.262500 0.384058 1 0.220312 0.379227 1 0.267188 0.451691 1 0.209375 0.439614 1 0.246875 0.473430 1 0.210938 0.490338 1 0.251563 0.504831 1 0.223438 0.500000 1 0.000000 0.000000 0 0.000000 0.000000 0 0.000000 0.000000 0 0.000000 0.000000 0
0 0.425367 0.424324 0.066828 0.235604 0.429688 0.340580 1 0.434375 0.335749 1 0.425000 0.335749 1 0.440625 0.338164 1 0.417187 0.338164 1 0.446875 0.376812 1 0.407813 0.374396 1 0.000000 0.000000 0 0.396875 0.420290 1 0.000000 0.000000 0 0.401562 0.466184 1 0.000000 0.000000 0 0.000000 0.000000 0 0.000000 0.000000 0 0.000000 0.000000 0 0.000000 0.000000 0 0.000000 0.000000 0
0 0.538023 0.403732 0.070672 0.211184 0.537500 0.335749 1 0.542188 0.326087 1 0.531250 0.326087 1 0.548438 0.330918 1 0.528125 0.330918 1 0.564063 0.374396 1 0.514062 0.379227 1 0.564063 0.429952 1 0.510938 0.437198 1 0.559375 0.463768 1 0.517188 0.490338 1 0.553125 0.490338 1 0.526563 0.487923 1 0.000000 0.000000 0 0.000000 0.000000 0 0.000000 0.000000 0 0.000000 0.000000 0
0 0.600047 0.419541 0.054125 0.248744 0.595313 0.326087 1 0.600000 0.321256 1 0.590625 0.321256 1 0.607812 0.323671 1 0.582812 0.326087 1 0.612500 0.369565 1 0.578125 0.374396 1 0.617188 0.408213 1 0.568750 0.415459 1 0.617188 0.429952 1 0.576562 0.458937 1 0.610938 0.475845 1 0.587500 0.480676 1 0.000000 0.000000 0 0.000000 0.000000 0 0.000000 0.000000 0 0.000000 0.000000 0
0 0.360305 0.411739 0.065891 0.228889 0.362500 0.335749 1 0.367188 0.328502 1 0.356250 0.328502 1 0.373437 0.328502 1 0.348438 0.330918 1 0.379688 0.381643 1 0.340625 0.379227 1 0.387500 0.439614 1 0.329688 0.439614 1 0.378125 0.456522 1 0.334375 0.487923 1 0.371875 0.495169 1 0.342187 0.495169 1 0.373437 0.565217 1 0.351562 0.560386 1 0.000000 0.000000 0 0.000000 0.000000 0