0 0.415234 0.896507 0.094406 0.203902 0.395313 0.834112 1 0.401562 0.827103 1 0.000000 0.000000 0 0.426563 0.841121 1 0.000000 0.000000 0 0.410938 0.908879 1 0.454688 0.887850 1 0.000000 0.000000 0 0.000000 0.000000 0 0.000000 0.000000 0 0.000000 0.000000 0 0.000000 0.000000 0 0.000000 0.000000 0 0.000000 0.000000 0 0.000000 0.000000 0 0.000000 0.000000 0 0.000000 0.000000 0
0 0.481148 0.906519 0.051016 0.184860 0.000000 0.000000 0 0.000000 0.000000 0 0.000000 0.000000 0 0.000000 0.000000 0 0.000000 0.000000 0 0.476562 0.810748 1 0.484375 0.810748 1 0.481250 0.880841 1 0.000000 0.000000 0 0.471875 0.932243 1 0.000000 0.000000 0 0.470313 0.953271 1 0.481250 0.950935 1 0.000000 0.000000 0 0.000000 0.000000 0 0.000000 0.000000 0 0.000000 0.000000 0
0 0.308102 0.923984 0.125391 0.152033 0.248438 0.927570 1 0.000000 0.000000 0 0.254688 0.915888 1 0.285938 0.939252 1 0.000000 0.000000 0 0.000000 0.000000 0 0.000000 0.000000 0 0.000000 0.000000 0 0.000000 0.000000 0 0.000000 0.000000 0 0.000000 0.000000 0 0.000000 0.000000 0 0.000000 0.000000 0 0.000000 0.000000 0 0.000000 0.000000 0 0.000000 0.000000 0 0.000000 0.000000 0
0 0.301055 0.808446 0.068328 0.194089 0.287500 0.745327 1 0.293750 0.738318 1 0.287500 0.738318 1 0.303125 0.742991 1 0.000000 0.000000 0 0.290625 0.792056 1 0.321875 0.778037 1 0.270313 0.838785 1 0.328125 0.829439 1 0.273438 0.794393 1 0.328125 0.876168 1 0.298438 0.897196 1 0.323437 0.892523 1 0.000000 0.000000 0 0.000000 0.000000 0 0.000000 0.000000 0 0.000000 0.000000 0
0 0.156273 0.848166 0.104859 0.299696 0.000000 0.000000 0 0.000000 0.000000 0 0.000000 0.000000 0 0.000000 0.000000 0 0.168750 0.750000 1 0.110937 0.813084 1 0.184375 0.815421 1 0.000000 0.000000 0 0.195312 0.901869 1 0.000000 0.000000 0 0.200000 0.962617 1 0.000000 0.000000 0 0.000000 0.000000 0 0.000000 0.000000 0 0.000000 0.000000 0 0.000000 0.000000 0 0.000000 0.000000 0
0 0.204273 0.835549 0.072641 0.327033 0.000000 0.000000 0 0.000000 0.000000 0 0.000000 0.000000 0 0.000000 0.000000 0 0.000000 0.000000 0 0.223438 0.759346 1 0.217188 0.740654 1 0.212500 0.799065 1 0.201563 0.775701 1 0.179688 0.787383 1 0.178125 0.782710 1 0.221875 0.843458 1 0.214062 0.852804 1 0.210938 0.936916 1 0.204687 0.936916 1 0.000000 0.000000 0 0.000000 0.000000 0
0 0.662453 0.850596 0.056656 0.270584 0.664062 0.750000 1 0.667188 0.742991 1 0.660937 0.740654 1 0.678125 0.745327 1 0.000000 0.000000 0 0.678125 0.778037 1 0.664062 0.771028 1 0.651563 0.824766 1 0.664062 0.827103 1 0.643750 0.785047 1 0.656250 0.796729 1 0.665625 0.880841 1 0.653125 0.869159 1 0.651563 0.957944 1 0.650000 0.948598 1 0.000000 0.000000 0 0.000000 0.000000 0
0 0.529000 0.755864 0.041531 0.185514 0.000000 0.000000 0 0.000000 0.000000 0 0.539062 0.679907 1 0.000000 0.000000 0 0.534375 0.679907 1 0.518750 0.698598 1 0.539062 0.703271 1 0.514062 0.721963 1 0.542188 0.728972 1 0.000000 0.000000 0 0.000000 0.000000 0 0.517188 0.759346 1 0.534375 0.764019 1 0.515625 0.799065 1 0.534375 0.794393 1 0.515625 0.834112 1 0.529687 0.829439 1
0 0.985414 0.933470 0.029172 0.131145 0.000000 0.000000 0 0.000000 0.000000 0 0.000000 0.000000 0 0.000000 0.000000 0 0.000000 0.000000 0 0.000000 0.000000 0 0.000000 0.000000 0 0.000000 0.000000 0 0.000000 0.000000 0 0.000000 0.000000 0 0.000000 0.000000 0 0.000000 0.000000 0 0.000000 0.000000 0 0.000000 0.000000 0 0.000000 0.000000 0 0.000000 0.000000 0 0.000000 0.000000 0
0 0.083508 0.720713 0.083172 0.172220 0.000000 0.000000 0 0.000000 0.000000 0 0.000000 0.000000 0 0.073438 0.665888 1 0.095312 0.663551 1 0.057813 0.714953 1 0.109375 0.710280 1 0.045312 0.771028 1 0.117188 0.768692 1 0.000000 0.000000 0 0.000000 0.000000 0 0.065625 0.813084 1 0.107813 0.813084 1 0.000000 0.000000 0 0.000000 0.000000 0 0.000000 0.000000 0 0.000000 0.000000 0
0 0.050531 0.824007 0.101063 0.351986 0.000000 0.000000 0 0.000000 0.000000 0 0.000000 0.000000 0 0.000000 0.000000 0 0.000000 0.000000 0 0.000000 0.000000 0 0.071875 0.801402 1 0.000000 0.000000 0 0.000000 0.000000 0 0.000000 0.000000 0 0.000000 0.000000 0 0.006250 0.983645 1 0.050000 0.978972 1 0.000000 0.000000 0 0.000000 0.000000 0 0.000000 0.000000 0 0.000000 0.000000 0
0 0.135508 0.916741 0.099891 0.166519 0.000000 0.000000 0 0.090625 0.934579 1 0.000000 0.000000 0 0.114062 0.948598 1 0.000000 0.000000 0 0.000000 0.000000 0 0.000000 0.000000 0 0.000000 0.000000 0 0.000000 0.000000 0 0.000000 0.000000 0 0.000000 0.000000 0 0.000000 0.000000 0 0.000000 0.000000 0 0.000000 0.000000 0 0.000000 0.000000 0 0.000000 0.000000 0 0.000000 0.000000 0
0 0.715133 0.929603 0.101453 0.140794 0.690625 0.939252 1 0.703125 0.920561 1 0.685937 0.918224 1 0.731250 0.934579 1 0.000000 0.000000 0 0.751563 0.995327 1 0.681250 0.990654 1 0.000000 0.000000 0 0.000000 0.000000 0 0.000000 0.000000 0 0.000000 0.000000 0 0.000000 0.000000 0 0.000000 0.000000 0 0.000000 0.000000 0 0.000000 0.000000 0 0.000000 0.000000 0 0.000000 0.000000 0