0 0.788594 0.288543 0.012188 0.105276 0.000000 0.000000 0 0.000000 0.000000 0 0.000000 0.000000 0 0.000000 0.000000 0 0.000000 0.000000 0 0.000000 0.000000 0 0.000000 0.000000 0 0.000000 0.000000 0 0.000000 0.000000 0 0.000000 0.000000 0 0.000000 0.000000 0 0.000000 0.000000 0 0.000000 0.000000 0 0.000000 0.000000 0 0.000000 0.000000 0 0.000000 0.000000 0 0.000000 0.000000 0
0 0.523883 0.446339 0.137172 0.624409 0.507812 0.204724 1 0.515625 0.188976 1 0.506250 0.188976 1 0.531250 0.192913 1 0.000000 0.000000 0 0.539062 0.244094 1 0.496875 0.255906 1 0.551562 0.358268 1 0.479687 0.314961 1 0.518750 0.397638 1 0.467187 0.350394 1 0.537500 0.460630 1 0.504687 0.464567 1 0.546875 0.606299 1 0.506250 0.618110 1 0.000000 0.000000 0 0.521875 0.736220 1
0 0.728047 0.606988 0.083125 0.315315 0.743750 0.527559 1 0.746875 0.515748 1 0.740625 0.515748 1 0.000000 0.000000 0 0.729688 0.500000 1 0.748437 0.535433 1 0.710938 0.531496 1 0.000000 0.000000 0 0.715625 0.625984 1 0.754687 0.555118 1 0.737500 0.688976 1 0.729688 0.625984 1 0.706250 0.637795 1 0.753125 0.586614 1 0.728125 0.688976 1 0.750000 0.700787 1 0.707812 0.704724 1
0 0.375711 0.270079 0.126547 0.538346 0.331250 0.039370 1 0.335938 0.023622 1 0.326562 0.023622 1 0.348438 0.035433 1 0.000000 0.000000 0 0.368750 0.094488 1 0.320312 0.098425 1 0.378125 0.181102 1 0.326562 0.200787 1 0.353125 0.228346 1 0.000000 0.000000 0 0.384375 0.240157 1 0.345313 0.236220 1 0.407813 0.318898 1 0.000000 0.000000 0 0.425000 0.448819 1 0.000000 0.000000 0
0 0.164102 0.226969 0.148047 0.449449 0.215625 0.082677 1 0.218750 0.070866 1 0.210938 0.062992 1 0.000000 0.000000 0 0.190625 0.055118 1 0.193750 0.074803 1 0.164062 0.090551 1 0.182812 0.212598 1 0.157812 0.263780 1 0.218750 0.216535 1 0.203125 0.244094 1 0.120313 0.204724 1 0.092188 0.224409 1 0.000000 0.000000 0 0.150000 0.342520 1 0.000000 0.000000 0 0.110937 0.460630 1
0 0.095875 0.500000 0.189969 1.000000 0.101562 0.153543 1 0.000000 0.000000 0 0.100000 0.114173 1 0.000000 0.000000 0 0.064062 0.074803 1 0.064062 0.188976 1 0.000000 0.000000 0 0.079687 0.437008 1 0.000000 0.000000 0 0.148438 0.507874 1 0.000000 0.000000 0 0.089063 0.622047 1 0.009375 0.633858 1 0.110937 0.913386 1 0.021875 0.972441 1 0.000000 0.000000 0 0.000000 0.000000 0
0 0.634734 0.554685 0.085625 0.295827 0.632812 0.476378 1 0.639062 0.468504 1 0.629687 0.464567 1 0.648438 0.464567 1 0.625000 0.460630 1 0.656250 0.480315 1 0.617188 0.488189 1 0.659375 0.519685 1 0.596875 0.598425 1 0.668750 0.527559 1 0.617188 0.649606 1 0.651563 0.590551 1 0.623437 0.594488 1 0.673438 0.555118 1 0.640625 0.618110 1 0.665625 0.661417 1 0.634375 0.661417 1
0 0.782687 0.493917 0.054844 0.245551 0.781250 0.421260 1 0.784375 0.409449 1 0.776563 0.409449 1 0.000000 0.000000 0 0.771875 0.409449 1 0.793750 0.433071 1 0.762500 0.440945 1 0.000000 0.000000 0 0.762500 0.511811 1 0.000000 0.000000 0 0.768750 0.562992 1 0.789062 0.496063 1 0.768750 0.511811 1 0.000000 0.000000 0 0.000000 0.000000 0 0.000000 0.000000 0 0.000000 0.000000 0
0 0.680547 0.390591 0.080781 0.637559 0.707812 0.204724 1 0.000000 0.000000 0 0.703125 0.200787 1 0.000000 0.000000 0 0.693750 0.212598 1 0.704688 0.259843 1 0.687500 0.259843 1 0.682813 0.165354 1 0.678125 0.192913 1 0.667188 0.106299 1 0.662500 0.118110 1 0.701562 0.413386 1 0.685937 0.413386 1 0.684375 0.527559 1 0.679688 0.531496 1 0.676562 0.625984 1 0.664062 0.657480 1
0 0.955672 0.430157 0.088531 0.252283 0.000000 0.000000 0 0.000000 0.000000 0 0.000000 0.000000 0 0.000000 0.000000 0 0.000000 0.000000 0 0.000000 0.000000 0 0.000000 0.000000 0 0.000000 0.000000 0 0.000000 0.000000 0 0.000000 0.000000 0 0.000000 0.000000 0 0.000000 0.000000 0 0.000000 0.000000 0 0.000000 0.000000 0 0.000000 0.000000 0 0.000000 0.000000 0 0.000000 0.000000 0
0 0.931547 0.204488 0.127531 0.346063 0.954688 0.086614 1 0.957812 0.078740 1 0.000000 0.000000 0 0.968750 0.070866 1 0.000000 0.000000 0 0.973437 0.102362 1 0.000000 0.000000 0 0.971875 0.181102 1 0.000000 0.000000 0 0.960938 0.244094 1 0.000000 0.000000 0 0.982812 0.267717 1 0.000000 0.000000 0 0.929688 0.275591 1 0.000000 0.000000 0 0.884375 0.342520 1 0.000000 0.000000 0
0 0.587641 0.297087 0.042469 0.198268 0.000000 0.000000 0 0.000000 0.000000 0 0.000000 0.000000 0 0.000000 0.000000 0 0.000000 0.000000 0 0.000000 0.000000 0 0.000000 0.000000 0 0.000000 0.000000 0 0.000000 0.000000 0 0.000000 0.000000 0 0.000000 0.000000 0 0.000000 0.000000 0 0.000000 0.000000 0 0.000000 0.000000 0 0.000000 0.000000 0 0.000000 0.000000 0 0.000000 0.000000 0
0 0.746422 0.315787 0.015219 0.106220 0.000000 0.000000 0 0.000000 0.000000 0 0.000000 0.000000 0 0.000000 0.000000 0 0.000000 0.000000 0 0.000000 0.000000 0 0.000000 0.000000 0 0.000000 0.000000 0 0.000000 0.000000 0 0.000000 0.000000 0 0.000000 0.000000 0 0.000000 0.000000 0 0.000000 0.000000 0 0.000000 0.000000 0 0.000000 0.000000 0 0.000000 0.000000 0 0.000000 0.000000 0