0 0.755398 0.530031 0.133984 0.285781 0.000000 0.000000 0 0.000000 0.000000 0 0.000000 0.000000 0 0.748437 0.412500 1 0.781250 0.412500 1 0.728125 0.439063 1 0.785937 0.443750 1 0.706250 0.484375 1 0.812500 0.482812 1 0.000000 0.000000 0 0.000000 0.000000 0 0.732812 0.518750 1 0.764062 0.520312 1 0.720313 0.592187 1 0.762500 0.593750 1 0.718750 0.657813 1 0.759375 0.656250 1
0 0.940266 0.458672 0.093969 0.106562 0.000000 0.000000 0 0.000000 0.000000 0 0.000000 0.000000 0 0.926562 0.443750 1 0.960938 0.442188 1 0.915625 0.473438 1 0.968750 0.473438 1 0.900000 0.517188 1 0.000000 0.000000 0 0.000000 0.000000 0 0.000000 0.000000 0 0.000000 0.000000 0 0.000000 0.000000 0 0.000000 0.000000 0 0.000000 0.000000 0 0.000000 0.000000 0 0.000000 0.000000 0
0 0.874508 0.836727 0.045641 0.122891 0.000000 0.000000 0 0.000000 0.000000 0 0.000000 0.000000 0 0.000000 0.000000 0 0.000000 0.000000 0 0.000000 0.000000 0 0.000000 0.000000 0 0.000000 0.000000 0 0.000000 0.000000 0 0.000000 0.000000 0 0.000000 0.000000 0 0.000000 0.000000 0 0.000000 0.000000 0 0.000000 0.000000 0 0.000000 0.000000 0 0.000000 0.000000 0 0.000000 0.000000 0
0 0.669734 0.847891 0.050500 0.115719 0.000000 0.000000 0 0.000000 0.000000 0 0.000000 0.000000 0 0.000000 0.000000 0 0.000000 0.000000 0 0.660937 0.804688 1 0.681250 0.809375 1 0.651563 0.825000 1 0.690625 0.828125 1 0.000000 0.000000 0 0.000000 0.000000 0 0.656250 0.842187 1 0.671875 0.846875 1 0.650000 0.862500 1 0.665625 0.871875 1 0.000000 0.000000 0 0.000000 0.000000 0
0 0.763961 0.895453 0.090109 0.104656 0.754687 0.862500 1 0.000000 0.000000 0 0.754687 0.859375 1 0.000000 0.000000 0 0.748437 0.859375 1 0.731250 0.865625 1 0.734375 0.871875 1 0.000000 0.000000 0 0.737500 0.896875 1 0.000000 0.000000 0 0.754687 0.904687 1 0.726562 0.912500 1 0.729688 0.915625 1 0.764062 0.923438 1 0.751563 0.914062 1 0.000000 0.000000 0 0.740625 0.935937 1
0 0.311234 0.511672 0.155063 0.265156 0.292187 0.421875 1 0.292187 0.415625 1 0.000000 0.000000 0 0.303125 0.410938 1 0.000000 0.000000 0 0.320312 0.428125 1 0.332813 0.420312 1 0.314063 0.471875 1 0.000000 0.000000 0 0.278125 0.471875 1 0.000000 0.000000 0 0.356250 0.501563 1 0.368750 0.487500 1 0.329688 0.559375 1 0.345313 0.562500 1 0.329688 0.615625 1 0.350000 0.615625 1
0 0.525000 0.813500 0.118531 0.292063 0.521875 0.687500 1 0.531250 0.682813 1 0.517188 0.682813 1 0.540625 0.689063 1 0.510938 0.687500 1 0.553125 0.721875 1 0.496875 0.720313 1 0.578125 0.768750 1 0.476562 0.768750 1 0.550000 0.798438 1 0.475000 0.812500 1 0.539062 0.814063 1 0.504687 0.814063 1 0.550000 0.875000 1 0.509375 0.876563 1 0.531250 0.910937 1 0.514062 0.931250 1
0 0.372445 0.119125 0.127516 0.154469 0.000000 0.000000 0 0.000000 0.000000 0 0.000000 0.000000 0 0.000000 0.000000 0 0.000000 0.000000 0 0.384375 0.065625 1 0.367188 0.056250 1 0.396875 0.073438 1 0.348438 0.078125 1 0.423438 0.073438 1 0.362500 0.078125 1 0.356250 0.112500 1 0.342187 0.109375 1 0.367188 0.134375 1 0.339062 0.140625 1 0.378125 0.171875 1 0.320312 0.170313 1
0 0.269164 0.167531 0.129234 0.322063 0.251563 0.042188 1 0.254688 0.035937 1 0.000000 0.000000 0 0.268750 0.035937 1 0.000000 0.000000 0 0.278125 0.067187 1 0.282813 0.056250 1 0.260937 0.125000 1 0.242188 0.089063 1 0.226562 0.146875 1 0.234375 0.053125 1 0.281250 0.176563 1 0.271875 0.167187 1 0.268750 0.243750 1 0.285938 0.246875 1 0.275000 0.310937 1 0.300000 0.307812 1
0 0.804164 0.841148 0.042297 0.119734 0.000000 0.000000 0 0.000000 0.000000 0 0.000000 0.000000 0 0.800000 0.790625 1 0.809375 0.787500 1 0.787500 0.804688 1 0.814063 0.804688 1 0.000000 0.000000 0 0.000000 0.000000 0 0.000000 0.000000 0 0.000000 0.000000 0 0.792188 0.848437 1 0.806250 0.848437 1 0.795312 0.878125 1 0.818750 0.875000 1 0.000000 0.000000 0 0.000000 0.000000 0
0 0.498117 0.690422 0.026016 0.047719 0.000000 0.000000 0 0.000000 0.000000 0 0.000000 0.000000 0 0.000000 0.000000 0 0.000000 0.000000 0 0.000000 0.000000 0 0.000000 0.000000 0 0.000000 0.000000 0 0.000000 0.000000 0 0.000000 0.000000 0 0.000000 0.000000 0 0.000000 0.000000 0 0.000000 0.000000 0 0.000000 0.000000 0 0.000000 0.000000 0 0.000000 0.000000 0 0.000000 0.000000 0
0 0.187500 0.147641 0.078000 0.132281 0.000000 0.000000 0 0.000000 0.000000 0 0.000000 0.000000 0 0.000000 0.000000 0 0.000000 0.000000 0 0.231250 0.106250 1 0.214062 0.100000 1 0.000000 0.000000 0 0.210938 0.117188 1 0.000000 0.000000 0 0.228125 0.121875 1 0.196875 0.126562 1 0.184375 0.120313 1 0.201563 0.164062 1 0.190625 0.162500 1 0.192188 0.195312 1 0.176563 0.196875 1
0 0.545477 0.095172 0.080641 0.188688 0.000000 0.000000 0 0.000000 0.000000 0 0.000000 0.000000 0 0.000000 0.000000 0 0.000000 0.000000 0 0.534375 0.028125 1 0.559375 0.025000 1 0.525000 0.059375 1 0.578125 0.054688 1 0.509375 0.075000 1 0.000000 0.000000 0 0.548438 0.078125 1 0.570312 0.073438 1 0.543750 0.134375 1 0.562500 0.129688 1 0.550000 0.170313 1 0.568750 0.170313 1