0 0.302180 0.541487 0.320141 0.643489 0.321875 0.304450 1 0.328125 0.295082 1 0.314063 0.295082 1 0.000000 0.000000 0 0.293750 0.309133 1 0.342187 0.362998 1 0.268750 0.358314 1 0.400000 0.330211 1 0.214062 0.393443 1 0.439063 0.290398 1 0.170313 0.421546 1 0.306250 0.566745 1 0.262500 0.562061 1 0.317188 0.690867 1 0.239063 0.690867 1 0.331250 0.814988 1 0.210938 0.777518 1
0 0.120211 0.438923 0.024109 0.144543 0.000000 0.000000 0 0.000000 0.000000 0 0.000000 0.000000 0 0.000000 0.000000 0 0.000000 0.000000 0 0.000000 0.000000 0 0.000000 0.000000 0 0.000000 0.000000 0 0.000000 0.000000 0 0.000000 0.000000 0 0.000000 0.000000 0 0.000000 0.000000 0 0.000000 0.000000 0 0.000000 0.000000 0 0.000000 0.000000 0 0.000000 0.000000 0 0.000000 0.000000 0
0 0.130578 0.492037 0.045312 0.189087 0.145313 0.414520 1 0.000000 0.000000 0 0.142187 0.412178 1 0.000000 0.000000 0 0.135937 0.412178 1 0.146875 0.430913 1 0.128125 0.428571 1 0.000000 0.000000 0 0.000000 0.000000 0 0.000000 0.000000 0 0.000000 0.000000 0 0.142187 0.484778 1 0.126562 0.482436 1 0.000000 0.000000 0 0.129688 0.526932 1 0.000000 0.000000 0 0.125000 0.571429 1
0 0.441977 0.471335 0.032797 0.172834 0.000000 0.000000 0 0.000000 0.000000 0 0.000000 0.000000 0 0.000000 0.000000 0 0.000000 0.000000 0 0.000000 0.000000 0 0.000000 0.000000 0 0.000000 0.000000 0 0.000000 0.000000 0 0.000000 0.000000 0 0.000000 0.000000 0 0.000000 0.000000 0 0.000000 0.000000 0 0.000000 0.000000 0 0.000000 0.000000 0 0.000000 0.000000 0 0.000000 0.000000 0
0 0.488945 0.455386 0.035047 0.201546 0.485938 0.374707 1 0.487500 0.367681 1 0.484375 0.367681 1 0.000000 0.000000 0 0.479687 0.372365 1 0.496875 0.393443 1 0.476562 0.393443 1 0.501563 0.423888 1 0.473438 0.426230 1 0.493750 0.409836 1 0.479687 0.449649 1 0.495312 0.447307 1 0.478125 0.447307 1 0.490625 0.494145 1 0.484375 0.496487 1 0.495312 0.538642 1 0.487500 0.540984 1
0 0.517367 0.454977 0.036078 0.149016 0.000000 0.000000 0 0.000000 0.000000 0 0.000000 0.000000 0 0.000000 0.000000 0 0.000000 0.000000 0 0.000000 0.000000 0 0.000000 0.000000 0 0.000000 0.000000 0 0.000000 0.000000 0 0.000000 0.000000 0 0.000000 0.000000 0 0.000000 0.000000 0 0.000000 0.000000 0 0.000000 0.000000 0 0.000000 0.000000 0 0.000000 0.000000 0 0.000000 0.000000 0
0 0.657438 0.528080 0.196406 0.696628 0.620313 0.271663 1 0.628125 0.262295 1 0.610938 0.264637 1 0.632812 0.278689 1 0.595313 0.283372 1 0.650000 0.355972 1 0.589063 0.334895 1 0.700000 0.416862 1 0.578125 0.309133 1 0.723437 0.409836 1 0.585938 0.274005 1 0.656250 0.533958 1 0.601562 0.566745 1 0.681250 0.681499 1 0.646875 0.714286 1 0.681250 0.840749 1 0.603125 0.590164 1
0 0.741820 0.563981 0.134328 0.577190 0.690625 0.337237 1 0.698438 0.327869 1 0.684375 0.330211 1 0.714063 0.337237 1 0.678125 0.341920 1 0.754687 0.395785 1 0.684375 0.433255 1 0.776563 0.473068 1 0.685937 0.494145 1 0.771875 0.550351 1 0.643750 0.505855 1 0.762500 0.583138 1 0.715625 0.580796 1 0.798438 0.718970 1 0.710938 0.658080 1 0.762500 0.629977 1 0.696875 0.805621 1
0 0.817641 0.427951 0.028688 0.114731 0.000000 0.000000 0 0.000000 0.000000 0 0.000000 0.000000 0 0.000000 0.000000 0 0.000000 0.000000 0 0.000000 0.000000 0 0.000000 0.000000 0 0.000000 0.000000 0 0.000000 0.000000 0 0.000000 0.000000 0 0.000000 0.000000 0 0.000000 0.000000 0 0.000000 0.000000 0 0.000000 0.000000 0 0.000000 0.000000 0 0.000000 0.000000 0 0.000000 0.000000 0
0 0.174289 0.347529 0.030266 0.041522 0.000000 0.000000 0 0.000000 0.000000 0 0.000000 0.000000 0 0.000000 0.000000 0 0.000000 0.000000 0 0.000000 0.000000 0 0.000000 0.000000 0 0.000000 0.000000 0 0.000000 0.000000 0 0.000000 0.000000 0 0.000000 0.000000 0 0.000000 0.000000 0 0.000000 0.000000 0 0.000000 0.000000 0 0.000000 0.000000 0 0.000000 0.000000 0 0.000000 0.000000 0
0 0.827055 0.421803 0.022859 0.125105 0.000000 0.000000 0 0.000000 0.000000 0 0.000000 0.000000 0 0.000000 0.000000 0 0.000000 0.000000 0 0.000000 0.000000 0 0.000000 0.000000 0 0.000000 0.000000 0 0.000000 0.000000 0 0.000000 0.000000 0 0.000000 0.000000 0 0.000000 0.000000 0 0.000000 0.000000 0 0.000000 0.000000 0 0.000000 0.000000 0 0.000000 0.000000 0 0.000000 0.000000 0
0 0.165008 0.485773 0.039609 0.201475 0.160938 0.405152 1 0.162500 0.400468 1 0.157812 0.400468 1 0.000000 0.000000 0 0.151562 0.400468 1 0.167187 0.423888 1 0.145313 0.426230 1 0.000000 0.000000 0 0.000000 0.000000 0 0.000000 0.000000 0 0.000000 0.000000 0 0.167187 0.480094 1 0.150000 0.480094 1 0.175000 0.517564 1 0.153125 0.522248 1 0.154688 0.555035 1 0.154688 0.562061 1
0 0.882406 0.429391 0.026406 0.122482 0.000000 0.000000 0 0.000000 0.000000 0 0.000000 0.000000 0 0.000000 0.000000 0 0.000000 0.000000 0 0.000000 0.000000 0 0.000000 0.000000 0 0.000000 0.000000 0 0.000000 0.000000 0 0.000000 0.000000 0 0.000000 0.000000 0 0.000000 0.000000 0 0.000000 0.000000 0 0.000000 0.000000 0 0.000000 0.000000 0 0.000000 0.000000 0 0.000000 0.000000 0