0 0.169625 0.756516 0.119562 0.320281 0.150000 0.651563 1 0.157812 0.639062 1 0.140625 0.642188 1 0.000000 0.000000 0 0.123438 0.646875 1 0.176563 0.692187 1 0.123438 0.695312 1 0.189062 0.729688 1 0.101562 0.717187 1 0.145313 0.739062 1 0.107813 0.723437 1 0.187500 0.765625 1 0.153125 0.767188 1 0.189062 0.815625 1 0.143750 0.818750 1 0.207813 0.890625 1 0.157812 0.859375 1
0 0.545008 0.762625 0.197828 0.350625 0.482812 0.631250 1 0.493750 0.626563 1 0.475000 0.625000 1 0.000000 0.000000 0 0.462500 0.635938 1 0.509375 0.659375 1 0.462500 0.673438 1 0.546875 0.653125 1 0.000000 0.000000 0 0.568750 0.657813 1 0.000000 0.000000 0 0.514062 0.773438 1 0.482812 0.782813 1 0.512500 0.828125 1 0.481250 0.823438 1 0.553125 0.907813 1 0.495312 0.871875 1
0 0.837977 0.265555 0.142672 0.332922 0.820312 0.154688 1 0.826562 0.145313 1 0.806250 0.146875 1 0.837500 0.140625 1 0.787500 0.143750 1 0.853125 0.187500 1 0.796875 0.198437 1 0.870313 0.212500 1 0.784375 0.235937 1 0.898438 0.242188 1 0.798438 0.257812 1 0.843750 0.271875 1 0.807813 0.282813 1 0.843750 0.312500 1 0.795312 0.320312 1 0.854688 0.382812 1 0.785937 0.348438 1
0 0.505633 0.266352 0.167516 0.298172 0.503125 0.173437 1 0.510938 0.164062 1 0.495312 0.165625 1 0.000000 0.000000 0 0.478125 0.165625 1 0.531250 0.203125 1 0.467187 0.209375 1 0.545312 0.245312 1 0.450000 0.243750 1 0.546875 0.276562 1 0.437500 0.278125 1 0.521875 0.284375 1 0.478125 0.290625 1 0.540625 0.320312 1 0.481250 0.354687 1 0.559375 0.362500 1 0.485938 0.387500 1
0 0.159531 0.259094 0.181344 0.321250 0.143750 0.148438 1 0.151562 0.140625 1 0.134375 0.140625 1 0.000000 0.000000 0 0.120313 0.143750 1 0.179688 0.170313 1 0.114062 0.181250 1 0.209375 0.196875 1 0.101562 0.206250 1 0.221875 0.214062 1 0.082812 0.228125 1 0.184375 0.279687 1 0.134375 0.287500 1 0.192188 0.335938 1 0.134375 0.337500 1 0.171875 0.373437 1 0.145313 0.390625 1
0 0.017125 0.602938 0.029094 0.064938 0.000000 0.000000 0 0.000000 0.000000 0 0.000000 0.000000 0 0.000000 0.000000 0 0.000000 0.000000 0 0.000000 0.000000 0 0.000000 0.000000 0 0.000000 0.000000 0 0.000000 0.000000 0 0.000000 0.000000 0 0.000000 0.000000 0 0.000000 0.000000 0 0.000000 0.000000 0 0.000000 0.000000 0 0.000000 0.000000 0 0.000000 0.000000 0 0.000000 0.000000 0
0 0.077836 0.600602 0.046922 0.057234 0.000000 0.000000 0 0.000000 0.000000 0 0.000000 0.000000 0 0.000000 0.000000 0 0.000000 0.000000 0 0.000000 0.000000 0 0.000000 0.000000 0 0.000000 0.000000 0 0.000000 0.000000 0 0.000000 0.000000 0 0.000000 0.000000 0 0.000000 0.000000 0 0.000000 0.000000 0 0.000000 0.000000 0 0.000000 0.000000 0 0.000000 0.000000 0 0.000000 0.000000 0
0 0.151125 0.557312 0.033625 0.089187 0.000000 0.000000 0 0.000000 0.000000 0 0.000000 0.000000 0 0.000000 0.000000 0 0.000000 0.000000 0 0.000000 0.000000 0 0.000000 0.000000 0 0.000000 0.000000 0 0.000000 0.000000 0 0.000000 0.000000 0 0.000000 0.000000 0 0.000000 0.000000 0 0.000000 0.000000 0 0.000000 0.000000 0 0.000000 0.000000 0 0.000000 0.000000 0 0.000000 0.000000 0
0 0.510023 0.092172 0.034234 0.085094 0.000000 0.000000 0 0.000000 0.000000 0 0.000000 0.000000 0 0.000000 0.000000 0 0.000000 0.000000 0 0.000000 0.000000 0 0.000000 0.000000 0 0.000000 0.000000 0 0.000000 0.000000 0 0.000000 0.000000 0 0.000000 0.000000 0 0.000000 0.000000 0 0.000000 0.000000 0 0.000000 0.000000 0 0.000000 0.000000 0 0.000000 0.000000 0 0.000000 0.000000 0
0 0.724789 0.107312 0.051359 0.057375 0.000000 0.000000 0 0.000000 0.000000 0 0.000000 0.000000 0 0.000000 0.000000 0 0.000000 0.000000 0 0.000000 0.000000 0 0.000000 0.000000 0 0.000000 0.000000 0 0.000000 0.000000 0 0.000000 0.000000 0 0.000000 0.000000 0 0.000000 0.000000 0 0.000000 0.000000 0 0.000000 0.000000 0 0.000000 0.000000 0 0.000000 0.000000 0 0.000000 0.000000 0
0 0.012930 0.152500 0.024203 0.125875 0.000000 0.000000 0 0.000000 0.000000 0 0.000000 0.000000 0 0.000000 0.000000 0 0.000000 0.000000 0 0.000000 0.000000 0 0.000000 0.000000 0 0.000000 0.000000 0 0.000000 0.000000 0 0.000000 0.000000 0 0.000000 0.000000 0 0.000000 0.000000 0 0.000000 0.000000 0 0.000000 0.000000 0 0.000000 0.000000 0 0.000000 0.000000 0 0.000000 0.000000 0
0 0.174672 0.106383 0.033438 0.107141 0.000000 0.000000 0 0.000000 0.000000 0 0.000000 0.000000 0 0.000000 0.000000 0 0.000000 0.000000 0 0.000000 0.000000 0 0.000000 0.000000 0 0.000000 0.000000 0 0.000000 0.000000 0 0.000000 0.000000 0 0.000000 0.000000 0 0.000000 0.000000 0 0.000000 0.000000 0 0.000000 0.000000 0 0.000000 0.000000 0 0.000000 0.000000 0 0.000000 0.000000 0
0 0.875172 0.771195 0.221938 0.332672 0.825000 0.648438 1 0.835938 0.642188 1 0.817187 0.640625 1 0.848437 0.653125 1 0.803125 0.645312 1 0.868750 0.681250 1 0.803125 0.687500 1 0.910937 0.689063 1 0.789062 0.714063 1 0.946875 0.707812 1 0.775000 0.678125 1 0.862500 0.773438 1 0.815625 0.781250 1 0.862500 0.839063 1 0.817187 0.837500 1 0.884375 0.900000 1 0.818750 0.871875 1