0 0.566453 0.586350 0.147250 0.679460 0.581250 0.338028 1 0.589063 0.328638 1 0.579688 0.321596 1 0.621875 0.323944 1 0.000000 0.000000 0 0.625000 0.399061 1 0.612500 0.361502 1 0.601562 0.481221 1 0.000000 0.000000 0 0.556250 0.455399 1 0.000000 0.000000 0 0.554688 0.629108 1 0.535937 0.577465 1 0.523438 0.755869 1 0.526563 0.725352 1 0.514062 0.899061 1 0.581250 0.835681 1
0 0.179500 0.440446 0.356000 0.665164 0.121875 0.206573 1 0.129688 0.180751 1 0.125000 0.187793 1 0.154688 0.176056 1 0.000000 0.000000 0 0.176563 0.237089 1 0.165625 0.225352 1 0.176563 0.361502 1 0.103125 0.293427 1 0.148438 0.448357 1 0.037500 0.323944 1 0.273438 0.408451 1 0.256250 0.420188 1 0.301563 0.568075 1 0.228125 0.553991 1 0.371875 0.697183 1 0.210938 0.725352 1
0 0.235906 0.119343 0.111187 0.227981 0.000000 0.000000 0 0.000000 0.000000 0 0.000000 0.000000 0 0.000000 0.000000 0 0.000000 0.000000 0 0.000000 0.000000 0 0.000000 0.000000 0 0.000000 0.000000 0 0.000000 0.000000 0 0.246875 0.018779 1 0.221875 0.025822 1 0.229687 0.021127 1 0.228125 0.025822 1 0.223438 0.115023 1 0.253125 0.098592 1 0.214062 0.215962 1 0.260937 0.211268 1
0 0.654406 0.150563 0.088250 0.296620 0.000000 0.000000 0 0.000000 0.000000 0 0.000000 0.000000 0 0.000000 0.000000 0 0.000000 0.000000 0 0.000000 0.000000 0 0.000000 0.000000 0 0.000000 0.000000 0 0.623437 0.009390 1 0.000000 0.000000 0 0.000000 0.000000 0 0.670312 0.053991 1 0.634375 0.056338 1 0.662500 0.154930 1 0.637500 0.157277 1 0.659375 0.265258 1 0.631250 0.269953 1
0 0.080484 0.132383 0.086844 0.264765 0.000000 0.000000 0 0.000000 0.000000 0 0.000000 0.000000 0 0.000000 0.000000 0 0.000000 0.000000 0 0.000000 0.000000 0 0.000000 0.000000 0 0.000000 0.000000 0 0.000000 0.000000 0 0.000000 0.000000 0 0.000000 0.000000 0 0.100000 0.042254 1 0.095312 0.042254 1 0.098437 0.143192 1 0.114062 0.122066 1 0.062500 0.213615 1 0.118750 0.230047 1
0 0.907125 0.194049 0.055188 0.386925 0.000000 0.000000 0 0.000000 0.000000 0 0.000000 0.000000 0 0.000000 0.000000 0 0.000000 0.000000 0 0.934375 0.016432 1 0.917188 0.007042 1 0.000000 0.000000 0 0.000000 0.000000 0 0.000000 0.000000 0 0.000000 0.000000 0 0.934375 0.152582 1 0.918750 0.147887 1 0.907813 0.244131 1 0.940625 0.234742 1 0.914062 0.345070 1 0.979688 0.319249 1
0 0.522805 0.037993 0.072734 0.075986 0.000000 0.000000 0 0.000000 0.000000 0 0.000000 0.000000 0 0.000000 0.000000 0 0.000000 0.000000 0 0.000000 0.000000 0 0.000000 0.000000 0 0.000000 0.000000 0 0.000000 0.000000 0 0.000000 0.000000 0 0.000000 0.000000 0 0.000000 0.000000 0 0.000000 0.000000 0 0.000000 0.000000 0 0.000000 0.000000 0 0.000000 0.000000 0 0.000000 0.000000 0
0 0.955281 0.201725 0.088562 0.402512 0.000000 0.000000 0 0.000000 0.000000 0 0.000000 0.000000 0 0.000000 0.000000 0 0.000000 0.000000 0 0.954688 0.023474 1 0.957812 0.014085 1 0.950000 0.129108 1 0.937500 0.100939 1 0.935937 0.187793 1 0.928125 0.157277 1 0.943750 0.169014 1 0.953125 0.169014 1 0.934375 0.248826 1 0.960938 0.265258 1 0.940625 0.384977 1 0.000000 0.000000 0
0 0.774039 0.135939 0.112328 0.271878 0.000000 0.000000 0 0.000000 0.000000 0 0.000000 0.000000 0 0.000000 0.000000 0 0.000000 0.000000 0 0.000000 0.000000 0 0.000000 0.000000 0 0.000000 0.000000 0 0.000000 0.000000 0 0.817187 0.011737 1 0.734375 0.032864 1 0.790625 0.053991 1 0.754687 0.056338 1 0.801562 0.136150 1 0.760938 0.145540 1 0.806250 0.244131 1 0.765625 0.241784 1
0 0.443750 0.119237 0.049125 0.236362 0.000000 0.000000 0 0.000000 0.000000 0 0.000000 0.000000 0 0.000000 0.000000 0 0.000000 0.000000 0 0.000000 0.000000 0 0.000000 0.000000 0 0.000000 0.000000 0 0.000000 0.000000 0 0.000000 0.000000 0 0.503125 0.053991 1 0.437500 0.002347 1 0.445312 0.002347 1 0.440625 0.107981 1 0.442188 0.107981 1 0.428125 0.208920 1 0.432812 0.208920 1
0 0.581500 0.107077 0.080500 0.211526 0.000000 0.000000 0 0.000000 0.000000 0 0.000000 0.000000 0 0.000000 0.000000 0 0.000000 0.000000 0 0.000000 0.000000 0 0.000000 0.000000 0 0.000000 0.000000 0 0.000000 0.000000 0 0.000000 0.000000 0 0.000000 0.000000 0 0.000000 0.000000 0 0.000000 0.000000 0 0.000000 0.000000 0 0.000000 0.000000 0 0.000000 0.000000 0 0.000000 0.000000 0