0 0.194258 0.652594 0.388516 0.694812 0.000000 0.000000 0 0.000000 0.000000 0 0.000000 0.000000 0 0.101562 0.462500 1 0.215625 0.481250 1 0.037500 0.620833 1 0.226562 0.679167 1 0.000000 0.000000 0 0.365625 0.787500 1 0.254688 0.689583 1 0.332813 0.631250 1 0.000000 0.000000 0 0.000000 0.000000 0 0.000000 0.000000 0 0.000000 0.000000 0 0.000000 0.000000 0 0.000000 0.000000 0
0 0.061516 0.494385 0.123031 0.386521 0.000000 0.000000 0 0.000000 0.000000 0 0.000000 0.000000 0 0.000000 0.000000 0 0.112500 0.445833 1 0.015625 0.566667 1 0.000000 0.000000 0 0.000000 0.000000 0 0.000000 0.000000 0 0.000000 0.000000 0 0.000000 0.000000 0 0.000000 0.000000 0 0.000000 0.000000 0 0.000000 0.000000 0 0.000000 0.000000 0 0.000000 0.000000 0 0.000000 0.000000 0
0 0.481984 0.444083 0.116750 0.215917 0.485938 0.406250 1 0.496875 0.395833 1 0.476562 0.395833 1 0.512500 0.395833 1 0.467187 0.393750 1 0.526563 0.458333 1 0.456250 0.460417 1 0.528125 0.539583 1 0.428125 0.539583 1 0.000000 0.000000 0 0.451562 0.531250 1 0.000000 0.000000 0 0.000000 0.000000 0 0.000000 0.000000 0 0.000000 0.000000 0 0.000000 0.000000 0 0.000000 0.000000 0
0 0.649664 0.427031 0.158891 0.219063 0.675000 0.410417 1 0.689063 0.389583 1 0.668750 0.387500 1 0.704688 0.385417 1 0.646875 0.383333 1 0.703125 0.447917 1 0.629687 0.439583 1 0.712500 0.547917 1 0.581250 0.491667 1 0.701562 0.475000 1 0.609375 0.435417 1 0.678125 0.577083 1 0.623437 0.570833 1 0.000000 0.000000 0 0.000000 0.000000 0 0.000000 0.000000 0 0.000000 0.000000 0
0 0.786133 0.246562 0.035234 0.068042 0.000000 0.000000 0 0.000000 0.000000 0 0.000000 0.000000 0 0.000000 0.000000 0 0.000000 0.000000 0 0.000000 0.000000 0 0.000000 0.000000 0 0.000000 0.000000 0 0.000000 0.000000 0 0.000000 0.000000 0 0.000000 0.000000 0 0.000000 0.000000 0 0.000000 0.000000 0 0.000000 0.000000 0 0.000000 0.000000 0 0.000000 0.000000 0 0.000000 0.000000 0
0 0.966594 0.560990 0.066812 0.238979 0.971875 0.527083 1 0.993750 0.516667 1 0.973437 0.508333 1 0.000000 0.000000 0 0.000000 0.000000 0 0.000000 0.000000 0 0.968750 0.547917 1 0.000000 0.000000 0 0.931250 0.620833 1 0.000000 0.000000 0 0.000000 0.000000 0 0.000000 0.000000 0 0.000000 0.000000 0 0.000000 0.000000 0 0.000000 0.000000 0 0.000000 0.000000 0 0.000000 0.000000 0
0 0.746625 0.726354 0.503375 0.527042 0.000000 0.000000 0 0.000000 0.000000 0 0.000000 0.000000 0 0.717187 0.725000 1 0.000000 0.000000 0 0.673438 0.985417 1 0.968750 0.935417 1 0.000000 0.000000 0 0.000000 0.000000 0 0.537500 0.854167 1 0.000000 0.000000 0 0.000000 0.000000 0 0.000000 0.000000 0 0.000000 0.000000 0 0.000000 0.000000 0 0.000000 0.000000 0 0.000000 0.000000 0
0 0.886516 0.460677 0.168531 0.287646 0.870313 0.416667 1 0.882812 0.400000 1 0.859375 0.400000 1 0.906250 0.389583 1 0.000000 0.000000 0 0.937500 0.475000 1 0.831250 0.445833 1 0.937500 0.568750 1 0.000000 0.000000 0 0.898438 0.610417 1 0.000000 0.000000 0 0.000000 0.000000 0 0.000000 0.000000 0 0.000000 0.000000 0 0.000000 0.000000 0 0.000000 0.000000 0 0.000000 0.000000 0
0 0.553922 0.386792 0.059625 0.249292 0.000000 0.000000 0 0.000000 0.000000 0 0.000000 0.000000 0 0.000000 0.000000 0 0.000000 0.000000 0 0.525000 0.364583 1 0.564063 0.345833 1 0.000000 0.000000 0 0.000000 0.000000 0 0.000000 0.000000 0 0.000000 0.000000 0 0.000000 0.000000 0 0.000000 0.000000 0 0.000000 0.000000 0 0.000000 0.000000 0 0.000000 0.000000 0 0.000000 0.000000 0
0 0.610008 0.335656 0.068984 0.166021 0.601562 0.308333 1 0.603125 0.297917 1 0.000000 0.000000 0 0.620313 0.297917 1 0.000000 0.000000 0 0.640625 0.343750 1 0.631250 0.337500 1 0.621875 0.416667 1 0.621875 0.391667 1 0.592187 0.381250 1 0.592187 0.375000 1 0.000000 0.000000 0 0.000000 0.000000 0 0.000000 0.000000 0 0.000000 0.000000 0 0.000000 0.000000 0 0.000000 0.000000 0
0 0.257539 0.422802 0.147609 0.443354 0.256250 0.322917 1 0.267188 0.302083 1 0.243750 0.304167 1 0.000000 0.000000 0 0.217188 0.312500 1 0.271875 0.370833 1 0.196875 0.397917 1 0.000000 0.000000 0 0.207813 0.500000 1 0.295312 0.477083 1 0.276562 0.468750 1 0.275000 0.558333 1 0.218750 0.570833 1 0.000000 0.000000 0 0.000000 0.000000 0 0.000000 0.000000 0 0.000000 0.000000 0
0 0.355992 0.481885 0.120172 0.189604 0.373437 0.420833 1 0.382812 0.416667 1 0.368750 0.410417 1 0.390625 0.433333 1 0.346875 0.418750 1 0.384375 0.508333 1 0.318750 0.468750 1 0.400000 0.527083 1 0.276562 0.443750 1 0.395313 0.445833 1 0.323437 0.427083 1 0.367188 0.633333 1 0.312500 0.616667 1 0.000000 0.000000 0 0.000000 0.000000 0 0.000000 0.000000 0 0.000000 0.000000 0
0 0.063836 0.334719 0.127672 0.236646 0.114062 0.364583 1 0.000000 0.000000 0 0.098437 0.339583 1 0.000000 0.000000 0 0.028125 0.341667 1 0.000000 0.000000 0 0.000000 0.000000 0 0.000000 0.000000 0 0.000000 0.000000 0 0.000000 0.000000 0 0.000000 0.000000 0 0.000000 0.000000 0 0.000000 0.000000 0 0.000000 0.000000 0 0.000000 0.000000 0 0.000000 0.000000 0 0.000000 0.000000 0