0 0.340720 0.538760 0.048600 0.175973 0.000000 0.000000 0 0.000000 0.000000 0 0.000000 0.000000 0 0.000000 0.000000 0 0.000000 0.000000 0 0.000000 0.000000 0 0.000000 0.000000 0 0.000000 0.000000 0 0.000000 0.000000 0 0.000000 0.000000 0 0.000000 0.000000 0 0.000000 0.000000 0 0.000000 0.000000 0 0.000000 0.000000 0 0.000000 0.000000 0 0.000000 0.000000 0 0.000000 0.000000 0
0 0.633630 0.523093 0.027220 0.188000 0.000000 0.000000 0 0.000000 0.000000 0 0.000000 0.000000 0 0.000000 0.000000 0 0.000000 0.000000 0 0.000000 0.000000 0 0.000000 0.000000 0 0.000000 0.000000 0 0.000000 0.000000 0 0.000000 0.000000 0 0.000000 0.000000 0 0.000000 0.000000 0 0.000000 0.000000 0 0.000000 0.000000 0 0.000000 0.000000 0 0.000000 0.000000 0 0.000000 0.000000 0
0 0.707870 0.632587 0.121340 0.496640 0.734000 0.426667 1 0.738000 0.418667 1 0.728000 0.418667 1 0.000000 0.000000 0 0.708000 0.426667 1 0.758000 0.477333 1 0.688000 0.480000 1 0.000000 0.000000 0 0.668000 0.560000 1 0.000000 0.000000 0 0.664000 0.621333 1 0.744000 0.613333 1 0.700000 0.608000 1 0.748000 0.725333 1 0.710000 0.728000 1 0.728000 0.810667 1 0.714000 0.816000 1
0 0.825300 0.655053 0.122200 0.481573 0.000000 0.000000 0 0.000000 0.000000 0 0.000000 0.000000 0 0.800000 0.413333 1 0.000000 0.000000 0 0.788000 0.466667 1 0.860000 0.466667 1 0.772000 0.549333 1 0.876000 0.544000 1 0.000000 0.000000 0 0.000000 0.000000 0 0.812000 0.594667 1 0.850000 0.594667 1 0.800000 0.733333 1 0.846000 0.730667 1 0.802000 0.861333 1 0.842000 0.853333 1
0 0.919000 0.542307 0.047440 0.242107 0.918000 0.442667 1 0.920000 0.437333 1 0.916000 0.437333 1 0.928000 0.437333 1 0.000000 0.000000 0 0.924000 0.464000 1 0.936000 0.458667 1 0.900000 0.482667 1 0.000000 0.000000 0 0.904000 0.453333 1 0.000000 0.000000 0 0.914000 0.512000 1 0.930000 0.512000 1 0.912000 0.578667 1 0.926000 0.573333 1 0.910000 0.642667 1 0.926000 0.645333 1
0 0.041440 0.559640 0.078880 0.312240 0.000000 0.000000 0 0.000000 0.000000 0 0.000000 0.000000 0 0.038000 0.429333 1 0.000000 0.000000 0 0.050000 0.464000 1 0.000000 0.000000 0 0.024000 0.496000 1 0.000000 0.000000 0 0.010000 0.485333 1 0.000000 0.000000 0 0.000000 0.000000 0 0.000000 0.000000 0 0.000000 0.000000 0 0.000000 0.000000 0 0.000000 0.000000 0 0.000000 0.000000 0
0 0.487090 0.588600 0.103580 0.423067 0.000000 0.000000 0 0.000000 0.000000 0 0.000000 0.000000 0 0.468000 0.418667 1 0.000000 0.000000 0 0.502000 0.450667 1 0.484000 0.448000 1 0.502000 0.522667 1 0.000000 0.000000 0 0.486000 0.573333 1 0.000000 0.000000 0 0.504000 0.565333 1 0.486000 0.560000 1 0.482000 0.656000 1 0.478000 0.645333 1 0.470000 0.752000 1 0.482000 0.749333 1
0 0.278110 0.509920 0.067580 0.155680 0.266000 0.453333 1 0.268000 0.448000 1 0.262000 0.448000 1 0.274000 0.450667 1 0.258000 0.450667 1 0.278000 0.469333 1 0.256000 0.474667 1 0.306000 0.488000 1 0.000000 0.000000 0 0.296000 0.514667 1 0.000000 0.000000 0 0.270000 0.533333 1 0.252000 0.530667 1 0.000000 0.000000 0 0.000000 0.000000 0 0.000000 0.000000 0 0.000000 0.000000 0
0 0.207670 0.550773 0.054820 0.218187 0.200000 0.461333 1 0.204000 0.458667 1 0.198000 0.458667 1 0.000000 0.000000 0 0.194000 0.458667 1 0.220000 0.488000 1 0.188000 0.488000 1 0.226000 0.517333 1 0.186000 0.514667 1 0.212000 0.520000 1 0.188000 0.546667 1 0.216000 0.541333 1 0.196000 0.541333 1 0.212000 0.600000 1 0.196000 0.594667 1 0.212000 0.650667 1 0.194000 0.640000 1
0 0.530520 0.530813 0.045040 0.192133 0.000000 0.000000 0 0.000000 0.000000 0 0.000000 0.000000 0 0.000000 0.000000 0 0.000000 0.000000 0 0.000000 0.000000 0 0.000000 0.000000 0 0.000000 0.000000 0 0.000000 0.000000 0 0.000000 0.000000 0 0.000000 0.000000 0 0.000000 0.000000 0 0.000000 0.000000 0 0.000000 0.000000 0 0.000000 0.000000 0 0.000000 0.000000 0 0.000000 0.000000 0
0 0.138340 0.495427 0.038480 0.106160 0.000000 0.000000 0 0.000000 0.000000 0 0.000000 0.000000 0 0.000000 0.000000 0 0.000000 0.000000 0 0.000000 0.000000 0 0.000000 0.000000 0 0.000000 0.000000 0 0.000000 0.000000 0 0.000000 0.000000 0 0.000000 0.000000 0 0.000000 0.000000 0 0.000000 0.000000 0 0.000000 0.000000 0 0.000000 0.000000 0 0.000000 0.000000 0 0.000000 0.000000 0
0 0.105830 0.509373 0.041620 0.180240 0.000000 0.000000 0 0.000000 0.000000 0 0.000000 0.000000 0 0.000000 0.000000 0 0.000000 0.000000 0 0.000000 0.000000 0 0.000000 0.000000 0 0.000000 0.000000 0 0.000000 0.000000 0 0.000000 0.000000 0 0.000000 0.000000 0 0.000000 0.000000 0 0.000000 0.000000 0 0.000000 0.000000 0 0.000000 0.000000 0 0.000000 0.000000 0 0.000000 0.000000 0
0 0.392460 0.530920 0.039400 0.212400 0.000000 0.000000 0 0.000000 0.000000 0 0.000000 0.000000 0 0.000000 0.000000 0 0.000000 0.000000 0 0.000000 0.000000 0 0.000000 0.000000 0 0.000000 0.000000 0 0.000000 0.000000 0 0.000000 0.000000 0 0.000000 0.000000 0 0.000000 0.000000 0 0.000000 0.000000 0 0.000000 0.000000 0 0.000000 0.000000 0 0.000000 0.000000 0 0.000000 0.000000 0