0 0.365516 0.628131 0.072906 0.257575 0.365625 0.524851 1 0.368750 0.516899 1 0.360938 0.516899 1 0.375000 0.518887 1 0.356250 0.518887 1 0.382812 0.552684 1 0.339062 0.558648 1 0.000000 0.000000 0 0.339062 0.596421 1 0.000000 0.000000 0 0.342187 0.620278 1 0.379688 0.624254 1 0.353125 0.630219 1 0.381250 0.671968 1 0.353125 0.681909 1 0.385937 0.737575 1 0.359375 0.739563 1
0 0.320672 0.624493 0.061000 0.253002 0.323437 0.522863 1 0.326562 0.518887 1 0.318750 0.518887 1 0.000000 0.000000 0 0.000000 0.000000 0 0.337500 0.544732 1 0.301563 0.552684 1 0.351562 0.570577 1 0.292187 0.588469 1 0.342187 0.604374 1 0.307812 0.622266 1 0.337500 0.622266 1 0.318750 0.626243 1 0.337500 0.675944 1 0.317188 0.679920 1 0.337500 0.725646 1 0.317188 0.733598 1
0 0.056516 0.648320 0.091844 0.397753 0.085938 0.491054 1 0.000000 0.000000 0 0.082812 0.483101 1 0.000000 0.000000 0 0.070312 0.491054 1 0.068750 0.522863 1 0.045312 0.534791 1 0.000000 0.000000 0 0.035937 0.590457 1 0.000000 0.000000 0 0.084375 0.574553 1 0.079687 0.650099 1 0.056250 0.658052 1 0.073438 0.735586 1 0.056250 0.749503 1 0.064062 0.817097 1 0.045312 0.827038 1
0 0.726195 0.643827 0.083828 0.280298 0.714063 0.528827 1 0.718750 0.522863 1 0.710938 0.522863 1 0.728125 0.526839 1 0.707812 0.528827 1 0.742188 0.550696 1 0.701562 0.550696 1 0.754687 0.596421 1 0.693750 0.598410 1 0.753125 0.634195 1 0.695312 0.636183 1 0.734375 0.648111 1 0.710938 0.648111 1 0.742188 0.699801 1 0.714063 0.693837 1 0.745313 0.759443 1 0.726562 0.751491 1
0 0.557711 0.577207 0.043703 0.177634 0.556250 0.512922 1 0.559375 0.508946 1 0.551562 0.508946 1 0.565625 0.508946 1 0.545312 0.508946 1 0.575000 0.540755 1 0.540625 0.540755 1 0.000000 0.000000 0 0.000000 0.000000 0 0.000000 0.000000 0 0.000000 0.000000 0 0.564063 0.620278 1 0.546875 0.620278 1 0.564063 0.671968 1 0.546875 0.669980 1 0.560937 0.723658 1 0.546875 0.719682 1
0 0.428656 0.615994 0.065656 0.281650 0.423438 0.499006 1 0.429688 0.495030 1 0.421875 0.493042 1 0.000000 0.000000 0 0.000000 0.000000 0 0.443750 0.526839 1 0.398438 0.530815 1 0.454688 0.564612 1 0.398438 0.578529 1 0.450000 0.604374 1 0.406250 0.612326 1 0.435937 0.618290 1 0.418750 0.618290 1 0.437500 0.671968 1 0.410938 0.669980 1 0.442188 0.729622 1 0.407813 0.731610 1
0 0.253555 0.510875 0.041797 0.076262 0.000000 0.000000 0 0.000000 0.000000 0 0.000000 0.000000 0 0.000000 0.000000 0 0.000000 0.000000 0 0.000000 0.000000 0 0.000000 0.000000 0 0.000000 0.000000 0 0.000000 0.000000 0 0.000000 0.000000 0 0.000000 0.000000 0 0.000000 0.000000 0 0.000000 0.000000 0 0.000000 0.000000 0 0.000000 0.000000 0 0.000000 0.000000 0 0.000000 0.000000 0
0 0.828406 0.625089 0.054469 0.270020 0.810937 0.514911 1 0.814063 0.512922 1 0.000000 0.000000 0 0.826562 0.516899 1 0.000000 0.000000 0 0.837500 0.546720 1 0.803125 0.540755 1 0.848437 0.578529 1 0.000000 0.000000 0 0.829688 0.598410 1 0.000000 0.000000 0 0.829688 0.618290 1 0.800000 0.616302 1 0.829688 0.673956 1 0.801562 0.671968 1 0.825000 0.733598 1 0.798438 0.729622 1
0 0.112242 0.647416 0.055984 0.332962 0.117188 0.524851 1 0.121875 0.514911 1 0.114062 0.514911 1 0.000000 0.000000 0 0.103125 0.516899 1 0.118750 0.550696 1 0.092188 0.548708 1 0.000000 0.000000 0 0.000000 0.000000 0 0.000000 0.000000 0 0.000000 0.000000 0 0.110937 0.642147 1 0.093750 0.646123 1 0.107813 0.713718 1 0.100000 0.717694 1 0.121875 0.799205 1 0.107813 0.797217 1
0 0.152164 0.633410 0.051266 0.317276 0.156250 0.504970 1 0.000000 0.000000 0 0.000000 0.000000 0 0.000000 0.000000 0 0.000000 0.000000 0 0.150000 0.542744 1 0.132812 0.544732 1 0.000000 0.000000 0 0.000000 0.000000 0 0.000000 0.000000 0 0.000000 0.000000 0 0.154688 0.642147 1 0.140625 0.646123 1 0.151562 0.697813 1 0.137500 0.693837 1 0.146875 0.747515 1 0.134375 0.757455 1
0 0.513172 0.623529 0.075812 0.282366 0.509375 0.500994 1 0.514062 0.497018 1 0.504687 0.497018 1 0.518750 0.500994 1 0.500000 0.502982 1 0.534375 0.540755 1 0.489063 0.540755 1 0.000000 0.000000 0 0.479687 0.576541 1 0.000000 0.000000 0 0.487500 0.604374 1 0.526563 0.614314 1 0.500000 0.616302 1 0.528125 0.669980 1 0.504687 0.673956 1 0.531250 0.739563 1 0.506250 0.737575 1
0 0.217508 0.615199 0.055078 0.255050 0.000000 0.000000 0 0.212500 0.508946 1 0.204687 0.506958 1 0.000000 0.000000 0 0.196875 0.510934 1 0.215625 0.538767 1 0.198437 0.536779 1 0.223438 0.580517 1 0.000000 0.000000 0 0.225000 0.608350 1 0.000000 0.000000 0 0.217188 0.610338 1 0.200000 0.612326 1 0.209375 0.669980 1 0.198437 0.671968 1 0.201563 0.723658 1 0.196875 0.725646 1
0 0.238266 0.611948 0.040906 0.235905 0.240625 0.522863 1 0.240625 0.514911 1 0.235937 0.516899 1 0.000000 0.000000 0 0.000000 0.000000 0 0.239063 0.544732 1 0.220312 0.546720 1 0.000000 0.000000 0 0.000000 0.000000 0 0.000000 0.000000 0 0.000000 0.000000 0 0.237500 0.604374 1 0.228125 0.608350 1 0.240625 0.669980 1 0.228125 0.673956 1 0.000000 0.000000 0 0.000000 0.000000 0