0 0.486242 0.534895 0.168484 0.342266 0.000000 0.000000 0 0.000000 0.000000 0 0.000000 0.000000 0 0.000000 0.000000 0 0.000000 0.000000 0 0.464062 0.432243 1 0.510938 0.429907 1 0.446875 0.464953 1 0.531250 0.455607 1 0.417187 0.483645 1 0.554688 0.464953 1 0.470313 0.556075 1 0.500000 0.556075 1 0.465625 0.605140 1 0.500000 0.609813 1 0.457813 0.675234 1 0.498437 0.677570 1
0 0.635461 0.587383 0.084578 0.212009 0.000000 0.000000 0 0.000000 0.000000 0 0.000000 0.000000 0 0.625000 0.542056 1 0.000000 0.000000 0 0.643750 0.535047 1 0.600000 0.516355 1 0.660937 0.593458 1 0.000000 0.000000 0 0.650000 0.649533 1 0.623437 0.574766 1 0.657813 0.514019 1 0.632812 0.511682 1 0.646875 0.586449 1 0.625000 0.593458 1 0.646875 0.661215 1 0.639062 0.656542 1
0 0.759320 0.432979 0.100234 0.158715 0.753125 0.401869 1 0.756250 0.399533 1 0.751563 0.399533 1 0.762500 0.387850 1 0.746875 0.394860 1 0.779687 0.401869 1 0.743750 0.406542 1 0.798438 0.425234 1 0.729688 0.436916 1 0.803125 0.453271 1 0.715625 0.460280 1 0.785937 0.467290 1 0.756250 0.469626 1 0.785937 0.523364 1 0.751563 0.521028 1 0.000000 0.000000 0 0.000000 0.000000 0
0 0.275844 0.458224 0.057594 0.304860 0.271875 0.345794 1 0.276562 0.334112 1 0.268750 0.336449 1 0.000000 0.000000 0 0.259375 0.336449 1 0.284375 0.366822 1 0.253125 0.364486 1 0.292187 0.406542 1 0.000000 0.000000 0 0.278125 0.397196 1 0.000000 0.000000 0 0.276562 0.436916 1 0.256250 0.436916 1 0.278125 0.523364 1 0.253125 0.514019 1 0.275000 0.574766 1 0.257812 0.579439 1
0 0.354984 0.439673 0.055469 0.198364 0.000000 0.000000 0 0.000000 0.000000 0 0.000000 0.000000 0 0.000000 0.000000 0 0.000000 0.000000 0 0.331250 0.380841 1 0.345313 0.376168 1 0.325000 0.406542 1 0.364063 0.390187 1 0.000000 0.000000 0 0.375000 0.378505 1 0.339062 0.443925 1 0.351562 0.441589 1 0.345313 0.476636 1 0.000000 0.000000 0 0.343750 0.528037 1 0.000000 0.000000 0
0 0.877539 0.437874 0.055391 0.185981 0.000000 0.000000 0 0.000000 0.000000 0 0.000000 0.000000 0 0.000000 0.000000 0 0.000000 0.000000 0 0.000000 0.000000 0 0.000000 0.000000 0 0.000000 0.000000 0 0.000000 0.000000 0 0.000000 0.000000 0 0.000000 0.000000 0 0.000000 0.000000 0 0.000000 0.000000 0 0.000000 0.000000 0 0.000000 0.000000 0 0.000000 0.000000 0 0.000000 0.000000 0
0 0.219594 0.505853 0.089969 0.368621 0.239063 0.355140 1 0.000000 0.000000 0 0.239063 0.345794 1 0.000000 0.000000 0 0.229687 0.350467 1 0.207813 0.369159 1 0.228125 0.387850 1 0.000000 0.000000 0 0.242188 0.443925 1 0.000000 0.000000 0 0.259375 0.481308 1 0.206250 0.478972 1 0.225000 0.495327 1 0.217188 0.584112 1 0.232813 0.584112 1 0.192188 0.635514 1 0.228125 0.644860 1
0 0.389164 0.540900 0.079828 0.238715 0.364063 0.474299 1 0.364063 0.467290 1 0.359375 0.471963 1 0.371875 0.455607 1 0.000000 0.000000 0 0.392188 0.455607 1 0.362500 0.478972 1 0.403125 0.500000 1 0.365625 0.507009 1 0.382812 0.523364 1 0.370312 0.539720 1 0.410938 0.488318 1 0.392188 0.500000 1 0.400000 0.567757 1 0.389062 0.567757 1 0.403125 0.637850 1 0.396875 0.640187 1
0 0.548867 0.500444 0.092953 0.285234 0.526563 0.413551 1 0.526563 0.408879 1 0.000000 0.000000 0 0.534375 0.397196 1 0.000000 0.000000 0 0.554688 0.394860 1 0.525000 0.418224 1 0.589063 0.422897 1 0.526563 0.464953 1 0.570312 0.434579 1 0.528125 0.518692 1 0.578125 0.469626 1 0.554688 0.478972 1 0.573438 0.539720 1 0.554688 0.549065 1 0.575000 0.602804 1 0.557813 0.609813 1
0 0.794703 0.393808 0.060656 0.138692 0.000000 0.000000 0 0.000000 0.000000 0 0.000000 0.000000 0 0.000000 0.000000 0 0.000000 0.000000 0 0.000000 0.000000 0 0.000000 0.000000 0 0.000000 0.000000 0 0.000000 0.000000 0 0.000000 0.000000 0 0.000000 0.000000 0 0.000000 0.000000 0 0.000000 0.000000 0 0.000000 0.000000 0 0.000000 0.000000 0 0.000000 0.000000 0 0.000000 0.000000 0
0 0.297758 0.442348 0.039703 0.240070 0.000000 0.000000 0 0.000000 0.000000 0 0.000000 0.000000 0 0.000000 0.000000 0 0.000000 0.000000 0 0.000000 0.000000 0 0.000000 0.000000 0 0.000000 0.000000 0 0.000000 0.000000 0 0.000000 0.000000 0 0.000000 0.000000 0 0.000000 0.000000 0 0.000000 0.000000 0 0.000000 0.000000 0 0.000000 0.000000 0 0.000000 0.000000 0 0.000000 0.000000 0
0 0.769813 0.557582 0.098594 0.178061 0.000000 0.000000 0 0.000000 0.000000 0 0.000000 0.000000 0 0.000000 0.000000 0 0.000000 0.000000 0 0.795312 0.523364 1 0.748437 0.523364 1 0.810937 0.567757 1 0.731250 0.572430 1 0.809375 0.621495 1 0.728125 0.623832 1 0.789062 0.485981 1 0.759375 0.485981 1 0.778125 0.558411 1 0.743750 0.556075 1 0.778125 0.628505 1 0.743750 0.623832 1
0 0.974234 0.386624 0.036531 0.131238 0.000000 0.000000 0 0.000000 0.000000 0 0.000000 0.000000 0 0.000000 0.000000 0 0.000000 0.000000 0 0.000000 0.000000 0 0.000000 0.000000 0 0.000000 0.000000 0 0.000000 0.000000 0 0.000000 0.000000 0 0.000000 0.000000 0 0.000000 0.000000 0 0.000000 0.000000 0 0.000000 0.000000 0 0.000000 0.000000 0 0.000000 0.000000 0 0.000000 0.000000 0