0 0.844641 0.465597 0.027969 0.098314 0.000000 0.000000 0 0.000000 0.000000 0 0.000000 0.000000 0 0.000000 0.000000 0 0.000000 0.000000 0 0.000000 0.000000 0 0.000000 0.000000 0 0.000000 0.000000 0 0.000000 0.000000 0 0.000000 0.000000 0 0.000000 0.000000 0 0.000000 0.000000 0 0.000000 0.000000 0 0.000000 0.000000 0 0.000000 0.000000 0 0.000000 0.000000 0 0.000000 0.000000 0
0 0.152211 0.357822 0.055391 0.144450 0.153125 0.306792 1 0.154688 0.302108 1 0.150000 0.302108 1 0.157812 0.302108 1 0.000000 0.000000 0 0.165625 0.318501 1 0.140625 0.318501 1 0.173437 0.334895 1 0.140625 0.344262 1 0.000000 0.000000 0 0.129688 0.348946 1 0.162500 0.355972 1 0.146875 0.355972 1 0.160938 0.391101 1 0.146875 0.393443 1 0.165625 0.414520 1 0.146875 0.423888 1
0 0.247945 0.568689 0.204359 0.837845 0.226562 0.248244 1 0.242188 0.234192 1 0.218750 0.234192 1 0.256250 0.245902 1 0.214062 0.241218 1 0.282813 0.341920 1 0.192188 0.341920 1 0.328125 0.512881 1 0.173437 0.475410 1 0.334375 0.618267 1 0.157812 0.599532 1 0.251563 0.608899 1 0.200000 0.608899 1 0.256250 0.798595 1 0.176563 0.803279 1 0.307812 0.852459 1 0.195312 0.936768 1
0 0.572398 0.418665 0.059672 0.230023 0.564063 0.344262 1 0.567187 0.332553 1 0.559375 0.334895 1 0.573438 0.332553 1 0.548438 0.332553 1 0.587500 0.365340 1 0.545312 0.362998 1 0.598437 0.430913 1 0.545312 0.412178 1 0.581250 0.461358 1 0.571875 0.384075 1 0.000000 0.000000 0 0.000000 0.000000 0 0.000000 0.000000 0 0.000000 0.000000 0 0.000000 0.000000 0 0.000000 0.000000 0
0 0.446039 0.597752 0.286359 0.777518 0.425000 0.327869 1 0.440625 0.313817 1 0.415625 0.313817 1 0.468750 0.316159 1 0.000000 0.000000 0 0.514062 0.459016 1 0.378125 0.470726 1 0.560937 0.564403 1 0.375000 0.606557 1 0.545312 0.702576 1 0.348438 0.683841 1 0.484375 0.779859 1 0.387500 0.765808 1 0.485938 0.950820 1 0.384375 0.957845 1 0.000000 0.000000 0 0.000000 0.000000 0
0 0.896023 0.669590 0.207953 0.660820 0.956250 0.419204 1 0.964063 0.400468 1 0.946875 0.400468 1 0.982812 0.416862 1 0.925000 0.412178 1 0.993750 0.503513 1 0.896875 0.501171 1 0.000000 0.000000 0 0.843750 0.592506 1 0.000000 0.000000 0 0.812500 0.672131 1 0.970313 0.735363 1 0.885938 0.704918 1 0.929688 0.861827 1 0.898438 0.857143 1 0.876563 0.906323 1 0.898438 0.997658 1
0 0.782438 0.478407 0.062500 0.154333 0.793750 0.416862 1 0.795312 0.414520 1 0.792188 0.414520 1 0.798438 0.414520 1 0.789062 0.412178 1 0.800000 0.430913 1 0.781250 0.430913 1 0.806250 0.454333 1 0.771875 0.447307 1 0.800000 0.456674 1 0.781250 0.456674 1 0.795312 0.477752 1 0.779687 0.475410 1 0.796875 0.505855 1 0.770312 0.501171 1 0.804688 0.536300 1 0.757812 0.529274 1
0 0.683484 0.515492 0.091719 0.340304 0.695312 0.384075 1 0.700000 0.379391 1 0.692187 0.379391 1 0.000000 0.000000 0 0.000000 0.000000 0 0.717187 0.423888 1 0.667188 0.409836 1 0.717187 0.473068 1 0.646875 0.451991 1 0.720313 0.508197 1 0.645312 0.480094 1 0.693750 0.526932 1 0.664062 0.519906 1 0.687500 0.597190 1 0.662500 0.592506 1 0.682813 0.629977 1 0.662500 0.648712 1
0 0.752172 0.448560 0.027844 0.114637 0.000000 0.000000 0 0.000000 0.000000 0 0.000000 0.000000 0 0.000000 0.000000 0 0.000000 0.000000 0 0.000000 0.000000 0 0.000000 0.000000 0 0.000000 0.000000 0 0.000000 0.000000 0 0.000000 0.000000 0 0.000000 0.000000 0 0.000000 0.000000 0 0.000000 0.000000 0 0.000000 0.000000 0 0.000000 0.000000 0 0.000000 0.000000 0 0.000000 0.000000 0
0 0.073531 0.318126 0.031844 0.093677 0.000000 0.000000 0 0.000000 0.000000 0 0.000000 0.000000 0 0.000000 0.000000 0 0.000000 0.000000 0 0.000000 0.000000 0 0.000000 0.000000 0 0.000000 0.000000 0 0.000000 0.000000 0 0.000000 0.000000 0 0.000000 0.000000 0 0.000000 0.000000 0 0.000000 0.000000 0 0.000000 0.000000 0 0.000000 0.000000 0 0.000000 0.000000 0 0.000000 0.000000 0
0 0.637195 0.439145 0.027609 0.173934 0.000000 0.000000 0 0.000000 0.000000 0 0.000000 0.000000 0 0.000000 0.000000 0 0.000000 0.000000 0 0.000000 0.000000 0 0.000000 0.000000 0 0.000000 0.000000 0 0.000000 0.000000 0 0.000000 0.000000 0 0.000000 0.000000 0 0.000000 0.000000 0 0.000000 0.000000 0 0.000000 0.000000 0 0.000000 0.000000 0 0.000000 0.000000 0 0.000000 0.000000 0
0 0.729289 0.439227 0.014859 0.103607 0.000000 0.000000 0 0.000000 0.000000 0 0.000000 0.000000 0 0.000000 0.000000 0 0.000000 0.000000 0 0.000000 0.000000 0 0.000000 0.000000 0 0.000000 0.000000 0 0.000000 0.000000 0 0.000000 0.000000 0 0.000000 0.000000 0 0.000000 0.000000 0 0.000000 0.000000 0 0.000000 0.000000 0 0.000000 0.000000 0 0.000000 0.000000 0 0.000000 0.000000 0
0 0.318148 0.330398 0.007516 0.025855 0.000000 0.000000 0 0.000000 0.000000 0 0.000000 0.000000 0 0.000000 0.000000 0 0.000000 0.000000 0 0.000000 0.000000 0 0.000000 0.000000 0 0.000000 0.000000 0 0.000000 0.000000 0 0.000000 0.000000 0 0.000000 0.000000 0 0.000000 0.000000 0 0.000000 0.000000 0 0.000000 0.000000 0 0.000000 0.000000 0 0.000000 0.000000 0 0.000000 0.000000 0