0 0.533719 0.542792 0.218781 0.416667 0.000000 0.000000 0 0.000000 0.000000 0 0.000000 0.000000 0 0.498437 0.380042 1 0.532813 0.375796 1 0.503125 0.439490 1 0.553125 0.407643 1 0.504687 0.496815 1 0.525000 0.456476 1 0.490625 0.443737 1 0.496875 0.424628 1 0.523438 0.541401 1 0.565625 0.530786 1 0.500000 0.617834 1 0.603125 0.611465 1 0.473438 0.723992 1 0.609375 0.728238 1
0 0.188344 0.438832 0.137531 0.430191 0.184375 0.273885 1 0.189062 0.263270 1 0.179688 0.263270 1 0.195312 0.265393 1 0.168750 0.261146 1 0.212500 0.309979 1 0.146875 0.309979 1 0.223438 0.365180 1 0.128125 0.363057 1 0.240625 0.422505 1 0.125000 0.424628 1 0.206250 0.433121 1 0.167187 0.441614 1 0.195312 0.528662 1 0.173437 0.526539 1 0.192188 0.615711 1 0.153125 0.619958 1
0 0.673219 0.555361 0.210656 0.335308 0.726562 0.441614 1 0.729688 0.430998 1 0.000000 0.000000 0 0.748437 0.430998 1 0.000000 0.000000 0 0.756250 0.464968 1 0.737500 0.464968 1 0.770312 0.526539 1 0.000000 0.000000 0 0.735938 0.547771 1 0.000000 0.000000 0 0.732812 0.562633 1 0.715625 0.569002 1 0.657813 0.583864 1 0.648438 0.592357 1 0.682813 0.681529 1 0.606250 0.679406 1
0 0.447813 0.500743 0.101469 0.216476 0.431250 0.426752 1 0.434375 0.422505 1 0.425000 0.422505 1 0.000000 0.000000 0 0.415625 0.420382 1 0.448437 0.454352 1 0.412500 0.460722 1 0.471875 0.492569 1 0.404687 0.496815 1 0.000000 0.000000 0 0.000000 0.000000 0 0.456250 0.522293 1 0.425000 0.524416 1 0.473438 0.511677 1 0.442188 0.526539 1 0.501563 0.602972 1 0.432812 0.611465 1
0 0.396008 0.431210 0.042578 0.116518 0.000000 0.000000 0 0.000000 0.000000 0 0.000000 0.000000 0 0.000000 0.000000 0 0.000000 0.000000 0 0.000000 0.000000 0 0.000000 0.000000 0 0.000000 0.000000 0 0.000000 0.000000 0 0.000000 0.000000 0 0.000000 0.000000 0 0.000000 0.000000 0 0.000000 0.000000 0 0.000000 0.000000 0 0.000000 0.000000 0 0.000000 0.000000 0 0.000000 0.000000 0
0 0.100430 0.501369 0.048953 0.224437 0.000000 0.000000 0 0.000000 0.000000 0 0.000000 0.000000 0 0.000000 0.000000 0 0.000000 0.000000 0 0.098437 0.450106 1 0.115625 0.454352 1 0.095312 0.477707 1 0.000000 0.000000 0 0.084375 0.462845 1 0.000000 0.000000 0 0.000000 0.000000 0 0.112500 0.498938 1 0.103125 0.554140 1 0.109375 0.554140 1 0.106250 0.594480 1 0.114062 0.596603 1
0 0.032320 0.489862 0.061328 0.243248 0.012500 0.407643 1 0.017188 0.405520 1 0.006250 0.405520 1 0.000000 0.000000 0 0.000000 0.000000 0 0.032813 0.430998 1 0.000000 0.000000 0 0.054688 0.484076 1 0.000000 0.000000 0 0.051562 0.473461 1 0.007812 0.475584 1 0.031250 0.503185 1 0.004687 0.511677 1 0.048438 0.520170 1 0.018750 0.530786 1 0.046875 0.585987 1 0.042188 0.588110 1
0 0.479617 0.324586 0.066391 0.143864 0.000000 0.000000 0 0.000000 0.000000 0 0.000000 0.000000 0 0.479687 0.267516 1 0.000000 0.000000 0 0.475000 0.288747 1 0.500000 0.286624 1 0.464062 0.318471 1 0.507812 0.322718 1 0.453125 0.337580 1 0.507812 0.343949 1 0.482812 0.350318 1 0.501563 0.350318 1 0.481250 0.401274 1 0.493750 0.399151 1 0.000000 0.000000 0 0.000000 0.000000 0
0 0.661125 0.502665 0.067438 0.205626 0.620313 0.416136 1 0.625000 0.411890 1 0.617188 0.411890 1 0.631250 0.418259 1 0.609375 0.420382 1 0.642188 0.450106 1 0.606250 0.452229 1 0.000000 0.000000 0 0.000000 0.000000 0 0.000000 0.000000 0 0.000000 0.000000 0 0.645312 0.507431 1 0.621875 0.511677 1 0.654687 0.490446 1 0.648438 0.543524 1 0.682813 0.560510 1 0.643750 0.609342 1
0 0.607836 0.471221 0.044391 0.155690 0.618750 0.418259 1 0.625000 0.409766 1 0.614062 0.409766 1 0.629687 0.418259 1 0.607812 0.422505 1 0.645312 0.452229 1 0.604688 0.454352 1 0.000000 0.000000 0 0.000000 0.000000 0 0.000000 0.000000 0 0.000000 0.000000 0 0.643750 0.522293 1 0.614062 0.522293 1 0.654687 0.524416 1 0.651563 0.488323 1 0.645312 0.596603 1 0.000000 0.000000 0
0 0.401422 0.571231 0.121812 0.222463 0.384375 0.498938 1 0.389062 0.492569 1 0.378125 0.494692 1 0.395313 0.492569 1 0.365625 0.490446 1 0.409375 0.520170 1 0.354687 0.530786 1 0.423438 0.577495 1 0.353125 0.588110 1 0.409375 0.626327 1 0.350000 0.651805 1 0.400000 0.579618 1 0.371875 0.583864 1 0.443750 0.634820 1 0.362500 0.649682 1 0.000000 0.000000 0 0.375000 0.636943 1