0 0.417283 0.649141 0.226323 0.151656 0.360656 0.606250 1 0.360656 0.600000 1 0.351288 0.606250 1 0.367681 0.590625 1 0.000000 0.000000 0 0.395785 0.587500 1 0.348946 0.617188 1 0.440281 0.600000 1 0.332553 0.639062 1 0.480094 0.610938 1 0.325527 0.626563 1 0.449649 0.628125 1 0.430913 0.648438 1 0.461358 0.648438 1 0.451991 0.682813 1 0.517564 0.646875 1 0.508197 0.698438 1
0 0.760691 0.335820 0.136183 0.223484 0.000000 0.000000 0 0.000000 0.000000 0 0.000000 0.000000 0 0.735363 0.246875 1 0.772834 0.246875 1 0.725995 0.271875 1 0.784543 0.268750 1 0.000000 0.000000 0 0.810304 0.306250 1 0.000000 0.000000 0 0.812646 0.334375 1 0.733021 0.329688 1 0.770492 0.329688 1 0.749415 0.389062 1 0.784543 0.389062 1 0.742389 0.440625 1 0.779859 0.437500 1
0 0.908138 0.339547 0.098665 0.193719 0.000000 0.000000 0 0.000000 0.000000 0 0.000000 0.000000 0 0.000000 0.000000 0 0.000000 0.000000 0 0.892272 0.284375 1 0.936768 0.290625 1 0.889930 0.318750 1 0.000000 0.000000 0 0.882904 0.346875 1 0.000000 0.000000 0 0.906323 0.348438 1 0.932084 0.348438 1 0.887588 0.384375 1 0.925059 0.390625 1 0.889930 0.418750 1 0.929742 0.421875 1
0 0.959333 0.583609 0.081335 0.235813 0.976581 0.528125 1 0.974239 0.517188 1 0.000000 0.000000 0 0.988290 0.498437 1 0.000000 0.000000 0 0.000000 0.000000 0 0.000000 0.000000 0 0.000000 0.000000 0 0.000000 0.000000 0 0.997658 0.623437 1 0.000000 0.000000 0 0.000000 0.000000 0 0.000000 0.000000 0 0.000000 0.000000 0 0.000000 0.000000 0 0.000000 0.000000 0 0.000000 0.000000 0
0 0.672365 0.182922 0.073443 0.154375 0.660422 0.125000 1 0.662763 0.120313 1 0.655738 0.120313 1 0.676815 0.120313 1 0.000000 0.000000 0 0.688525 0.134375 1 0.662763 0.137500 1 0.695550 0.159375 1 0.000000 0.000000 0 0.695550 0.181250 1 0.000000 0.000000 0 0.679157 0.187500 1 0.662763 0.184375 1 0.646370 0.210938 1 0.000000 0.000000 0 0.665105 0.243750 1 0.000000 0.000000 0
0 0.526171 0.166758 0.028689 0.022328 0.000000 0.000000 0 0.000000 0.000000 0 0.000000 0.000000 0 0.000000 0.000000 0 0.000000 0.000000 0 0.000000 0.000000 0 0.000000 0.000000 0 0.000000 0.000000 0 0.000000 0.000000 0 0.000000 0.000000 0 0.000000 0.000000 0 0.000000 0.000000 0 0.000000 0.000000 0 0.000000 0.000000 0 0.000000 0.000000 0 0.000000 0.000000 0 0.000000 0.000000 0
0 0.891382 0.151461 0.103560 0.154453 0.000000 0.000000 0 0.000000 0.000000 0 0.000000 0.000000 0 0.871194 0.090625 1 0.000000 0.000000 0 0.885246 0.103125 1 0.857143 0.114062 1 0.908665 0.123438 1 0.852459 0.135937 1 0.885246 0.115625 1 0.850117 0.159375 1 0.894614 0.151562 1 0.861827 0.154688 1 0.915691 0.181250 1 0.857143 0.187500 1 0.932084 0.207813 1 0.854801 0.215625 1
0 0.450597 0.166273 0.083536 0.073641 0.000000 0.000000 0 0.000000 0.000000 0 0.000000 0.000000 0 0.000000 0.000000 0 0.000000 0.000000 0 0.000000 0.000000 0 0.000000 0.000000 0 0.000000 0.000000 0 0.000000 0.000000 0 0.000000 0.000000 0 0.000000 0.000000 0 0.000000 0.000000 0 0.000000 0.000000 0 0.000000 0.000000 0 0.000000 0.000000 0 0.000000 0.000000 0 0.000000 0.000000 0
0 0.787190 0.160969 0.107354 0.155531 0.000000 0.000000 0 0.000000 0.000000 0 0.000000 0.000000 0 0.000000 0.000000 0 0.000000 0.000000 0 0.798595 0.112500 1 0.749415 0.115625 1 0.810304 0.132812 1 0.740047 0.131250 1 0.817330 0.160938 1 0.742389 0.150000 1 0.796253 0.160938 1 0.763466 0.162500 1 0.810304 0.189062 1 0.761124 0.195312 1 0.826698 0.214062 1 0.747073 0.221875 1
0 0.491768 0.188008 0.083396 0.076953 0.000000 0.000000 0 0.000000 0.000000 0 0.000000 0.000000 0 0.000000 0.000000 0 0.000000 0.000000 0 0.000000 0.000000 0 0.000000 0.000000 0 0.000000 0.000000 0 0.000000 0.000000 0 0.000000 0.000000 0 0.000000 0.000000 0 0.000000 0.000000 0 0.000000 0.000000 0 0.000000 0.000000 0 0.000000 0.000000 0 0.000000 0.000000 0 0.000000 0.000000 0
0 0.584871 0.199781 0.120609 0.077188 0.524590 0.167187 1 0.524590 0.164062 1 0.517564 0.165625 1 0.533958 0.160938 1 0.000000 0.000000 0 0.555035 0.168750 1 0.529274 0.184375 1 0.587822 0.170313 1 0.536300 0.206250 1 0.618267 0.171875 1 0.543326 0.225000 1 0.583138 0.200000 1 0.557377 0.212500 1 0.622951 0.185938 1 0.555035 0.193750 1 0.629977 0.215625 1 0.564403 0.221875 1
0 0.614543 0.175836 0.080562 0.034547 0.000000 0.000000 0 0.000000 0.000000 0 0.000000 0.000000 0 0.000000 0.000000 0 0.000000 0.000000 0 0.000000 0.000000 0 0.000000 0.000000 0 0.000000 0.000000 0 0.000000 0.000000 0 0.000000 0.000000 0 0.000000 0.000000 0 0.000000 0.000000 0 0.000000 0.000000 0 0.000000 0.000000 0 0.000000 0.000000 0 0.000000 0.000000 0 0.000000 0.000000 0
0 0.591077 0.160672 0.068852 0.069312 0.000000 0.000000 0 0.000000 0.000000 0 0.000000 0.000000 0 0.000000 0.000000 0 0.000000 0.000000 0 0.000000 0.000000 0 0.000000 0.000000 0 0.000000 0.000000 0 0.000000 0.000000 0 0.000000 0.000000 0 0.000000 0.000000 0 0.000000 0.000000 0 0.000000 0.000000 0 0.000000 0.000000 0 0.000000 0.000000 0 0.000000 0.000000 0 0.000000 0.000000 0