0 0.544052 0.447578 0.544778 0.419594 0.000000 0.000000 0 0.000000 0.000000 0 0.000000 0.000000 0 0.000000 0.000000 0 0.000000 0.000000 0 0.409836 0.262500 1 0.592506 0.279687 1 0.367681 0.289062 1 0.667447 0.342187 1 0.316159 0.373437 1 0.740047 0.418750 1 0.442623 0.318750 1 0.573770 0.332813 1 0.414520 0.475000 1 0.587822 0.464062 1 0.395785 0.621875 1 0.695550 0.559375 1
0 0.649403 0.680250 0.096464 0.116656 0.667447 0.639062 1 0.672131 0.635938 1 0.658080 0.635938 1 0.000000 0.000000 0 0.646370 0.639062 1 0.686183 0.660937 1 0.629977 0.659375 1 0.688525 0.689063 1 0.620609 0.684375 1 0.000000 0.000000 0 0.632319 0.703125 1 0.672131 0.701562 1 0.639344 0.703125 1 0.000000 0.000000 0 0.000000 0.000000 0 0.000000 0.000000 0 0.000000 0.000000 0
0 0.551241 0.709570 0.107260 0.148141 0.548009 0.659375 1 0.555035 0.654687 1 0.545667 0.653125 1 0.569087 0.659375 1 0.000000 0.000000 0 0.576112 0.678125 1 0.536300 0.676562 1 0.592506 0.698438 1 0.548009 0.704688 1 0.571429 0.709375 1 0.538642 0.692187 1 0.569087 0.712500 1 0.538642 0.710938 1 0.580796 0.728125 1 0.510539 0.732812 1 0.580796 0.768750 1 0.517564 0.775000 1
0 0.446288 0.716180 0.103255 0.153359 0.449649 0.660937 1 0.451991 0.657813 1 0.444965 0.657813 1 0.463700 0.654687 1 0.437939 0.659375 1 0.468384 0.670312 1 0.435597 0.673438 1 0.000000 0.000000 0 0.000000 0.000000 0 0.000000 0.000000 0 0.000000 0.000000 0 0.459016 0.706250 1 0.440281 0.704688 1 0.449649 0.739062 1 0.423888 0.739062 1 0.447307 0.771875 1 0.421546 0.778125 1
0 0.282506 0.693539 0.077705 0.248453 0.259953 0.592187 1 0.264637 0.587500 1 0.255269 0.587500 1 0.278689 0.585938 1 0.243560 0.590625 1 0.297424 0.612500 1 0.250585 0.614062 1 0.000000 0.000000 0 0.000000 0.000000 0 0.000000 0.000000 0 0.000000 0.000000 0 0.292740 0.682813 1 0.252927 0.684375 1 0.000000 0.000000 0 0.259953 0.746875 1 0.000000 0.000000 0 0.264637 0.787500 1
0 0.178653 0.701617 0.123302 0.229984 0.180328 0.607812 1 0.192037 0.606250 1 0.175644 0.604688 1 0.206089 0.607812 1 0.166276 0.606250 1 0.213115 0.632812 1 0.147541 0.631250 1 0.231850 0.665625 1 0.131148 0.670312 1 0.215457 0.695312 1 0.131148 0.701562 1 0.194379 0.703125 1 0.145199 0.701562 1 0.187354 0.759375 1 0.140515 0.757812 1 0.177986 0.789062 1 0.138173 0.789062 1
0 0.359391 0.722992 0.079625 0.150172 0.353630 0.657813 1 0.358314 0.653125 1 0.346604 0.653125 1 0.000000 0.000000 0 0.000000 0.000000 0 0.381733 0.673438 1 0.327869 0.678125 1 0.377049 0.707812 1 0.327869 0.704688 1 0.348946 0.720313 1 0.000000 0.000000 0 0.377049 0.714063 1 0.351288 0.714063 1 0.000000 0.000000 0 0.000000 0.000000 0 0.000000 0.000000 0 0.000000 0.000000 0
0 0.533852 0.597070 0.050515 0.058422 0.000000 0.000000 0 0.000000 0.000000 0 0.000000 0.000000 0 0.000000 0.000000 0 0.000000 0.000000 0 0.000000 0.000000 0 0.000000 0.000000 0 0.000000 0.000000 0 0.000000 0.000000 0 0.000000 0.000000 0 0.000000 0.000000 0 0.000000 0.000000 0 0.000000 0.000000 0 0.000000 0.000000 0 0.000000 0.000000 0 0.000000 0.000000 0 0.000000 0.000000 0
0 0.058244 0.601906 0.058970 0.047531 0.000000 0.000000 0 0.000000 0.000000 0 0.000000 0.000000 0 0.000000 0.000000 0 0.000000 0.000000 0 0.000000 0.000000 0 0.000000 0.000000 0 0.000000 0.000000 0 0.000000 0.000000 0 0.000000 0.000000 0 0.000000 0.000000 0 0.000000 0.000000 0 0.000000 0.000000 0 0.000000 0.000000 0 0.000000 0.000000 0 0.000000 0.000000 0 0.000000 0.000000 0
0 0.480422 0.600812 0.040000 0.055781 0.000000 0.000000 0 0.000000 0.000000 0 0.000000 0.000000 0 0.000000 0.000000 0 0.000000 0.000000 0 0.000000 0.000000 0 0.000000 0.000000 0 0.000000 0.000000 0 0.000000 0.000000 0 0.000000 0.000000 0 0.000000 0.000000 0 0.000000 0.000000 0 0.000000 0.000000 0 0.000000 0.000000 0 0.000000 0.000000 0 0.000000 0.000000 0 0.000000 0.000000 0
0 0.647482 0.601117 0.031593 0.050703 0.000000 0.000000 0 0.000000 0.000000 0 0.000000 0.000000 0 0.000000 0.000000 0 0.000000 0.000000 0 0.000000 0.000000 0 0.000000 0.000000 0 0.000000 0.000000 0 0.000000 0.000000 0 0.000000 0.000000 0 0.000000 0.000000 0 0.000000 0.000000 0 0.000000 0.000000 0 0.000000 0.000000 0 0.000000 0.000000 0 0.000000 0.000000 0 0.000000 0.000000 0
0 0.033958 0.701594 0.067916 0.159500 0.000000 0.000000 0 0.000000 0.000000 0 0.000000 0.000000 0 0.009368 0.640625 1 0.000000 0.000000 0 0.042155 0.656250 1 0.007026 0.656250 1 0.044496 0.690625 1 0.000000 0.000000 0 0.014052 0.707812 1 0.000000 0.000000 0 0.039813 0.693750 1 0.007026 0.693750 1 0.030445 0.714063 1 0.000000 0.000000 0 0.021077 0.756250 1 0.000000 0.000000 0
0 0.104895 0.598180 0.058126 0.051453 0.000000 0.000000 0 0.000000 0.000000 0 0.000000 0.000000 0 0.000000 0.000000 0 0.000000 0.000000 0 0.000000 0.000000 0 0.000000 0.000000 0 0.000000 0.000000 0 0.000000 0.000000 0 0.000000 0.000000 0 0.000000 0.000000 0 0.000000 0.000000 0 0.000000 0.000000 0 0.000000 0.000000 0 0.000000 0.000000 0 0.000000 0.000000 0 0.000000 0.000000 0