0 0.423053 0.640565 0.173862 0.637332 0.000000 0.000000 0 0.000000 0.000000 0 0.384615 0.473558 1 0.000000 0.000000 0 0.381410 0.497596 1 0.392628 0.543269 1 0.395833 0.526442 1 0.440705 0.562500 1 0.400641 0.432692 1 0.448718 0.521635 1 0.373397 0.358173 1 0.440705 0.649038 1 0.450321 0.641827 1 0.469551 0.757212 1 0.483974 0.733173 1 0.472756 0.882212 1 0.482372 0.882212 1
0 0.675144 0.742692 0.120641 0.396779 0.657051 0.569712 1 0.660256 0.564904 1 0.652244 0.567308 1 0.668269 0.572115 1 0.645833 0.581731 1 0.684295 0.620192 1 0.637821 0.622596 1 0.697115 0.663462 1 0.620192 0.675481 1 0.721154 0.694712 1 0.649038 0.680288 1 0.684295 0.735577 1 0.652244 0.737981 1 0.703526 0.812500 1 0.657051 0.817308 1 0.713141 0.913462 1 0.641026 0.879808 1
0 0.247380 0.800781 0.102324 0.275457 0.254808 0.709135 1 0.000000 0.000000 0 0.253205 0.704327 1 0.000000 0.000000 0 0.246795 0.699519 1 0.219551 0.730769 1 0.250000 0.723558 1 0.209936 0.771635 1 0.266026 0.754808 1 0.225962 0.783654 1 0.282051 0.781250 1 0.230769 0.814904 1 0.253205 0.807692 1 0.230769 0.865385 1 0.251603 0.865385 1 0.241987 0.918269 1 0.254808 0.925481 1
0 0.389904 0.794183 0.045256 0.259183 0.379808 0.692308 1 0.383013 0.685096 1 0.373397 0.687500 1 0.389423 0.685096 1 0.000000 0.000000 0 0.395833 0.713942 1 0.376603 0.718750 1 0.000000 0.000000 0 0.000000 0.000000 0 0.000000 0.000000 0 0.000000 0.000000 0 0.394231 0.793269 1 0.378205 0.793269 1 0.397436 0.853365 1 0.371795 0.843750 1 0.400641 0.899038 1 0.375000 0.906250 1
0 0.412540 0.805986 0.057740 0.225962 0.399038 0.716346 1 0.402244 0.709135 1 0.395833 0.709135 1 0.410256 0.709135 1 0.000000 0.000000 0 0.418269 0.737981 1 0.395833 0.737981 1 0.415064 0.771635 1 0.000000 0.000000 0 0.392628 0.776442 1 0.000000 0.000000 0 0.415064 0.802885 1 0.397436 0.802885 1 0.413462 0.846154 1 0.400641 0.848558 1 0.434295 0.913462 1 0.410256 0.906250 1
0 0.427604 0.791623 0.048574 0.245697 0.000000 0.000000 0 0.000000 0.000000 0 0.000000 0.000000 0 0.000000 0.000000 0 0.000000 0.000000 0 0.000000 0.000000 0 0.000000 0.000000 0 0.000000 0.000000 0 0.000000 0.000000 0 0.000000 0.000000 0 0.000000 0.000000 0 0.000000 0.000000 0 0.000000 0.000000 0 0.000000 0.000000 0 0.000000 0.000000 0 0.000000 0.000000 0 0.000000 0.000000 0
0 0.343526 0.840841 0.049487 0.139375 0.342949 0.788462 1 0.344551 0.783654 1 0.339744 0.783654 1 0.352564 0.783654 1 0.000000 0.000000 0 0.358974 0.819712 1 0.330128 0.812500 1 0.365385 0.850962 1 0.000000 0.000000 0 0.360577 0.862981 1 0.000000 0.000000 0 0.349359 0.860577 1 0.328526 0.858173 1 0.338141 0.879808 1 0.325321 0.872596 1 0.336538 0.913462 1 0.330128 0.913462 1
0 0.850601 0.740998 0.061554 0.259014 0.000000 0.000000 0 0.000000 0.000000 0 0.000000 0.000000 0 0.000000 0.000000 0 0.000000 0.000000 0 0.822115 0.668269 1 0.852564 0.670673 1 0.817308 0.689904 1 0.860577 0.704327 1 0.000000 0.000000 0 0.871795 0.728365 1 0.830128 0.750000 1 0.849359 0.750000 1 0.830128 0.802885 1 0.847756 0.800481 1 0.830128 0.846154 1 0.849359 0.848558 1
0 0.119119 0.830457 0.068846 0.258173 0.113782 0.730769 1 0.115385 0.718750 1 0.107372 0.721154 1 0.120192 0.718750 1 0.102564 0.723558 1 0.126603 0.752404 1 0.094551 0.757212 1 0.136218 0.798077 1 0.088141 0.795673 1 0.134615 0.834135 1 0.089744 0.836538 1 0.120192 0.822115 1 0.100962 0.822115 1 0.134615 0.887019 1 0.110577 0.899038 1 0.145833 0.937500 1 0.113782 0.944712 1
0 0.042011 0.836202 0.063894 0.265000 0.000000 0.000000 0 0.000000 0.000000 0 0.000000 0.000000 0 0.000000 0.000000 0 0.048077 0.725962 1 0.025641 0.757212 1 0.054487 0.754808 1 0.020833 0.814904 1 0.065705 0.798077 1 0.025641 0.841346 1 0.064103 0.819712 1 0.036859 0.831731 1 0.054487 0.824519 1 0.044872 0.894231 1 0.062500 0.889423 1 0.051282 0.954327 1 0.067308 0.949519 1
0 0.185144 0.866442 0.044231 0.163413 0.000000 0.000000 0 0.000000 0.000000 0 0.000000 0.000000 0 0.187500 0.800481 1 0.000000 0.000000 0 0.197115 0.824519 1 0.173077 0.829327 1 0.201923 0.858173 1 0.171474 0.855769 1 0.192308 0.855769 1 0.173077 0.865385 1 0.195513 0.877404 1 0.179487 0.877404 1 0.187500 0.887019 1 0.171474 0.891827 1 0.195513 0.932692 1 0.171474 0.937500 1
0 0.577492 0.468822 0.226843 0.703894 0.568910 0.281250 1 0.575321 0.276442 1 0.000000 0.000000 0 0.588141 0.300481 1 0.000000 0.000000 0 0.600962 0.365385 1 0.549679 0.314904 1 0.602564 0.461538 1 0.524038 0.252404 1 0.559295 0.463942 1 0.495192 0.173077 1 0.586538 0.502404 1 0.546474 0.509615 1 0.621795 0.629808 1 0.551282 0.644231 1 0.673077 0.750000 1 0.599359 0.747596 1
0 0.966683 0.728762 0.051026 0.144014 0.000000 0.000000 0 0.000000 0.000000 0 0.000000 0.000000 0 0.000000 0.000000 0 0.000000 0.000000 0 0.000000 0.000000 0 0.000000 0.000000 0 0.000000 0.000000 0 0.000000 0.000000 0 0.000000 0.000000 0 0.000000 0.000000 0 0.000000 0.000000 0 0.000000 0.000000 0 0.000000 0.000000 0 0.000000 0.000000 0 0.000000 0.000000 0 0.000000 0.000000 0