0 0.492148 0.516475 0.132047 0.367377 0.459375 0.398126 1 0.467187 0.386417 1 0.450000 0.388759 1 0.485938 0.391101 1 0.000000 0.000000 0 0.514062 0.456674 1 0.439063 0.468384 1 0.521875 0.566745 1 0.443750 0.573770 1 0.476562 0.655738 1 0.445312 0.672131 1 0.523438 0.627635 1 0.470313 0.627635 1 0.518750 0.733021 1 0.000000 0.000000 0 0.000000 0.000000 0 0.000000 0.000000 0
0 0.817867 0.644941 0.163422 0.683138 0.776563 0.386417 1 0.789062 0.372365 1 0.770312 0.372365 1 0.810937 0.377049 1 0.000000 0.000000 0 0.839063 0.480094 1 0.753125 0.484778 1 0.870313 0.594848 1 0.748437 0.594848 1 0.851562 0.730679 1 0.740625 0.683841 1 0.814063 0.700234 1 0.757812 0.683841 1 0.810937 0.880562 1 0.764062 0.850117 1 0.000000 0.000000 0 0.000000 0.000000 0
0 0.309609 0.542705 0.202406 0.447190 0.337500 0.405152 1 0.340625 0.388759 1 0.321875 0.386417 1 0.000000 0.000000 0 0.298438 0.381733 1 0.310937 0.444965 1 0.295312 0.466042 1 0.284375 0.573770 1 0.348438 0.597190 1 0.279687 0.695550 1 0.407813 0.679157 1 0.295312 0.634660 1 0.267188 0.648712 1 0.293750 0.833724 1 0.265625 0.859485 1 0.000000 0.000000 0 0.000000 0.000000 0
0 0.421766 0.486429 0.059219 0.376792 0.429688 0.360656 1 0.437500 0.346604 1 0.423438 0.346604 1 0.000000 0.000000 0 0.417187 0.348946 1 0.464062 0.419204 1 0.400000 0.421546 1 0.000000 0.000000 0 0.000000 0.000000 0 0.000000 0.000000 0 0.000000 0.000000 0 0.456250 0.585480 1 0.412500 0.585480 1 0.453125 0.704918 1 0.418750 0.704918 1 0.000000 0.000000 0 0.000000 0.000000 0
0 0.589562 0.666194 0.297500 0.659602 0.579688 0.412178 1 0.593750 0.393443 1 0.570312 0.393443 1 0.618750 0.405152 1 0.000000 0.000000 0 0.626563 0.503513 1 0.565625 0.459016 1 0.576562 0.611241 1 0.539062 0.557377 1 0.504687 0.669789 1 0.485938 0.639344 1 0.654687 0.674473 1 0.604688 0.648712 1 0.659375 0.854801 1 0.618750 0.838407 1 0.660937 0.978923 1 0.620313 0.974239 1
0 0.717633 0.646452 0.110578 0.634028 0.704688 0.377049 1 0.714063 0.365340 1 0.696875 0.365340 1 0.731250 0.379391 1 0.685937 0.377049 1 0.754687 0.456674 1 0.675000 0.461358 1 0.767188 0.533958 1 0.670312 0.538642 1 0.743750 0.674473 1 0.668750 0.599532 1 0.729688 0.655738 1 0.678125 0.653396 1 0.731250 0.803279 1 0.682813 0.805621 1 0.742188 0.957845 1 0.706250 0.967213 1
0 0.921305 0.634836 0.157391 0.620211 0.884375 0.398126 1 0.898438 0.381733 1 0.876563 0.381733 1 0.928125 0.384075 1 0.000000 0.000000 0 0.939063 0.480094 1 0.871875 0.475410 1 0.976562 0.627635 1 0.000000 0.000000 0 0.953125 0.704918 1 0.000000 0.000000 0 0.914062 0.686183 1 0.873437 0.679157 1 0.912500 0.859485 1 0.873437 0.866511 1 0.000000 0.000000 0 0.000000 0.000000 0
0 0.381570 0.507869 0.100453 0.323607 0.381250 0.412178 1 0.390625 0.400468 1 0.370312 0.405152 1 0.000000 0.000000 0 0.351562 0.409836 1 0.404687 0.473068 1 0.343750 0.491803 1 0.000000 0.000000 0 0.376563 0.587822 1 0.000000 0.000000 0 0.420312 0.676815 1 0.390625 0.632319 1 0.340625 0.651054 1 0.000000 0.000000 0 0.000000 0.000000 0 0.000000 0.000000 0 0.000000 0.000000 0
0 0.066875 0.591218 0.121719 0.472974 0.092188 0.423888 1 0.101562 0.414520 1 0.079687 0.412178 1 0.000000 0.000000 0 0.068750 0.423888 1 0.109375 0.487119 1 0.035937 0.494145 1 0.000000 0.000000 0 0.026562 0.587822 1 0.000000 0.000000 0 0.048438 0.632319 1 0.110937 0.669789 1 0.056250 0.669789 1 0.110937 0.784543 1 0.057813 0.784543 1 0.000000 0.000000 0 0.000000 0.000000 0
0 0.173953 0.641674 0.127344 0.610562 0.187500 0.402810 1 0.195312 0.386417 1 0.178125 0.388759 1 0.207813 0.381733 1 0.157812 0.391101 1 0.231250 0.468384 1 0.139063 0.470726 1 0.000000 0.000000 0 0.121875 0.552693 1 0.000000 0.000000 0 0.131250 0.655738 1 0.226562 0.672131 1 0.159375 0.674473 1 0.226562 0.805621 1 0.168750 0.814988 1 0.000000 0.000000 0 0.173437 0.957845 1
0 0.561117 0.408923 0.049078 0.182904 0.000000 0.000000 0 0.000000 0.000000 0 0.000000 0.000000 0 0.000000 0.000000 0 0.000000 0.000000 0 0.000000 0.000000 0 0.000000 0.000000 0 0.000000 0.000000 0 0.000000 0.000000 0 0.000000 0.000000 0 0.000000 0.000000 0 0.000000 0.000000 0 0.000000 0.000000 0 0.000000 0.000000 0 0.000000 0.000000 0 0.000000 0.000000 0 0.000000 0.000000 0