0 0.601289 0.519490 0.468203 0.738896 0.592187 0.237500 1 0.595313 0.222917 1 0.576562 0.229167 1 0.000000 0.000000 0 0.540625 0.235417 1 0.632812 0.308333 1 0.506250 0.316667 1 0.695312 0.360417 1 0.470313 0.397917 1 0.760938 0.370833 1 0.450000 0.464583 1 0.601562 0.500000 1 0.504687 0.495833 1 0.642188 0.608333 1 0.446875 0.629167 1 0.646875 0.741667 1 0.417187 0.822917 1
0 0.869664 0.261802 0.057297 0.249438 0.000000 0.000000 0 0.000000 0.000000 0 0.000000 0.000000 0 0.864062 0.156250 1 0.881250 0.156250 1 0.853125 0.191667 1 0.890625 0.191667 1 0.843750 0.216667 1 0.896875 0.216667 1 0.000000 0.000000 0 0.000000 0.000000 0 0.859375 0.258333 1 0.882812 0.256250 1 0.865625 0.316667 1 0.878125 0.314583 1 0.871875 0.354167 1 0.000000 0.000000 0
0 0.316148 0.072542 0.022672 0.091542 0.000000 0.000000 0 0.000000 0.000000 0 0.000000 0.000000 0 0.000000 0.000000 0 0.000000 0.000000 0 0.000000 0.000000 0 0.000000 0.000000 0 0.000000 0.000000 0 0.000000 0.000000 0 0.000000 0.000000 0 0.000000 0.000000 0 0.000000 0.000000 0 0.000000 0.000000 0 0.000000 0.000000 0 0.000000 0.000000 0 0.000000 0.000000 0 0.000000 0.000000 0
0 0.340289 0.154896 0.040734 0.218458 0.348438 0.060417 1 0.000000 0.000000 0 0.346875 0.056250 1 0.000000 0.000000 0 0.340625 0.060417 1 0.328125 0.085417 1 0.340625 0.085417 1 0.000000 0.000000 0 0.340625 0.118750 1 0.000000 0.000000 0 0.346875 0.143750 1 0.334375 0.141667 1 0.342187 0.141667 1 0.335938 0.195833 1 0.342187 0.197917 1 0.331250 0.241667 1 0.340625 0.243750 1
0 0.709680 0.229625 0.047078 0.204042 0.692187 0.143750 1 0.696875 0.139583 1 0.000000 0.000000 0 0.000000 0.000000 0 0.706250 0.141667 1 0.701562 0.164583 1 0.725000 0.164583 1 0.700000 0.212500 1 0.000000 0.000000 0 0.684375 0.235417 1 0.000000 0.000000 0 0.701562 0.247917 1 0.721875 0.247917 1 0.000000 0.000000 0 0.717187 0.295833 1 0.000000 0.000000 0 0.000000 0.000000 0
0 0.394836 0.061667 0.022734 0.057708 0.000000 0.000000 0 0.000000 0.000000 0 0.000000 0.000000 0 0.000000 0.000000 0 0.000000 0.000000 0 0.000000 0.000000 0 0.000000 0.000000 0 0.000000 0.000000 0 0.000000 0.000000 0 0.000000 0.000000 0 0.000000 0.000000 0 0.000000 0.000000 0 0.000000 0.000000 0 0.000000 0.000000 0 0.000000 0.000000 0 0.000000 0.000000 0 0.000000 0.000000 0
0 0.432594 0.116323 0.035656 0.165021 0.000000 0.000000 0 0.000000 0.000000 0 0.000000 0.000000 0 0.000000 0.000000 0 0.000000 0.000000 0 0.000000 0.000000 0 0.000000 0.000000 0 0.000000 0.000000 0 0.000000 0.000000 0 0.000000 0.000000 0 0.000000 0.000000 0 0.000000 0.000000 0 0.000000 0.000000 0 0.000000 0.000000 0 0.000000 0.000000 0 0.000000 0.000000 0 0.000000 0.000000 0
0 0.842148 0.221010 0.059766 0.278104 0.000000 0.000000 0 0.000000 0.000000 0 0.000000 0.000000 0 0.000000 0.000000 0 0.000000 0.000000 0 0.820312 0.139583 1 0.854688 0.135417 1 0.000000 0.000000 0 0.000000 0.000000 0 0.000000 0.000000 0 0.000000 0.000000 0 0.828125 0.204167 1 0.850000 0.204167 1 0.834375 0.277083 1 0.853125 0.272917 1 0.842187 0.329167 1 0.856250 0.335417 1
0 0.898023 0.238010 0.038234 0.231021 0.879687 0.139583 1 0.881250 0.133333 1 0.000000 0.000000 0 0.887500 0.137500 1 0.000000 0.000000 0 0.881250 0.168750 1 0.906250 0.170833 1 0.000000 0.000000 0 0.909375 0.202083 1 0.000000 0.000000 0 0.910937 0.225000 1 0.884375 0.235417 1 0.900000 0.237500 1 0.884375 0.281250 1 0.901563 0.281250 1 0.885938 0.331250 1 0.901563 0.333333 1
0 0.961703 0.185219 0.057594 0.180688 0.000000 0.000000 0 0.000000 0.000000 0 0.000000 0.000000 0 0.953125 0.137500 1 0.973437 0.133333 1 0.943750 0.164583 1 0.984375 0.162500 1 0.939063 0.210417 1 0.000000 0.000000 0 0.000000 0.000000 0 0.000000 0.000000 0 0.954688 0.229167 1 0.976562 0.229167 1 0.965625 0.310417 1 0.973437 0.295833 1 0.000000 0.000000 0 0.965625 0.358333 1
0 0.519875 0.157083 0.045750 0.216542 0.000000 0.000000 0 0.000000 0.000000 0 0.000000 0.000000 0 0.518750 0.060417 1 0.532813 0.064583 1 0.507812 0.085417 1 0.532813 0.089583 1 0.000000 0.000000 0 0.000000 0.000000 0 0.000000 0.000000 0 0.000000 0.000000 0 0.506250 0.154167 1 0.523438 0.156250 1 0.509375 0.206250 1 0.000000 0.000000 0 0.000000 0.000000 0 0.000000 0.000000 0
0 0.678187 0.117156 0.051625 0.174354 0.000000 0.000000 0 0.000000 0.000000 0 0.000000 0.000000 0 0.000000 0.000000 0 0.000000 0.000000 0 0.660937 0.062500 1 0.000000 0.000000 0 0.656250 0.093750 1 0.693750 0.091667 1 0.000000 0.000000 0 0.698438 0.106250 1 0.667188 0.108333 1 0.000000 0.000000 0 0.000000 0.000000 0 0.690625 0.145833 1 0.673438 0.189583 1 0.689063 0.183333 1
0 0.299086 0.109177 0.048391 0.176896 0.000000 0.000000 0 0.000000 0.000000 0 0.000000 0.000000 0 0.000000 0.000000 0 0.000000 0.000000 0 0.000000 0.000000 0 0.000000 0.000000 0 0.000000 0.000000 0 0.000000 0.000000 0 0.000000 0.000000 0 0.000000 0.000000 0 0.000000 0.000000 0 0.000000 0.000000 0 0.000000 0.000000 0 0.000000 0.000000 0 0.000000 0.000000 0 0.000000 0.000000 0