0 0.244852 0.819354 0.147953 0.361293 0.000000 0.000000 0 0.000000 0.000000 0 0.000000 0.000000 0 0.209375 0.702948 1 0.248438 0.698413 1 0.201563 0.770975 1 0.268750 0.759637 1 0.190625 0.891156 1 0.307812 0.861678 1 0.185938 0.956916 1 0.309375 0.920635 1 0.218750 0.888889 1 0.276562 0.886621 1 0.000000 0.000000 0 0.000000 0.000000 0 0.000000 0.000000 0 0.000000 0.000000 0
0 0.056516 0.434830 0.113031 0.393243 0.059375 0.260771 1 0.060937 0.253968 1 0.051562 0.256236 1 0.000000 0.000000 0 0.042188 0.265306 1 0.078125 0.312925 1 0.026562 0.315193 1 0.085938 0.351474 1 0.003125 0.356009 1 0.098437 0.376417 1 0.026562 0.390023 1 0.075000 0.430839 1 0.046875 0.433107 1 0.089063 0.519274 1 0.064062 0.521542 1 0.079687 0.616780 1 0.034375 0.532880 1
0 0.028500 0.561270 0.057000 0.344444 0.000000 0.000000 0 0.000000 0.000000 0 0.000000 0.000000 0 0.000000 0.000000 0 0.000000 0.000000 0 0.000000 0.000000 0 0.000000 0.000000 0 0.000000 0.000000 0 0.000000 0.000000 0 0.000000 0.000000 0 0.000000 0.000000 0 0.000000 0.000000 0 0.000000 0.000000 0 0.000000 0.000000 0 0.014063 0.596372 1 0.000000 0.000000 0 0.012500 0.700680 1
0 0.591555 0.536429 0.126109 0.596213 0.000000 0.000000 0 0.000000 0.000000 0 0.000000 0.000000 0 0.000000 0.000000 0 0.560937 0.421769 1 0.553125 0.480726 1 0.570312 0.435374 1 0.535937 0.548753 1 0.590625 0.351474 1 0.553125 0.594104 1 0.615625 0.301587 1 0.543750 0.575964 1 0.581250 0.573696 1 0.592187 0.689342 1 0.623437 0.682540 1 0.556250 0.802721 1 0.612500 0.804989 1
0 0.884117 0.433322 0.112078 0.270000 0.895312 0.335601 1 0.903125 0.328798 1 0.890625 0.326531 1 0.000000 0.000000 0 0.000000 0.000000 0 0.920312 0.383220 1 0.867188 0.378685 1 0.932813 0.437642 1 0.854688 0.439909 1 0.926562 0.494331 1 0.842187 0.478458 1 0.904687 0.498866 1 0.867188 0.496599 1 0.903125 0.578231 1 0.865625 0.580499 1 0.000000 0.000000 0 0.862500 0.668934 1
0 0.699031 0.045476 0.057688 0.088866 0.000000 0.000000 0 0.000000 0.000000 0 0.000000 0.000000 0 0.000000 0.000000 0 0.000000 0.000000 0 0.000000 0.000000 0 0.000000 0.000000 0 0.000000 0.000000 0 0.000000 0.000000 0 0.000000 0.000000 0 0.000000 0.000000 0 0.000000 0.000000 0 0.000000 0.000000 0 0.000000 0.000000 0 0.000000 0.000000 0 0.000000 0.000000 0 0.000000 0.000000 0
0 0.629336 0.048322 0.064391 0.078957 0.000000 0.000000 0 0.000000 0.000000 0 0.000000 0.000000 0 0.000000 0.000000 0 0.000000 0.000000 0 0.000000 0.000000 0 0.000000 0.000000 0 0.000000 0.000000 0 0.000000 0.000000 0 0.000000 0.000000 0 0.000000 0.000000 0 0.000000 0.000000 0 0.000000 0.000000 0 0.000000 0.000000 0 0.000000 0.000000 0 0.000000 0.000000 0 0.000000 0.000000 0
0 0.586711 0.044104 0.055078 0.088209 0.000000 0.000000 0 0.000000 0.000000 0 0.000000 0.000000 0 0.000000 0.000000 0 0.000000 0.000000 0 0.000000 0.000000 0 0.000000 0.000000 0 0.000000 0.000000 0 0.000000 0.000000 0 0.000000 0.000000 0 0.000000 0.000000 0 0.000000 0.000000 0 0.000000 0.000000 0 0.000000 0.000000 0 0.000000 0.000000 0 0.000000 0.000000 0 0.000000 0.000000 0
0 0.522156 0.062789 0.026938 0.034785 0.000000 0.000000 0 0.000000 0.000000 0 0.000000 0.000000 0 0.000000 0.000000 0 0.000000 0.000000 0 0.000000 0.000000 0 0.000000 0.000000 0 0.000000 0.000000 0 0.000000 0.000000 0 0.000000 0.000000 0 0.000000 0.000000 0 0.000000 0.000000 0 0.000000 0.000000 0 0.000000 0.000000 0 0.000000 0.000000 0 0.000000 0.000000 0 0.000000 0.000000 0
0 0.962797 0.497653 0.074406 0.213719 0.978125 0.426304 1 0.984375 0.421769 1 0.975000 0.421769 1 0.996875 0.433107 1 0.000000 0.000000 0 0.000000 0.000000 0 0.970313 0.469388 1 0.996875 0.530612 1 0.965625 0.530612 1 0.975000 0.573696 1 0.954688 0.566893 1 0.000000 0.000000 0 0.000000 0.000000 0 0.000000 0.000000 0 0.000000 0.000000 0 0.000000 0.000000 0 0.000000 0.000000 0
0 0.878836 0.084819 0.044172 0.050272 0.000000 0.000000 0 0.000000 0.000000 0 0.000000 0.000000 0 0.000000 0.000000 0 0.000000 0.000000 0 0.000000 0.000000 0 0.000000 0.000000 0 0.000000 0.000000 0 0.000000 0.000000 0 0.000000 0.000000 0 0.000000 0.000000 0 0.000000 0.000000 0 0.000000 0.000000 0 0.000000 0.000000 0 0.000000 0.000000 0 0.000000 0.000000 0 0.000000 0.000000 0
0 0.984094 0.081780 0.031250 0.070227 0.000000 0.000000 0 0.000000 0.000000 0 0.000000 0.000000 0 0.000000 0.000000 0 0.000000 0.000000 0 0.000000 0.000000 0 0.000000 0.000000 0 0.000000 0.000000 0 0.000000 0.000000 0 0.000000 0.000000 0 0.000000 0.000000 0 0.000000 0.000000 0 0.000000 0.000000 0 0.000000 0.000000 0 0.000000 0.000000 0 0.000000 0.000000 0 0.000000 0.000000 0
0 0.115531 0.120363 0.075375 0.189977 0.000000 0.000000 0 0.000000 0.000000 0 0.000000 0.000000 0 0.000000 0.000000 0 0.000000 0.000000 0 0.101562 0.047619 1 0.121875 0.056689 1 0.000000 0.000000 0 0.132812 0.115646 1 0.000000 0.000000 0 0.143750 0.151927 1 0.096875 0.133787 1 0.115625 0.136054 1 0.114062 0.185941 1 0.129688 0.190476 1 0.092188 0.185941 1 0.101562 0.192744 1