0 0.639445 0.722538 0.130109 0.312814 0.637500 0.600503 1 0.645312 0.592965 1 0.629687 0.592965 1 0.657813 0.605528 1 0.620313 0.610553 1 0.665625 0.665829 1 0.614062 0.670854 1 0.685937 0.743719 1 0.601562 0.758794 1 0.645312 0.751256 1 0.648438 0.746231 1 0.664062 0.796482 1 0.621875 0.796482 1 0.692187 0.809045 1 0.579688 0.809045 1 0.610938 0.859296 1 0.673438 0.866834 1
0 0.118789 0.453932 0.097828 0.319121 0.115625 0.354271 1 0.121875 0.341709 1 0.107813 0.341709 1 0.134375 0.344221 1 0.092188 0.341709 1 0.146875 0.407035 1 0.079687 0.414573 1 0.154688 0.510050 1 0.000000 0.000000 0 0.000000 0.000000 0 0.000000 0.000000 0 0.142187 0.552764 1 0.087500 0.555276 1 0.000000 0.000000 0 0.000000 0.000000 0 0.000000 0.000000 0 0.000000 0.000000 0
0 0.854180 0.399497 0.085484 0.198693 0.865625 0.371859 1 0.875000 0.359296 1 0.859375 0.359296 1 0.885938 0.369347 1 0.845313 0.366834 1 0.887500 0.417085 1 0.832812 0.422111 1 0.879687 0.472362 1 0.818750 0.479899 1 0.843750 0.457286 1 0.860938 0.464824 1 0.000000 0.000000 0 0.000000 0.000000 0 0.000000 0.000000 0 0.000000 0.000000 0 0.000000 0.000000 0 0.000000 0.000000 0
0 0.092266 0.633920 0.169375 0.614322 0.054688 0.379397 1 0.062500 0.371859 1 0.045312 0.369347 1 0.073438 0.379397 1 0.031250 0.381910 1 0.090625 0.459799 1 0.015625 0.459799 1 0.117188 0.560302 1 0.000000 0.000000 0 0.090625 0.592965 1 0.042188 0.608040 1 0.090625 0.620603 1 0.039062 0.623116 1 0.081250 0.690955 1 0.106250 0.628141 1 0.090625 0.856784 1 0.128125 0.806533 1
0 0.271953 0.398103 0.112812 0.380879 0.276562 0.261307 1 0.282813 0.253769 1 0.268750 0.256281 1 0.295312 0.261307 1 0.259375 0.261307 1 0.310937 0.341709 1 0.240625 0.331658 1 0.310937 0.429648 1 0.232813 0.412060 1 0.256250 0.399497 1 0.273438 0.404523 1 0.293750 0.492462 1 0.251563 0.489950 1 0.000000 0.000000 0 0.000000 0.000000 0 0.000000 0.000000 0 0.000000 0.000000 0
0 0.377719 0.380528 0.101562 0.272915 0.371875 0.293970 1 0.379688 0.281407 1 0.365625 0.283920 1 0.390625 0.296482 1 0.354687 0.293970 1 0.403125 0.344221 1 0.339062 0.344221 1 0.410938 0.399497 1 0.339062 0.409548 1 0.370312 0.402010 1 0.387500 0.402010 1 0.400000 0.459799 1 0.350000 0.457286 1 0.000000 0.000000 0 0.000000 0.000000 0 0.000000 0.000000 0 0.000000 0.000000 0
0 0.459437 0.322362 0.090688 0.244874 0.456250 0.263819 1 0.464062 0.251256 1 0.448437 0.251256 1 0.475000 0.256281 1 0.437500 0.256281 1 0.489063 0.324121 1 0.423438 0.331658 1 0.496875 0.414573 1 0.428125 0.419598 1 0.440625 0.409548 1 0.476562 0.409548 1 0.487500 0.444724 1 0.434375 0.444724 1 0.000000 0.000000 0 0.000000 0.000000 0 0.000000 0.000000 0 0.000000 0.000000 0
0 0.551320 0.560000 0.099953 0.290553 0.554688 0.459799 1 0.564063 0.452261 1 0.545312 0.447236 1 0.571875 0.459799 1 0.534375 0.457286 1 0.581250 0.512563 1 0.529687 0.515075 1 0.585938 0.582915 1 0.514062 0.572864 1 0.579688 0.655779 1 0.557813 0.577889 1 0.573438 0.640704 1 0.537500 0.640704 1 0.000000 0.000000 0 0.000000 0.000000 0 0.000000 0.000000 0 0.000000 0.000000 0
0 0.457477 0.569749 0.101641 0.326884 0.456250 0.462312 1 0.464062 0.452261 1 0.448437 0.454774 1 0.473438 0.459799 1 0.437500 0.462312 1 0.492188 0.512563 1 0.423438 0.517588 1 0.476562 0.615578 1 0.418750 0.610553 1 0.000000 0.000000 0 0.434375 0.665829 1 0.484375 0.643216 1 0.434375 0.645729 1 0.000000 0.000000 0 0.000000 0.000000 0 0.000000 0.000000 0 0.000000 0.000000 0
0 0.540617 0.359711 0.090984 0.276206 0.543750 0.278894 1 0.548438 0.266332 1 0.535937 0.266332 1 0.560937 0.268844 1 0.526563 0.273869 1 0.575000 0.336683 1 0.515625 0.329146 1 0.578125 0.399497 1 0.507812 0.389447 1 0.535937 0.419598 1 0.543750 0.399497 1 0.550000 0.464824 1 0.518750 0.464824 1 0.000000 0.000000 0 0.000000 0.000000 0 0.000000 0.000000 0 0.000000 0.000000 0
0 0.629437 0.352550 0.107625 0.265603 0.626563 0.278894 1 0.635938 0.268844 1 0.618750 0.268844 1 0.646875 0.278894 1 0.610938 0.281407 1 0.667188 0.336683 1 0.595313 0.331658 1 0.678125 0.396985 1 0.590625 0.412060 1 0.634375 0.399497 1 0.000000 0.000000 0 0.000000 0.000000 0 0.000000 0.000000 0 0.000000 0.000000 0 0.000000 0.000000 0 0.000000 0.000000 0 0.000000 0.000000 0
0 0.177430 0.387211 0.090172 0.266332 0.179688 0.316583 1 0.187500 0.304020 1 0.170313 0.306533 1 0.193750 0.309045 1 0.156250 0.311558 1 0.200000 0.374372 1 0.146875 0.374372 1 0.214062 0.454774 1 0.000000 0.000000 0 0.168750 0.434673 1 0.000000 0.000000 0 0.192188 0.522613 1 0.151562 0.522613 1 0.000000 0.000000 0 0.000000 0.000000 0 0.000000 0.000000 0 0.000000 0.000000 0