0 0.170922 0.702248 0.143937 0.568525 0.225000 0.466042 1 0.000000 0.000000 0 0.220312 0.456674 1 0.000000 0.000000 0 0.200000 0.451991 1 0.215625 0.515222 1 0.140625 0.512881 1 0.228125 0.604215 1 0.120313 0.590164 1 0.259375 0.632319 1 0.123438 0.693208 1 0.229687 0.686183 1 0.165625 0.686183 1 0.221875 0.810304 1 0.168750 0.812646 1 0.218750 0.906323 1 0.168750 0.915691 1
0 0.271266 0.721101 0.102313 0.452319 0.000000 0.000000 0 0.000000 0.000000 0 0.000000 0.000000 0 0.000000 0.000000 0 0.000000 0.000000 0 0.254688 0.564403 1 0.000000 0.000000 0 0.000000 0.000000 0 0.000000 0.000000 0 0.000000 0.000000 0 0.000000 0.000000 0 0.267188 0.679157 1 0.000000 0.000000 0 0.000000 0.000000 0 0.000000 0.000000 0 0.000000 0.000000 0 0.000000 0.000000 0
0 0.276867 0.541569 0.027703 0.115597 0.000000 0.000000 0 0.000000 0.000000 0 0.000000 0.000000 0 0.000000 0.000000 0 0.000000 0.000000 0 0.000000 0.000000 0 0.000000 0.000000 0 0.000000 0.000000 0 0.000000 0.000000 0 0.000000 0.000000 0 0.000000 0.000000 0 0.000000 0.000000 0 0.000000 0.000000 0 0.000000 0.000000 0 0.000000 0.000000 0 0.000000 0.000000 0 0.000000 0.000000 0
0 0.345945 0.456862 0.030391 0.078689 0.000000 0.000000 0 0.000000 0.000000 0 0.000000 0.000000 0 0.000000 0.000000 0 0.000000 0.000000 0 0.000000 0.000000 0 0.000000 0.000000 0 0.000000 0.000000 0 0.000000 0.000000 0 0.000000 0.000000 0 0.000000 0.000000 0 0.000000 0.000000 0 0.000000 0.000000 0 0.000000 0.000000 0 0.000000 0.000000 0 0.000000 0.000000 0 0.000000 0.000000 0
0 0.376180 0.651920 0.086984 0.389789 0.000000 0.000000 0 0.000000 0.000000 0 0.000000 0.000000 0 0.000000 0.000000 0 0.000000 0.000000 0 0.346875 0.531616 1 0.393750 0.526932 1 0.346875 0.601874 1 0.409375 0.592506 1 0.354687 0.653396 1 0.409375 0.634660 1 0.368750 0.655738 1 0.392188 0.653396 1 0.370312 0.740047 1 0.389062 0.747073 1 0.371875 0.814988 1 0.385937 0.819672 1
0 0.537977 0.703829 0.165359 0.592342 0.000000 0.000000 0 0.000000 0.000000 0 0.000000 0.000000 0 0.500000 0.449649 1 0.532813 0.454333 1 0.476562 0.519906 1 0.548438 0.526932 1 0.000000 0.000000 0 0.000000 0.000000 0 0.000000 0.000000 0 0.000000 0.000000 0 0.485938 0.681499 1 0.529687 0.683841 1 0.489063 0.814988 1 0.528125 0.817330 1 0.495312 0.946136 1 0.526563 0.953162 1
0 0.584555 0.549953 0.041578 0.126885 0.000000 0.000000 0 0.000000 0.000000 0 0.000000 0.000000 0 0.000000 0.000000 0 0.000000 0.000000 0 0.000000 0.000000 0 0.000000 0.000000 0 0.000000 0.000000 0 0.000000 0.000000 0 0.000000 0.000000 0 0.000000 0.000000 0 0.000000 0.000000 0 0.000000 0.000000 0 0.000000 0.000000 0 0.000000 0.000000 0 0.000000 0.000000 0 0.000000 0.000000 0
0 0.299563 0.687553 0.039156 0.270937 0.000000 0.000000 0 0.000000 0.000000 0 0.000000 0.000000 0 0.296875 0.569087 1 0.000000 0.000000 0 0.296875 0.611241 1 0.000000 0.000000 0 0.000000 0.000000 0 0.000000 0.000000 0 0.000000 0.000000 0 0.000000 0.000000 0 0.298438 0.686183 1 0.000000 0.000000 0 0.298438 0.742389 1 0.000000 0.000000 0 0.303125 0.798595 1 0.000000 0.000000 0
0 0.647992 0.669157 0.089359 0.345480 0.000000 0.000000 0 0.000000 0.000000 0 0.000000 0.000000 0 0.625000 0.529274 1 0.000000 0.000000 0 0.657813 0.548009 1 0.650000 0.540984 1 0.651563 0.599532 1 0.000000 0.000000 0 0.623437 0.625293 1 0.000000 0.000000 0 0.675000 0.644028 1 0.662500 0.639344 1 0.675000 0.735363 1 0.659375 0.728337 1 0.682813 0.817330 1 0.665625 0.800937 1
0 0.668523 0.556663 0.054484 0.130562 0.000000 0.000000 0 0.000000 0.000000 0 0.000000 0.000000 0 0.000000 0.000000 0 0.000000 0.000000 0 0.000000 0.000000 0 0.000000 0.000000 0 0.000000 0.000000 0 0.000000 0.000000 0 0.000000 0.000000 0 0.000000 0.000000 0 0.000000 0.000000 0 0.000000 0.000000 0 0.000000 0.000000 0 0.000000 0.000000 0 0.000000 0.000000 0 0.000000 0.000000 0
0 0.742406 0.623712 0.076125 0.269578 0.000000 0.000000 0 0.000000 0.000000 0 0.000000 0.000000 0 0.748437 0.503513 1 0.762500 0.503513 1 0.726562 0.533958 1 0.771875 0.543326 1 0.707812 0.594848 1 0.770312 0.604215 1 0.000000 0.000000 0 0.000000 0.000000 0 0.732812 0.604215 1 0.754687 0.604215 1 0.734375 0.667447 1 0.756250 0.667447 1 0.739062 0.733021 1 0.753125 0.723653 1
0 0.436445 0.525644 0.036234 0.084965 0.000000 0.000000 0 0.000000 0.000000 0 0.000000 0.000000 0 0.000000 0.000000 0 0.000000 0.000000 0 0.000000 0.000000 0 0.000000 0.000000 0 0.000000 0.000000 0 0.000000 0.000000 0 0.000000 0.000000 0 0.000000 0.000000 0 0.000000 0.000000 0 0.000000 0.000000 0 0.000000 0.000000 0 0.000000 0.000000 0 0.000000 0.000000 0 0.000000 0.000000 0
0 0.832711 0.656300 0.065609 0.289040 0.000000 0.000000 0 0.000000 0.000000 0 0.000000 0.000000 0 0.000000 0.000000 0 0.000000 0.000000 0 0.818750 0.552693 1 0.840625 0.564403 1 0.000000 0.000000 0 0.000000 0.000000 0 0.000000 0.000000 0 0.000000 0.000000 0 0.806250 0.644028 1 0.821875 0.646370 1 0.818750 0.711944 1 0.823438 0.711944 1 0.821875 0.775176 1 0.828125 0.777518 1