0 0.471141 0.585375 0.296688 0.625129 0.473438 0.377049 1 0.000000 0.000000 0 0.462500 0.367681 1 0.000000 0.000000 0 0.428125 0.358314 1 0.450000 0.358314 1 0.403125 0.405152 1 0.528125 0.414520 1 0.339062 0.536300 1 0.585938 0.526932 1 0.357812 0.590164 1 0.442188 0.491803 1 0.414062 0.557377 1 0.496875 0.423888 1 0.493750 0.651054 1 0.501563 0.606557 1 0.518750 0.807963 1
0 0.759398 0.543817 0.166422 0.530351 0.000000 0.000000 0 0.000000 0.000000 0 0.000000 0.000000 0 0.000000 0.000000 0 0.000000 0.000000 0 0.814063 0.185012 1 0.737500 0.199063 1 0.000000 0.000000 0 0.000000 0.000000 0 0.000000 0.000000 0 0.000000 0.000000 0 0.809375 0.419204 1 0.745313 0.419204 1 0.801562 0.594848 1 0.739062 0.597190 1 0.792188 0.768150 1 0.732812 0.772834 1
0 0.350250 0.848337 0.065594 0.301405 0.000000 0.000000 0 0.000000 0.000000 0 0.000000 0.000000 0 0.000000 0.000000 0 0.000000 0.000000 0 0.318750 0.740047 1 0.351562 0.740047 1 0.000000 0.000000 0 0.375000 0.803279 1 0.000000 0.000000 0 0.370312 0.859485 1 0.328125 0.817330 1 0.362500 0.817330 1 0.326562 0.894614 1 0.353125 0.894614 1 0.321875 0.962529 1 0.365625 0.967213 1
0 0.122484 0.816042 0.060344 0.269836 0.000000 0.000000 0 0.000000 0.000000 0 0.000000 0.000000 0 0.000000 0.000000 0 0.000000 0.000000 0 0.132812 0.768150 1 0.000000 0.000000 0 0.143750 0.829040 1 0.000000 0.000000 0 0.126562 0.829040 1 0.000000 0.000000 0 0.000000 0.000000 0 0.000000 0.000000 0 0.000000 0.000000 0 0.000000 0.000000 0 0.000000 0.000000 0 0.000000 0.000000 0
0 0.092000 0.829836 0.096594 0.330632 0.000000 0.000000 0 0.000000 0.000000 0 0.000000 0.000000 0 0.000000 0.000000 0 0.087500 0.709602 1 0.054688 0.742389 1 0.089063 0.756440 1 0.000000 0.000000 0 0.100000 0.840749 1 0.000000 0.000000 0 0.000000 0.000000 0 0.000000 0.000000 0 0.087500 0.873536 1 0.000000 0.000000 0 0.100000 0.953162 1 0.000000 0.000000 0 0.000000 0.000000 0
0 0.142016 0.725550 0.075219 0.198173 0.000000 0.000000 0 0.000000 0.000000 0 0.000000 0.000000 0 0.117188 0.641686 1 0.135937 0.660422 1 0.109375 0.686183 1 0.131250 0.697892 1 0.000000 0.000000 0 0.000000 0.000000 0 0.000000 0.000000 0 0.000000 0.000000 0 0.000000 0.000000 0 0.000000 0.000000 0 0.000000 0.000000 0 0.000000 0.000000 0 0.000000 0.000000 0 0.000000 0.000000 0
0 0.470164 0.827963 0.074641 0.322155 0.000000 0.000000 0 0.000000 0.000000 0 0.000000 0.000000 0 0.000000 0.000000 0 0.000000 0.000000 0 0.473438 0.718970 1 0.000000 0.000000 0 0.454688 0.756440 1 0.000000 0.000000 0 0.443750 0.784543 1 0.000000 0.000000 0 0.478125 0.859485 1 0.493750 0.859485 1 0.464062 0.908665 1 0.492188 0.911007 1 0.459375 0.969555 1 0.493750 0.971897 1
0 0.400328 0.782904 0.059844 0.073583 0.000000 0.000000 0 0.000000 0.000000 0 0.000000 0.000000 0 0.000000 0.000000 0 0.000000 0.000000 0 0.000000 0.000000 0 0.000000 0.000000 0 0.000000 0.000000 0 0.000000 0.000000 0 0.000000 0.000000 0 0.000000 0.000000 0 0.000000 0.000000 0 0.000000 0.000000 0 0.000000 0.000000 0 0.000000 0.000000 0 0.000000 0.000000 0 0.000000 0.000000 0
0 0.070195 0.886815 0.140391 0.226370 0.010937 0.840749 1 0.015625 0.829040 1 0.003125 0.833724 1 0.039062 0.831382 1 0.000000 0.000000 0 0.064062 0.908665 1 0.000000 0.000000 0 0.082812 0.981265 1 0.000000 0.000000 0 0.000000 0.000000 0 0.000000 0.000000 0 0.000000 0.000000 0 0.000000 0.000000 0 0.000000 0.000000 0 0.000000 0.000000 0 0.000000 0.000000 0 0.000000 0.000000 0
0 0.299859 0.835948 0.077969 0.305621 0.000000 0.000000 0 0.000000 0.000000 0 0.000000 0.000000 0 0.000000 0.000000 0 0.000000 0.000000 0 0.304688 0.761124 1 0.000000 0.000000 0 0.296875 0.822014 1 0.000000 0.000000 0 0.279687 0.859485 1 0.000000 0.000000 0 0.295312 0.866511 1 0.318750 0.866511 1 0.284375 0.943794 1 0.307812 0.936768 1 0.000000 0.000000 0 0.000000 0.000000 0
0 0.841500 0.450445 0.171312 0.731991 0.834375 0.173302 1 0.840625 0.156909 1 0.829688 0.161593 1 0.876563 0.149883 1 0.000000 0.000000 0 0.914062 0.199063 1 0.821875 0.227166 1 0.000000 0.000000 0 0.787500 0.334895 1 0.000000 0.000000 0 0.770312 0.437939 1 0.000000 0.000000 0 0.875000 0.428571 1 0.000000 0.000000 0 0.857812 0.590164 1 0.000000 0.000000 0 0.887500 0.725995 1
0 0.215406 0.839321 0.098594 0.234941 0.232813 0.763466 1 0.235937 0.758782 1 0.228125 0.758782 1 0.246875 0.763466 1 0.220312 0.765808 1 0.251563 0.812646 1 0.217188 0.810304 1 0.248438 0.866511 1 0.200000 0.847775 1 0.240625 0.901639 1 0.185938 0.873536 1 0.242188 0.885246 1 0.218750 0.882904 1 0.239063 0.948478 1 0.218750 0.948478 1 0.239063 0.988290 1 0.220312 0.988290 1
0 0.540609 0.760222 0.041500 0.235152 0.535937 0.690867 1 0.542188 0.683841 1 0.531250 0.681499 1 0.000000 0.000000 0 0.523438 0.679157 1 0.551562 0.709602 1 0.507812 0.704918 1 0.000000 0.000000 0 0.000000 0.000000 0 0.000000 0.000000 0 0.000000 0.000000 0 0.546875 0.845433 1 0.510938 0.843091 1 0.000000 0.000000 0 0.000000 0.000000 0 0.000000 0.000000 0 0.000000 0.000000 0