0 0.102758 0.503646 0.098734 0.306917 0.131250 0.377083 1 0.000000 0.000000 0 0.129688 0.375000 1 0.000000 0.000000 0 0.117188 0.372917 1 0.129688 0.408333 1 0.092188 0.406250 1 0.143750 0.450000 1 0.078125 0.445833 1 0.146875 0.489583 1 0.076563 0.487500 1 0.123438 0.502083 1 0.098437 0.502083 1 0.117188 0.562500 1 0.089063 0.564583 1 0.110937 0.639583 1 0.076563 0.635417 1
0 0.502516 0.548417 0.102344 0.317667 0.000000 0.000000 0 0.000000 0.000000 0 0.000000 0.000000 0 0.506250 0.414583 1 0.528125 0.414583 1 0.503125 0.443750 1 0.539062 0.452083 1 0.493750 0.485417 1 0.543750 0.510417 1 0.492188 0.525000 1 0.529687 0.545833 1 0.504687 0.550000 1 0.525000 0.554167 1 0.484375 0.606250 1 0.520312 0.618750 1 0.482812 0.683333 1 0.517188 0.683333 1
0 0.285680 0.591010 0.109547 0.359563 0.000000 0.000000 0 0.000000 0.000000 0 0.000000 0.000000 0 0.278125 0.435417 1 0.301563 0.435417 1 0.259375 0.475000 1 0.317188 0.479167 1 0.250000 0.535417 1 0.323437 0.539583 1 0.253125 0.583333 1 0.328125 0.585417 1 0.260937 0.591667 1 0.300000 0.593750 1 0.256250 0.664583 1 0.307812 0.668750 1 0.245312 0.750000 1 0.315625 0.754167 1
0 0.607383 0.668010 0.097328 0.221479 0.000000 0.000000 0 0.000000 0.000000 0 0.000000 0.000000 0 0.592187 0.633333 1 0.000000 0.000000 0 0.606250 0.620833 1 0.565625 0.620833 1 0.610938 0.679167 1 0.579688 0.650000 1 0.590625 0.718750 1 0.579688 0.689583 1 0.637500 0.602083 1 0.601562 0.600000 1 0.629687 0.672917 1 0.592187 0.662500 1 0.626563 0.752083 1 0.589063 0.752083 1
0 0.712055 0.524615 0.087109 0.293771 0.701562 0.402083 1 0.706250 0.397917 1 0.698438 0.397917 1 0.714063 0.400000 1 0.000000 0.000000 0 0.732812 0.433333 1 0.681250 0.433333 1 0.739062 0.483333 1 0.681250 0.477083 1 0.743750 0.527083 1 0.675000 0.516667 1 0.715625 0.512500 1 0.695312 0.510417 1 0.706250 0.579167 1 0.692187 0.587500 1 0.709375 0.650000 1 0.725000 0.618750 1
0 0.876109 0.650469 0.087312 0.204479 0.000000 0.000000 0 0.000000 0.000000 0 0.000000 0.000000 0 0.000000 0.000000 0 0.000000 0.000000 0 0.873437 0.606250 1 0.837500 0.604167 1 0.895312 0.662500 1 0.854688 0.658333 1 0.885938 0.710417 1 0.865625 0.704167 1 0.904687 0.589583 1 0.871875 0.587500 1 0.887500 0.652083 1 0.862500 0.650000 1 0.876563 0.739583 1 0.864062 0.733333 1
0 0.733742 0.300719 0.026328 0.075562 0.000000 0.000000 0 0.000000 0.000000 0 0.000000 0.000000 0 0.000000 0.000000 0 0.000000 0.000000 0 0.000000 0.000000 0 0.000000 0.000000 0 0.000000 0.000000 0 0.000000 0.000000 0 0.000000 0.000000 0 0.000000 0.000000 0 0.000000 0.000000 0 0.000000 0.000000 0 0.000000 0.000000 0 0.000000 0.000000 0 0.000000 0.000000 0 0.000000 0.000000 0
0 0.763930 0.310896 0.032922 0.067750 0.000000 0.000000 0 0.000000 0.000000 0 0.000000 0.000000 0 0.000000 0.000000 0 0.000000 0.000000 0 0.000000 0.000000 0 0.000000 0.000000 0 0.000000 0.000000 0 0.000000 0.000000 0 0.000000 0.000000 0 0.000000 0.000000 0 0.000000 0.000000 0 0.000000 0.000000 0 0.000000 0.000000 0 0.000000 0.000000 0 0.000000 0.000000 0 0.000000 0.000000 0
0 0.654844 0.300063 0.027781 0.033208 0.000000 0.000000 0 0.000000 0.000000 0 0.000000 0.000000 0 0.000000 0.000000 0 0.000000 0.000000 0 0.000000 0.000000 0 0.000000 0.000000 0 0.000000 0.000000 0 0.000000 0.000000 0 0.000000 0.000000 0 0.000000 0.000000 0 0.000000 0.000000 0 0.000000 0.000000 0 0.000000 0.000000 0 0.000000 0.000000 0 0.000000 0.000000 0 0.000000 0.000000 0
0 0.135492 0.222802 0.019016 0.038479 0.000000 0.000000 0 0.000000 0.000000 0 0.000000 0.000000 0 0.000000 0.000000 0 0.000000 0.000000 0 0.000000 0.000000 0 0.000000 0.000000 0 0.000000 0.000000 0 0.000000 0.000000 0 0.000000 0.000000 0 0.000000 0.000000 0 0.000000 0.000000 0 0.000000 0.000000 0 0.000000 0.000000 0 0.000000 0.000000 0 0.000000 0.000000 0 0.000000 0.000000 0
0 0.864375 0.320823 0.025531 0.031563 0.000000 0.000000 0 0.000000 0.000000 0 0.000000 0.000000 0 0.000000 0.000000 0 0.000000 0.000000 0 0.000000 0.000000 0 0.000000 0.000000 0 0.000000 0.000000 0 0.000000 0.000000 0 0.000000 0.000000 0 0.000000 0.000000 0 0.000000 0.000000 0 0.000000 0.000000 0 0.000000 0.000000 0 0.000000 0.000000 0 0.000000 0.000000 0 0.000000 0.000000 0
0 0.437578 0.287406 0.021687 0.028479 0.000000 0.000000 0 0.000000 0.000000 0 0.000000 0.000000 0 0.000000 0.000000 0 0.000000 0.000000 0 0.000000 0.000000 0 0.000000 0.000000 0 0.000000 0.000000 0 0.000000 0.000000 0 0.000000 0.000000 0 0.000000 0.000000 0 0.000000 0.000000 0 0.000000 0.000000 0 0.000000 0.000000 0 0.000000 0.000000 0 0.000000 0.000000 0 0.000000 0.000000 0
0 0.464641 0.306281 0.028000 0.029229 0.000000 0.000000 0 0.000000 0.000000 0 0.000000 0.000000 0 0.000000 0.000000 0 0.000000 0.000000 0 0.000000 0.000000 0 0.000000 0.000000 0 0.000000 0.000000 0 0.000000 0.000000 0 0.000000 0.000000 0 0.000000 0.000000 0 0.000000 0.000000 0 0.000000 0.000000 0 0.000000 0.000000 0 0.000000 0.000000 0 0.000000 0.000000 0 0.000000 0.000000 0