0 0.633281 0.568537 0.075844 0.597741 0.614062 0.329630 1 0.617188 0.318519 1 0.609375 0.325926 1 0.626563 0.314815 1 0.000000 0.000000 0 0.643750 0.362963 1 0.600000 0.396296 1 0.662500 0.429630 1 0.595313 0.459259 1 0.656250 0.466667 1 0.595313 0.533333 1 0.635938 0.566667 1 0.614062 0.566667 1 0.640625 0.677778 1 0.609375 0.670370 1 0.653125 0.792593 1 0.610938 0.803704 1
0 0.553656 0.546741 0.090781 0.615630 0.557813 0.307407 1 0.564063 0.300000 1 0.553125 0.300000 1 0.571875 0.311111 1 0.546875 0.303704 1 0.585938 0.385185 1 0.528125 0.374074 1 0.590625 0.474074 1 0.520312 0.455556 1 0.592187 0.551852 1 0.517188 0.533333 1 0.568750 0.555556 1 0.539062 0.555556 1 0.567187 0.677778 1 0.540625 0.677778 1 0.565625 0.800000 1 0.542188 0.800000 1
0 0.470563 0.545074 0.092563 0.588963 0.492188 0.303704 1 0.498437 0.296296 1 0.489063 0.296296 1 0.000000 0.000000 0 0.479687 0.296296 1 0.507812 0.374074 1 0.460938 0.351852 1 0.507812 0.455556 1 0.435937 0.414815 1 0.492188 0.481481 1 0.440625 0.459259 1 0.487500 0.540741 1 0.451562 0.533333 1 0.490625 0.648148 1 0.451562 0.644444 1 0.498437 0.781481 1 0.442188 0.781481 1
0 0.202156 0.664389 0.073750 0.416259 0.196875 0.492593 1 0.201563 0.481481 1 0.193750 0.481481 1 0.209375 0.488889 1 0.189062 0.488889 1 0.221875 0.537037 1 0.181250 0.537037 1 0.229687 0.574074 1 0.178125 0.570370 1 0.225000 0.596296 1 0.175000 0.585185 1 0.215625 0.644444 1 0.192188 0.648148 1 0.217188 0.737037 1 0.192188 0.737037 1 0.223438 0.811111 1 0.189062 0.814815 1
0 0.100742 0.643852 0.074891 0.432593 0.109375 0.470370 1 0.114062 0.459259 1 0.107813 0.459259 1 0.000000 0.000000 0 0.000000 0.000000 0 0.120313 0.511111 1 0.092188 0.500000 1 0.128125 0.544444 1 0.076563 0.555556 1 0.128125 0.596296 1 0.076563 0.592593 1 0.107813 0.614815 1 0.092188 0.614815 1 0.117188 0.707407 1 0.082812 0.703704 1 0.121875 0.800000 1 0.075000 0.807407 1
0 0.917164 0.281648 0.031141 0.214185 0.000000 0.000000 0 0.000000 0.000000 0 0.000000 0.000000 0 0.000000 0.000000 0 0.000000 0.000000 0 0.000000 0.000000 0 0.000000 0.000000 0 0.000000 0.000000 0 0.000000 0.000000 0 0.000000 0.000000 0 0.000000 0.000000 0 0.000000 0.000000 0 0.000000 0.000000 0 0.000000 0.000000 0 0.000000 0.000000 0 0.000000 0.000000 0 0.000000 0.000000 0
0 0.853594 0.492370 0.011625 0.072667 0.000000 0.000000 0 0.000000 0.000000 0 0.000000 0.000000 0 0.000000 0.000000 0 0.000000 0.000000 0 0.000000 0.000000 0 0.000000 0.000000 0 0.000000 0.000000 0 0.000000 0.000000 0 0.000000 0.000000 0 0.000000 0.000000 0 0.000000 0.000000 0 0.000000 0.000000 0 0.000000 0.000000 0 0.000000 0.000000 0 0.000000 0.000000 0 0.000000 0.000000 0
0 0.947984 0.802370 0.026719 0.187037 0.000000 0.000000 0 0.000000 0.000000 0 0.000000 0.000000 0 0.000000 0.000000 0 0.000000 0.000000 0 0.000000 0.000000 0 0.000000 0.000000 0 0.000000 0.000000 0 0.000000 0.000000 0 0.000000 0.000000 0 0.000000 0.000000 0 0.000000 0.000000 0 0.000000 0.000000 0 0.000000 0.000000 0 0.000000 0.000000 0 0.000000 0.000000 0 0.000000 0.000000 0
0 0.926930 0.794630 0.020297 0.178148 0.000000 0.000000 0 0.000000 0.000000 0 0.000000 0.000000 0 0.000000 0.000000 0 0.000000 0.000000 0 0.000000 0.000000 0 0.000000 0.000000 0 0.000000 0.000000 0 0.000000 0.000000 0 0.000000 0.000000 0 0.000000 0.000000 0 0.000000 0.000000 0 0.000000 0.000000 0 0.000000 0.000000 0 0.000000 0.000000 0 0.000000 0.000000 0 0.000000 0.000000 0
0 0.168820 0.540926 0.021547 0.168074 0.000000 0.000000 0 0.000000 0.000000 0 0.000000 0.000000 0 0.000000 0.000000 0 0.000000 0.000000 0 0.000000 0.000000 0 0.000000 0.000000 0 0.000000 0.000000 0 0.000000 0.000000 0 0.000000 0.000000 0 0.000000 0.000000 0 0.000000 0.000000 0 0.000000 0.000000 0 0.000000 0.000000 0 0.000000 0.000000 0 0.000000 0.000000 0 0.000000 0.000000 0
0 0.048492 0.531407 0.030359 0.115556 0.000000 0.000000 0 0.000000 0.000000 0 0.000000 0.000000 0 0.000000 0.000000 0 0.000000 0.000000 0 0.000000 0.000000 0 0.000000 0.000000 0 0.000000 0.000000 0 0.000000 0.000000 0 0.000000 0.000000 0 0.000000 0.000000 0 0.000000 0.000000 0 0.000000 0.000000 0 0.000000 0.000000 0 0.000000 0.000000 0 0.000000 0.000000 0 0.000000 0.000000 0
0 0.731781 0.518722 0.037219 0.199815 0.000000 0.000000 0 0.000000 0.000000 0 0.000000 0.000000 0 0.000000 0.000000 0 0.000000 0.000000 0 0.000000 0.000000 0 0.000000 0.000000 0 0.000000 0.000000 0 0.000000 0.000000 0 0.000000 0.000000 0 0.000000 0.000000 0 0.000000 0.000000 0 0.000000 0.000000 0 0.000000 0.000000 0 0.000000 0.000000 0 0.000000 0.000000 0 0.000000 0.000000 0
0 0.941867 0.284463 0.027859 0.207741 0.000000 0.000000 0 0.000000 0.000000 0 0.000000 0.000000 0 0.000000 0.000000 0 0.000000 0.000000 0 0.000000 0.000000 0 0.000000 0.000000 0 0.000000 0.000000 0 0.000000 0.000000 0 0.000000 0.000000 0 0.000000 0.000000 0 0.000000 0.000000 0 0.000000 0.000000 0 0.000000 0.000000 0 0.000000 0.000000 0 0.000000 0.000000 0 0.000000 0.000000 0