0 0.213117 0.245781 0.109172 0.284271 0.215625 0.158333 1 0.225000 0.145833 1 0.209375 0.143750 1 0.239063 0.156250 1 0.000000 0.000000 0 0.259375 0.214583 1 0.176563 0.208333 1 0.000000 0.000000 0 0.189062 0.295833 1 0.000000 0.000000 0 0.239063 0.341667 1 0.251563 0.335417 1 0.178125 0.333333 1 0.000000 0.000000 0 0.210938 0.354167 1 0.000000 0.000000 0 0.210938 0.447917 1
0 0.734797 0.359229 0.179063 0.166667 0.729688 0.327083 1 0.739062 0.316667 1 0.725000 0.316667 1 0.756250 0.325000 1 0.000000 0.000000 0 0.787500 0.381250 1 0.707812 0.383333 1 0.815625 0.443750 1 0.654687 0.431250 1 0.000000 0.000000 0 0.000000 0.000000 0 0.000000 0.000000 0 0.000000 0.000000 0 0.000000 0.000000 0 0.000000 0.000000 0 0.000000 0.000000 0 0.000000 0.000000 0
0 0.785984 0.178021 0.102812 0.164042 0.801562 0.141667 1 0.000000 0.000000 0 0.793750 0.133333 1 0.000000 0.000000 0 0.771875 0.137500 1 0.806250 0.193750 1 0.750000 0.200000 1 0.825000 0.245833 1 0.748437 0.268750 1 0.842187 0.247917 1 0.778125 0.245833 1 0.000000 0.000000 0 0.000000 0.000000 0 0.000000 0.000000 0 0.000000 0.000000 0 0.000000 0.000000 0 0.000000 0.000000 0
0 0.500563 0.549438 0.482031 0.824708 0.415625 0.204167 1 0.426563 0.195833 1 0.000000 0.000000 0 0.462500 0.212500 1 0.000000 0.000000 0 0.448437 0.300000 1 0.512500 0.281250 1 0.385937 0.400000 1 0.437500 0.397917 1 0.317188 0.335417 1 0.359375 0.393750 1 0.551562 0.491667 1 0.592187 0.468750 1 0.548438 0.710417 1 0.640625 0.683333 1 0.515625 0.891667 1 0.698438 0.852083 1
0 0.316703 0.097292 0.061469 0.077208 0.000000 0.000000 0 0.000000 0.000000 0 0.000000 0.000000 0 0.000000 0.000000 0 0.000000 0.000000 0 0.000000 0.000000 0 0.000000 0.000000 0 0.000000 0.000000 0 0.000000 0.000000 0 0.000000 0.000000 0 0.000000 0.000000 0 0.000000 0.000000 0 0.000000 0.000000 0 0.000000 0.000000 0 0.000000 0.000000 0 0.000000 0.000000 0 0.000000 0.000000 0
0 0.135891 0.106375 0.047125 0.037208 0.000000 0.000000 0 0.000000 0.000000 0 0.000000 0.000000 0 0.000000 0.000000 0 0.000000 0.000000 0 0.000000 0.000000 0 0.000000 0.000000 0 0.000000 0.000000 0 0.000000 0.000000 0 0.000000 0.000000 0 0.000000 0.000000 0 0.000000 0.000000 0 0.000000 0.000000 0 0.000000 0.000000 0 0.000000 0.000000 0 0.000000 0.000000 0 0.000000 0.000000 0
0 0.634250 0.259885 0.172156 0.258063 0.607812 0.175000 1 0.617188 0.168750 1 0.604688 0.164583 1 0.642188 0.177083 1 0.000000 0.000000 0 0.646875 0.206250 1 0.579688 0.204167 1 0.709375 0.212500 1 0.565625 0.275000 1 0.673438 0.233333 1 0.589063 0.343750 1 0.626563 0.337500 1 0.568750 0.337500 1 0.671875 0.364583 1 0.000000 0.000000 0 0.000000 0.000000 0 0.000000 0.000000 0
0 0.689406 0.155427 0.094313 0.158521 0.662500 0.118750 1 0.668750 0.112500 1 0.656250 0.112500 1 0.681250 0.122917 1 0.000000 0.000000 0 0.693750 0.166667 1 0.639062 0.164583 1 0.728125 0.222917 1 0.000000 0.000000 0 0.000000 0.000000 0 0.000000 0.000000 0 0.000000 0.000000 0 0.000000 0.000000 0 0.000000 0.000000 0 0.000000 0.000000 0 0.000000 0.000000 0 0.000000 0.000000 0
0 0.707789 0.140406 0.053297 0.134063 0.000000 0.000000 0 0.000000 0.000000 0 0.000000 0.000000 0 0.695312 0.125000 1 0.000000 0.000000 0 0.715625 0.170833 1 0.000000 0.000000 0 0.000000 0.000000 0 0.000000 0.000000 0 0.000000 0.000000 0 0.000000 0.000000 0 0.000000 0.000000 0 0.000000 0.000000 0 0.000000 0.000000 0 0.000000 0.000000 0 0.000000 0.000000 0 0.000000 0.000000 0
0 0.524797 0.094104 0.076281 0.098792 0.485938 0.091667 1 0.492188 0.081250 1 0.000000 0.000000 0 0.512500 0.089583 1 0.000000 0.000000 0 0.546875 0.125000 1 0.000000 0.000000 0 0.000000 0.000000 0 0.000000 0.000000 0 0.000000 0.000000 0 0.000000 0.000000 0 0.000000 0.000000 0 0.000000 0.000000 0 0.000000 0.000000 0 0.000000 0.000000 0 0.000000 0.000000 0 0.000000 0.000000 0
0 0.408148 0.089354 0.075328 0.096208 0.379688 0.089583 1 0.385937 0.081250 1 0.000000 0.000000 0 0.410938 0.089583 1 0.000000 0.000000 0 0.437500 0.145833 1 0.384375 0.141667 1 0.000000 0.000000 0 0.000000 0.000000 0 0.000000 0.000000 0 0.000000 0.000000 0 0.000000 0.000000 0 0.000000 0.000000 0 0.000000 0.000000 0 0.000000 0.000000 0 0.000000 0.000000 0 0.000000 0.000000 0
0 0.105203 0.227104 0.133156 0.266292 0.100000 0.152083 1 0.106250 0.141667 1 0.092188 0.141667 1 0.000000 0.000000 0 0.075000 0.143750 1 0.132812 0.202083 1 0.057813 0.204167 1 0.139063 0.285417 1 0.000000 0.000000 0 0.139063 0.312500 1 0.000000 0.000000 0 0.132812 0.329167 1 0.076563 0.335417 1 0.168750 0.366667 1 0.000000 0.000000 0 0.000000 0.000000 0 0.000000 0.000000 0
0 0.082109 0.317583 0.116656 0.226708 0.060937 0.262500 1 0.068750 0.254167 1 0.053125 0.256250 1 0.078125 0.254167 1 0.039062 0.254167 1 0.107813 0.302083 1 0.029687 0.316667 1 0.134375 0.391667 1 0.025000 0.410417 1 0.109375 0.402083 1 0.068750 0.402083 1 0.109375 0.425000 1 0.054688 0.427083 1 0.000000 0.000000 0 0.000000 0.000000 0 0.000000 0.000000 0 0.000000 0.000000 0