0 0.141648 0.664719 0.278953 0.670562 0.129688 0.428571 1 0.137500 0.416862 1 0.129688 0.416862 1 0.175000 0.412178 1 0.000000 0.000000 0 0.229687 0.508197 1 0.120313 0.494145 1 0.262500 0.648712 1 0.079687 0.613583 1 0.235937 0.711944 1 0.003125 0.646370 1 0.206250 0.740047 1 0.134375 0.733021 1 0.203125 0.971897 1 0.131250 0.946136 1 0.000000 0.000000 0 0.000000 0.000000 0
0 0.308852 0.551686 0.095953 0.343841 0.000000 0.000000 0 0.000000 0.000000 0 0.000000 0.000000 0 0.000000 0.000000 0 0.000000 0.000000 0 0.326562 0.393443 1 0.279687 0.405152 1 0.340625 0.461358 1 0.270313 0.466042 1 0.343750 0.512881 1 0.276562 0.533958 1 0.325000 0.519906 1 0.293750 0.531616 1 0.318750 0.594848 1 0.300000 0.601874 1 0.314063 0.686183 1 0.310937 0.674473 1
0 0.398227 0.513571 0.086984 0.444005 0.381250 0.341920 1 0.385937 0.327869 1 0.376563 0.330211 1 0.398438 0.325527 1 0.000000 0.000000 0 0.425000 0.367681 1 0.370312 0.367681 1 0.412500 0.433255 1 0.365625 0.440281 1 0.373437 0.395785 1 0.382812 0.473068 1 0.425000 0.496487 1 0.389062 0.496487 1 0.421875 0.583138 1 0.389062 0.583138 1 0.426563 0.679157 1 0.400000 0.660422 1
0 0.790898 0.589005 0.134109 0.261054 0.000000 0.000000 0 0.000000 0.000000 0 0.000000 0.000000 0 0.000000 0.000000 0 0.000000 0.000000 0 0.825000 0.367681 1 0.814063 0.374707 1 0.000000 0.000000 0 0.000000 0.000000 0 0.000000 0.000000 0 0.000000 0.000000 0 0.806250 0.475410 1 0.796875 0.494145 1 0.848437 0.562061 1 0.787500 0.590164 1 0.856250 0.679157 1 0.737500 0.665105 1
0 0.943047 0.685890 0.113906 0.628220 0.000000 0.000000 0 0.000000 0.000000 0 0.000000 0.000000 0 0.942187 0.414520 1 0.979688 0.437939 1 0.907813 0.482436 1 0.970313 0.498829 1 0.000000 0.000000 0 0.956250 0.611241 1 0.000000 0.000000 0 0.000000 0.000000 0 0.914062 0.672131 1 0.965625 0.688525 1 0.923438 0.852459 1 0.992188 0.852459 1 0.918750 0.985948 1 0.946875 0.978923 1
0 0.454180 0.252927 0.040047 0.185012 0.000000 0.000000 0 0.000000 0.000000 0 0.000000 0.000000 0 0.000000 0.000000 0 0.000000 0.000000 0 0.443750 0.189696 1 0.468750 0.187354 1 0.439063 0.215457 1 0.471875 0.213115 1 0.435937 0.236534 1 0.470313 0.238876 1 0.448437 0.236534 1 0.464062 0.236534 1 0.446875 0.281030 1 0.459375 0.283372 1 0.448437 0.320843 1 0.460938 0.318501 1
0 0.536437 0.242260 0.056969 0.195995 0.000000 0.000000 0 0.000000 0.000000 0 0.000000 0.000000 0 0.526563 0.156909 1 0.539062 0.156909 1 0.521875 0.175644 1 0.546875 0.175644 1 0.514062 0.203747 1 0.556250 0.206089 1 0.517188 0.229508 1 0.551562 0.224824 1 0.528125 0.229508 1 0.546875 0.231850 1 0.529687 0.266979 1 0.540625 0.266979 1 0.534375 0.316159 1 0.540625 0.320843 1
0 0.364906 0.171475 0.056562 0.201639 0.000000 0.000000 0 0.000000 0.000000 0 0.000000 0.000000 0 0.000000 0.000000 0 0.000000 0.000000 0 0.346875 0.147541 1 0.373437 0.147541 1 0.337500 0.170960 1 0.378125 0.175644 1 0.000000 0.000000 0 0.000000 0.000000 0 0.350000 0.208431 1 0.365625 0.206089 1 0.354687 0.255269 1 0.367188 0.252927 1 0.000000 0.000000 0 0.000000 0.000000 0
0 0.875359 0.685445 0.064750 0.428126 0.000000 0.000000 0 0.000000 0.000000 0 0.000000 0.000000 0 0.000000 0.000000 0 0.000000 0.000000 0 0.000000 0.000000 0 0.000000 0.000000 0 0.000000 0.000000 0 0.000000 0.000000 0 0.000000 0.000000 0 0.000000 0.000000 0 0.900000 0.625293 1 0.857812 0.622951 1 0.898438 0.756440 1 0.867188 0.742389 1 0.893750 0.859485 1 0.864062 0.814988 1
0 0.982453 0.228489 0.034875 0.147143 0.000000 0.000000 0 0.000000 0.000000 0 0.000000 0.000000 0 0.000000 0.000000 0 0.000000 0.000000 0 0.000000 0.000000 0 0.000000 0.000000 0 0.000000 0.000000 0 0.000000 0.000000 0 0.000000 0.000000 0 0.000000 0.000000 0 0.000000 0.000000 0 0.000000 0.000000 0 0.000000 0.000000 0 0.000000 0.000000 0 0.000000 0.000000 0 0.000000 0.000000 0
0 0.295945 0.212190 0.028922 0.133044 0.000000 0.000000 0 0.000000 0.000000 0 0.000000 0.000000 0 0.000000 0.000000 0 0.000000 0.000000 0 0.000000 0.000000 0 0.000000 0.000000 0 0.000000 0.000000 0 0.000000 0.000000 0 0.000000 0.000000 0 0.000000 0.000000 0 0.000000 0.000000 0 0.000000 0.000000 0 0.000000 0.000000 0 0.000000 0.000000 0 0.000000 0.000000 0 0.000000 0.000000 0
0 0.669438 0.664052 0.130438 0.501124 0.000000 0.000000 0 0.000000 0.000000 0 0.000000 0.000000 0 0.000000 0.000000 0 0.000000 0.000000 0 0.692187 0.442623 1 0.632812 0.451991 1 0.720313 0.531616 1 0.609375 0.569087 1 0.698438 0.515222 1 0.629687 0.543326 1 0.685937 0.611241 1 0.639062 0.615925 1 0.692187 0.735363 1 0.634375 0.716628 1 0.704688 0.859485 1 0.629687 0.831382 1