0 0.508813 0.549435 0.245125 0.521271 0.493750 0.350588 1 0.000000 0.000000 0 0.487500 0.345882 1 0.000000 0.000000 0 0.471875 0.360000 1 0.500000 0.378824 1 0.431250 0.402353 1 0.470313 0.416471 1 0.403125 0.465882 1 0.418750 0.416471 1 0.404687 0.418824 1 0.509375 0.522353 1 0.468750 0.541176 1 0.560937 0.625882 1 0.445312 0.644706 1 0.606250 0.757647 1 0.410938 0.771765 1
0 0.199219 0.643694 0.160375 0.399059 0.218750 0.510588 1 0.000000 0.000000 0 0.212500 0.501176 1 0.000000 0.000000 0 0.195312 0.508235 1 0.195312 0.567059 1 0.182812 0.571765 1 0.217188 0.630588 1 0.150000 0.656471 1 0.267188 0.621176 1 0.193750 0.705882 1 0.154688 0.710588 1 0.146875 0.722353 1 0.243750 0.694118 1 0.259375 0.743529 1 0.179688 0.795294 1 0.164062 0.800000 1
0 0.643641 0.498059 0.056062 0.179835 0.640625 0.430588 1 0.642188 0.425882 1 0.639062 0.425882 1 0.000000 0.000000 0 0.634375 0.430588 1 0.651563 0.451765 1 0.628125 0.454118 1 0.650000 0.484706 1 0.628125 0.489412 1 0.643750 0.451765 1 0.650000 0.494118 1 0.648438 0.498824 1 0.629687 0.498824 1 0.667188 0.517647 1 0.618750 0.515294 1 0.657813 0.562353 1 0.626563 0.564706 1
0 0.804445 0.472894 0.067109 0.099388 0.000000 0.000000 0 0.000000 0.000000 0 0.000000 0.000000 0 0.000000 0.000000 0 0.000000 0.000000 0 0.000000 0.000000 0 0.000000 0.000000 0 0.000000 0.000000 0 0.000000 0.000000 0 0.000000 0.000000 0 0.000000 0.000000 0 0.000000 0.000000 0 0.000000 0.000000 0 0.000000 0.000000 0 0.000000 0.000000 0 0.000000 0.000000 0 0.000000 0.000000 0
0 0.359961 0.390624 0.070609 0.230894 0.368750 0.338824 1 0.368750 0.334118 1 0.364063 0.334118 1 0.000000 0.000000 0 0.000000 0.000000 0 0.368750 0.362353 1 0.348438 0.362353 1 0.389062 0.327059 1 0.342187 0.336471 1 0.381250 0.303529 1 0.346875 0.301176 1 0.362500 0.435294 1 0.350000 0.432941 1 0.000000 0.000000 0 0.346875 0.472941 1 0.000000 0.000000 0 0.328125 0.487059 1
0 0.032906 0.562024 0.062844 0.494024 0.051562 0.409412 1 0.000000 0.000000 0 0.045312 0.395294 1 0.000000 0.000000 0 0.021875 0.404706 1 0.000000 0.000000 0 0.020313 0.461176 1 0.000000 0.000000 0 0.000000 0.000000 0 0.000000 0.000000 0 0.000000 0.000000 0 0.000000 0.000000 0 0.000000 0.000000 0 0.000000 0.000000 0 0.001563 0.658824 1 0.000000 0.000000 0 0.003125 0.769412 1
0 0.568844 0.498518 0.070031 0.183435 0.567187 0.435294 1 0.567187 0.430588 1 0.564063 0.430588 1 0.000000 0.000000 0 0.000000 0.000000 0 0.570312 0.442353 1 0.556250 0.454118 1 0.593750 0.458824 1 0.550000 0.487059 1 0.593750 0.494118 1 0.568750 0.503529 1 0.575000 0.498824 1 0.559375 0.501176 1 0.595313 0.515294 1 0.565625 0.512941 1 0.585938 0.564706 1 0.565625 0.562353 1
0 0.864164 0.477318 0.044172 0.116376 0.000000 0.000000 0 0.000000 0.000000 0 0.000000 0.000000 0 0.000000 0.000000 0 0.000000 0.000000 0 0.000000 0.000000 0 0.000000 0.000000 0 0.000000 0.000000 0 0.000000 0.000000 0 0.000000 0.000000 0 0.000000 0.000000 0 0.000000 0.000000 0 0.000000 0.000000 0 0.000000 0.000000 0 0.000000 0.000000 0 0.000000 0.000000 0 0.000000 0.000000 0
0 0.831898 0.475859 0.045422 0.121318 0.000000 0.000000 0 0.000000 0.000000 0 0.000000 0.000000 0 0.000000 0.000000 0 0.000000 0.000000 0 0.000000 0.000000 0 0.000000 0.000000 0 0.000000 0.000000 0 0.000000 0.000000 0 0.000000 0.000000 0 0.000000 0.000000 0 0.000000 0.000000 0 0.000000 0.000000 0 0.000000 0.000000 0 0.000000 0.000000 0 0.000000 0.000000 0 0.000000 0.000000 0
0 0.918844 0.478835 0.043719 0.116729 0.000000 0.000000 0 0.000000 0.000000 0 0.000000 0.000000 0 0.000000 0.000000 0 0.000000 0.000000 0 0.000000 0.000000 0 0.000000 0.000000 0 0.000000 0.000000 0 0.000000 0.000000 0 0.000000 0.000000 0 0.000000 0.000000 0 0.000000 0.000000 0 0.000000 0.000000 0 0.000000 0.000000 0 0.000000 0.000000 0 0.000000 0.000000 0 0.000000 0.000000 0
0 0.954898 0.422471 0.022391 0.061694 0.000000 0.000000 0 0.000000 0.000000 0 0.000000 0.000000 0 0.000000 0.000000 0 0.000000 0.000000 0 0.000000 0.000000 0 0.000000 0.000000 0 0.000000 0.000000 0 0.000000 0.000000 0 0.000000 0.000000 0 0.000000 0.000000 0 0.000000 0.000000 0 0.000000 0.000000 0 0.000000 0.000000 0 0.000000 0.000000 0 0.000000 0.000000 0 0.000000 0.000000 0
0 0.548445 0.422247 0.055641 0.155318 0.000000 0.000000 0 0.000000 0.000000 0 0.000000 0.000000 0 0.000000 0.000000 0 0.000000 0.000000 0 0.000000 0.000000 0 0.000000 0.000000 0 0.000000 0.000000 0 0.000000 0.000000 0 0.000000 0.000000 0 0.000000 0.000000 0 0.000000 0.000000 0 0.000000 0.000000 0 0.000000 0.000000 0 0.000000 0.000000 0 0.000000 0.000000 0 0.000000 0.000000 0
0 0.914703 0.311529 0.019812 0.044047 0.000000 0.000000 0 0.000000 0.000000 0 0.000000 0.000000 0 0.000000 0.000000 0 0.000000 0.000000 0 0.000000 0.000000 0 0.000000 0.000000 0 0.000000 0.000000 0 0.000000 0.000000 0 0.000000 0.000000 0 0.000000 0.000000 0 0.000000 0.000000 0 0.000000 0.000000 0 0.000000 0.000000 0 0.000000 0.000000 0 0.000000 0.000000 0 0.000000 0.000000 0