0 0.281922 0.483400 0.207844 0.462800 0.000000 0.000000 0 0.000000 0.000000 0 0.000000 0.000000 0 0.000000 0.000000 0 0.000000 0.000000 0 0.301563 0.371765 1 0.315625 0.310588 1 0.248438 0.378824 1 0.275000 0.338824 1 0.207813 0.362353 1 0.225000 0.345882 1 0.282813 0.442353 1 0.270313 0.421176 1 0.290625 0.581176 1 0.239063 0.560000 1 0.364063 0.658824 1 0.215625 0.680000 1
0 0.619461 0.569459 0.286141 0.300518 0.000000 0.000000 0 0.621875 0.465882 1 0.000000 0.000000 0 0.646875 0.468235 1 0.000000 0.000000 0 0.650000 0.508235 1 0.670312 0.477647 1 0.590625 0.534118 1 0.000000 0.000000 0 0.532813 0.538824 1 0.000000 0.000000 0 0.740625 0.616471 1 0.748437 0.590588 1 0.662500 0.585882 1 0.000000 0.000000 0 0.707812 0.675294 1 0.000000 0.000000 0
0 0.791938 0.521518 0.164344 0.386376 0.731250 0.383529 1 0.735938 0.374118 1 0.000000 0.000000 0 0.757812 0.378824 1 0.000000 0.000000 0 0.781250 0.414118 1 0.760938 0.411765 1 0.793750 0.505882 1 0.000000 0.000000 0 0.748437 0.491765 1 0.000000 0.000000 0 0.831250 0.503529 1 0.803125 0.505882 1 0.809375 0.567059 1 0.751563 0.571765 1 0.851562 0.684706 1 0.781250 0.670588 1
0 0.794133 0.336541 0.051703 0.123671 0.779687 0.320000 1 0.784375 0.312941 1 0.775000 0.310588 1 0.793750 0.315294 1 0.770312 0.312941 1 0.801562 0.360000 1 0.765625 0.360000 1 0.000000 0.000000 0 0.000000 0.000000 0 0.000000 0.000000 0 0.000000 0.000000 0 0.000000 0.000000 0 0.000000 0.000000 0 0.000000 0.000000 0 0.000000 0.000000 0 0.000000 0.000000 0 0.000000 0.000000 0
0 0.514563 0.342118 0.081875 0.076518 0.520312 0.336471 1 0.523438 0.331765 1 0.517188 0.331765 1 0.535937 0.334118 1 0.510938 0.334118 1 0.545312 0.341176 1 0.510938 0.341176 1 0.537500 0.371765 1 0.478125 0.362353 1 0.498437 0.371765 1 0.514062 0.362353 1 0.000000 0.000000 0 0.000000 0.000000 0 0.000000 0.000000 0 0.000000 0.000000 0 0.000000 0.000000 0 0.000000 0.000000 0
0 0.692422 0.040459 0.023875 0.067412 0.000000 0.000000 0 0.000000 0.000000 0 0.000000 0.000000 0 0.000000 0.000000 0 0.000000 0.000000 0 0.000000 0.000000 0 0.000000 0.000000 0 0.000000 0.000000 0 0.000000 0.000000 0 0.000000 0.000000 0 0.000000 0.000000 0 0.000000 0.000000 0 0.000000 0.000000 0 0.000000 0.000000 0 0.000000 0.000000 0 0.000000 0.000000 0 0.000000 0.000000 0
0 0.176070 0.283612 0.044266 0.114753 0.000000 0.000000 0 0.000000 0.000000 0 0.000000 0.000000 0 0.000000 0.000000 0 0.000000 0.000000 0 0.000000 0.000000 0 0.000000 0.000000 0 0.000000 0.000000 0 0.000000 0.000000 0 0.000000 0.000000 0 0.000000 0.000000 0 0.000000 0.000000 0 0.000000 0.000000 0 0.000000 0.000000 0 0.000000 0.000000 0 0.000000 0.000000 0 0.000000 0.000000 0
0 0.424867 0.305565 0.078953 0.131082 0.000000 0.000000 0 0.000000 0.000000 0 0.000000 0.000000 0 0.000000 0.000000 0 0.000000 0.000000 0 0.451562 0.303529 1 0.398438 0.301176 1 0.450000 0.357647 1 0.393750 0.348235 1 0.000000 0.000000 0 0.000000 0.000000 0 0.418750 0.383529 1 0.395313 0.378824 1 0.000000 0.000000 0 0.000000 0.000000 0 0.000000 0.000000 0 0.000000 0.000000 0
0 0.384047 0.032565 0.202625 0.065129 0.000000 0.000000 0 0.000000 0.000000 0 0.000000 0.000000 0 0.000000 0.000000 0 0.000000 0.000000 0 0.423438 0.004706 1 0.378125 0.002353 1 0.440625 0.023529 1 0.000000 0.000000 0 0.464062 0.032941 1 0.000000 0.000000 0 0.382812 0.054118 1 0.364063 0.056471 1 0.387500 0.025882 1 0.357812 0.009412 1 0.314063 0.047059 1 0.332813 0.051765 1
0 0.889484 0.323306 0.069500 0.151600 0.900000 0.284706 1 0.903125 0.277647 1 0.896875 0.277647 1 0.910937 0.282353 1 0.887500 0.280000 1 0.920312 0.320000 1 0.876563 0.327059 1 0.906250 0.383529 1 0.859375 0.388235 1 0.878125 0.367059 1 0.898438 0.374118 1 0.000000 0.000000 0 0.000000 0.000000 0 0.000000 0.000000 0 0.000000 0.000000 0 0.000000 0.000000 0 0.000000 0.000000 0
0 0.275320 0.280847 0.042734 0.090024 0.000000 0.000000 0 0.000000 0.000000 0 0.000000 0.000000 0 0.000000 0.000000 0 0.000000 0.000000 0 0.000000 0.000000 0 0.000000 0.000000 0 0.000000 0.000000 0 0.000000 0.000000 0 0.000000 0.000000 0 0.000000 0.000000 0 0.000000 0.000000 0 0.000000 0.000000 0 0.000000 0.000000 0 0.000000 0.000000 0 0.000000 0.000000 0 0.000000 0.000000 0
0 0.204547 0.028659 0.051125 0.057318 0.000000 0.000000 0 0.000000 0.000000 0 0.000000 0.000000 0 0.000000 0.000000 0 0.000000 0.000000 0 0.000000 0.000000 0 0.000000 0.000000 0 0.000000 0.000000 0 0.000000 0.000000 0 0.000000 0.000000 0 0.000000 0.000000 0 0.000000 0.000000 0 0.000000 0.000000 0 0.000000 0.000000 0 0.000000 0.000000 0 0.000000 0.000000 0 0.000000 0.000000 0
0 0.781195 0.302647 0.055859 0.093624 0.000000 0.000000 0 0.000000 0.000000 0 0.000000 0.000000 0 0.000000 0.000000 0 0.000000 0.000000 0 0.000000 0.000000 0 0.000000 0.000000 0 0.000000 0.000000 0 0.000000 0.000000 0 0.000000 0.000000 0 0.000000 0.000000 0 0.000000 0.000000 0 0.000000 0.000000 0 0.000000 0.000000 0 0.000000 0.000000 0 0.000000 0.000000 0 0.000000 0.000000 0