0 0.355039 0.630489 0.221641 0.586534 0.354687 0.391534 1 0.000000 0.000000 0 0.345313 0.378307 1 0.000000 0.000000 0 0.325000 0.380952 1 0.346875 0.452381 1 0.304688 0.431217 1 0.382812 0.492063 1 0.314063 0.518519 1 0.435937 0.502646 1 0.353125 0.544974 1 0.315625 0.595238 1 0.275000 0.603175 1 0.390625 0.637566 1 0.320312 0.664021 1 0.000000 0.000000 0 0.321875 0.857143 1
0 0.391313 0.374524 0.068219 0.197989 0.389062 0.312169 1 0.392188 0.306878 1 0.384375 0.306878 1 0.000000 0.000000 0 0.000000 0.000000 0 0.410938 0.335979 1 0.376563 0.333333 1 0.423438 0.359788 1 0.368750 0.365079 1 0.418750 0.383598 1 0.371875 0.396825 1 0.407813 0.439153 1 0.389062 0.436508 1 0.000000 0.000000 0 0.000000 0.000000 0 0.000000 0.000000 0 0.000000 0.000000 0
0 0.964695 0.255172 0.070609 0.121296 0.000000 0.000000 0 0.000000 0.000000 0 0.000000 0.000000 0 0.000000 0.000000 0 0.000000 0.000000 0 0.000000 0.000000 0 0.000000 0.000000 0 0.000000 0.000000 0 0.000000 0.000000 0 0.000000 0.000000 0 0.000000 0.000000 0 0.000000 0.000000 0 0.000000 0.000000 0 0.000000 0.000000 0 0.000000 0.000000 0 0.000000 0.000000 0 0.000000 0.000000 0
0 0.619664 0.450079 0.086203 0.415450 0.610938 0.283069 1 0.615625 0.275132 1 0.609375 0.275132 1 0.000000 0.000000 0 0.000000 0.000000 0 0.643750 0.314815 1 0.598437 0.320106 1 0.651563 0.386243 1 0.585938 0.380952 1 0.637500 0.433862 1 0.000000 0.000000 0 0.632812 0.470899 1 0.606250 0.470899 1 0.632812 0.537037 1 0.600000 0.542328 1 0.634375 0.632275 1 0.604688 0.629630 1
0 0.692594 0.498889 0.082094 0.410317 0.690625 0.325397 1 0.696875 0.320106 1 0.687500 0.320106 1 0.707812 0.328042 1 0.000000 0.000000 0 0.715625 0.367725 1 0.673438 0.362434 1 0.726562 0.407407 1 0.659375 0.402116 1 0.707812 0.415344 1 0.685937 0.412698 1 0.707812 0.494709 1 0.678125 0.494709 1 0.706250 0.584656 1 0.681250 0.584656 1 0.704688 0.653439 1 0.682813 0.650794 1
0 0.781750 0.486521 0.098219 0.474153 0.785937 0.288360 1 0.792188 0.277778 1 0.782813 0.277778 1 0.806250 0.280423 1 0.000000 0.000000 0 0.817187 0.335979 1 0.776563 0.333333 1 0.804688 0.410053 1 0.000000 0.000000 0 0.764062 0.420635 1 0.000000 0.000000 0 0.790625 0.468254 1 0.762500 0.460317 1 0.785937 0.576720 1 0.753125 0.566138 1 0.795312 0.661376 1 0.754687 0.645503 1
0 0.913625 0.503161 0.076125 0.406005 0.920312 0.330688 1 0.928125 0.328042 1 0.918750 0.325397 1 0.943750 0.335979 1 0.000000 0.000000 0 0.939063 0.388889 1 0.909375 0.357143 1 0.904687 0.420635 1 0.000000 0.000000 0 0.887500 0.365079 1 0.000000 0.000000 0 0.914062 0.510582 1 0.903125 0.476190 1 0.914062 0.597884 1 0.000000 0.000000 0 0.917188 0.677249 1 0.000000 0.000000 0
0 0.595906 0.487778 0.060219 0.279418 0.000000 0.000000 0 0.000000 0.000000 0 0.000000 0.000000 0 0.000000 0.000000 0 0.000000 0.000000 0 0.610938 0.399471 1 0.585938 0.399471 1 0.604688 0.447090 1 0.573438 0.417989 1 0.587500 0.425926 1 0.585938 0.433862 1 0.604688 0.486772 1 0.589063 0.489418 1 0.600000 0.539683 1 0.584375 0.539683 1 0.600000 0.595238 1 0.582812 0.595238 1
0 0.753023 0.387817 0.060734 0.214259 0.746875 0.314815 1 0.743750 0.309524 1 0.748437 0.309524 1 0.760938 0.312169 1 0.000000 0.000000 0 0.759375 0.333333 1 0.739062 0.333333 1 0.000000 0.000000 0 0.000000 0.000000 0 0.000000 0.000000 0 0.000000 0.000000 0 0.754687 0.380952 1 0.742188 0.383598 1 0.762500 0.415344 1 0.740625 0.420635 1 0.771875 0.460317 1 0.748437 0.439153 1
0 0.449086 0.304153 0.027328 0.043757 0.000000 0.000000 0 0.000000 0.000000 0 0.000000 0.000000 0 0.000000 0.000000 0 0.000000 0.000000 0 0.000000 0.000000 0 0.000000 0.000000 0 0.000000 0.000000 0 0.000000 0.000000 0 0.000000 0.000000 0 0.000000 0.000000 0 0.000000 0.000000 0 0.000000 0.000000 0 0.000000 0.000000 0 0.000000 0.000000 0 0.000000 0.000000 0 0.000000 0.000000 0
0 0.544883 0.443294 0.072609 0.344365 0.537500 0.309524 1 0.540625 0.304233 1 0.535937 0.306878 1 0.556250 0.306878 1 0.000000 0.000000 0 0.565625 0.333333 1 0.531250 0.338624 1 0.568750 0.396825 1 0.515625 0.388889 1 0.535937 0.412698 1 0.539062 0.407407 1 0.560937 0.455026 1 0.540625 0.460317 1 0.564063 0.537037 1 0.532813 0.537037 1 0.560937 0.603175 1 0.534375 0.611111 1
0 0.973336 0.447870 0.053328 0.384577 0.960938 0.301587 1 0.967187 0.293651 1 0.956250 0.291005 1 0.978125 0.296296 1 0.000000 0.000000 0 0.987500 0.335979 1 0.945312 0.333333 1 0.000000 0.000000 0 0.000000 0.000000 0 0.000000 0.000000 0 0.000000 0.000000 0 0.981250 0.481481 1 0.950000 0.476190 1 0.979688 0.558201 1 0.939063 0.552910 1 0.979688 0.640212 1 0.929688 0.637566 1
0 0.477602 0.445251 0.059109 0.228704 0.470313 0.359788 1 0.473438 0.354497 1 0.467187 0.351852 1 0.481250 0.359788 1 0.000000 0.000000 0 0.487500 0.383598 1 0.464062 0.380952 1 0.489063 0.410053 1 0.453125 0.423280 1 0.482812 0.378307 1 0.457813 0.391534 1 0.489063 0.457672 1 0.467187 0.457672 1 0.487500 0.518519 1 0.471875 0.507937 1 0.485938 0.560847 1 0.470313 0.555556 1