0 0.608789 0.103715 0.049234 0.207429 0.000000 0.000000 0 0.000000 0.000000 0 0.000000 0.000000 0 0.000000 0.000000 0 0.000000 0.000000 0 0.000000 0.000000 0 0.000000 0.000000 0 0.615625 0.025424 1 0.000000 0.000000 0 0.595313 0.031073 1 0.000000 0.000000 0 0.609375 0.070621 1 0.596875 0.070621 1 0.615625 0.141243 1 0.604688 0.141243 1 0.623437 0.194915 1 0.612500 0.189266 1
0 0.818695 0.135847 0.041109 0.262147 0.815625 0.039548 1 0.817187 0.031073 1 0.812500 0.031073 1 0.825000 0.028249 1 0.000000 0.000000 0 0.831250 0.067797 1 0.809375 0.062147 1 0.834375 0.101695 1 0.000000 0.000000 0 0.000000 0.000000 0 0.000000 0.000000 0 0.823438 0.141243 1 0.806250 0.138418 1 0.818750 0.189266 1 0.806250 0.189266 1 0.820312 0.245763 1 0.812500 0.237288 1
0 0.901688 0.085749 0.033906 0.171497 0.000000 0.000000 0 0.000000 0.000000 0 0.000000 0.000000 0 0.000000 0.000000 0 0.000000 0.000000 0 0.000000 0.000000 0 0.000000 0.000000 0 0.000000 0.000000 0 0.000000 0.000000 0 0.000000 0.000000 0 0.000000 0.000000 0 0.000000 0.000000 0 0.000000 0.000000 0 0.000000 0.000000 0 0.000000 0.000000 0 0.000000 0.000000 0 0.000000 0.000000 0
0 0.946203 0.285777 0.048906 0.177486 0.950000 0.220339 1 0.951562 0.217514 1 0.946875 0.217514 1 0.956250 0.217514 1 0.942187 0.217514 1 0.960938 0.237288 1 0.935937 0.240113 1 0.964063 0.265537 1 0.932813 0.282486 1 0.959375 0.290960 1 0.935937 0.262712 1 0.959375 0.302260 1 0.943750 0.305085 1 0.951562 0.319209 1 0.929688 0.353107 1 0.954688 0.370056 1 0.948438 0.353107 1
0 0.328344 0.493150 0.186906 0.369859 0.350000 0.370056 1 0.354687 0.361582 1 0.342187 0.361582 1 0.000000 0.000000 0 0.331250 0.364407 1 0.365625 0.403955 1 0.326562 0.401130 1 0.389062 0.440678 1 0.290625 0.429379 1 0.407813 0.466102 1 0.262500 0.454802 1 0.357812 0.511299 1 0.321875 0.514124 1 0.376563 0.522599 1 0.335938 0.539548 1 0.396875 0.644068 1 0.340625 0.655367 1
0 0.550758 0.106116 0.046703 0.179407 0.000000 0.000000 0 0.000000 0.000000 0 0.000000 0.000000 0 0.000000 0.000000 0 0.000000 0.000000 0 0.000000 0.000000 0 0.000000 0.000000 0 0.571875 0.019774 1 0.000000 0.000000 0 0.553125 0.025424 1 0.000000 0.000000 0 0.556250 0.053672 1 0.546875 0.053672 1 0.556250 0.132768 1 0.545312 0.118644 1 0.557813 0.180791 1 0.000000 0.000000 0
0 0.639461 0.126893 0.038891 0.178249 0.631250 0.076271 1 0.635938 0.064972 1 0.628125 0.064972 1 0.642188 0.064972 1 0.000000 0.000000 0 0.645312 0.096045 1 0.626563 0.098870 1 0.650000 0.127119 1 0.626563 0.129944 1 0.651563 0.169492 1 0.626563 0.163842 1 0.640625 0.161017 1 0.632812 0.163842 1 0.640625 0.200565 1 0.626563 0.197740 1 0.000000 0.000000 0 0.000000 0.000000 0
0 0.789383 0.125636 0.036453 0.249802 0.000000 0.000000 0 0.000000 0.000000 0 0.000000 0.000000 0 0.000000 0.000000 0 0.000000 0.000000 0 0.806250 0.025424 1 0.784375 0.025424 1 0.000000 0.000000 0 0.775000 0.059322 1 0.000000 0.000000 0 0.793750 0.062147 1 0.796875 0.104520 1 0.784375 0.104520 1 0.801562 0.177966 1 0.792188 0.175141 1 0.803125 0.237288 1 0.795312 0.231638 1
0 0.870313 0.181624 0.044594 0.177655 0.000000 0.000000 0 0.000000 0.000000 0 0.000000 0.000000 0 0.000000 0.000000 0 0.000000 0.000000 0 0.000000 0.000000 0 0.000000 0.000000 0 0.000000 0.000000 0 0.000000 0.000000 0 0.000000 0.000000 0 0.000000 0.000000 0 0.000000 0.000000 0 0.000000 0.000000 0 0.000000 0.000000 0 0.000000 0.000000 0 0.000000 0.000000 0 0.000000 0.000000 0
0 0.956008 0.195381 0.051016 0.142288 0.000000 0.000000 0 0.000000 0.000000 0 0.000000 0.000000 0 0.000000 0.000000 0 0.000000 0.000000 0 0.000000 0.000000 0 0.000000 0.000000 0 0.000000 0.000000 0 0.000000 0.000000 0 0.000000 0.000000 0 0.000000 0.000000 0 0.000000 0.000000 0 0.000000 0.000000 0 0.000000 0.000000 0 0.000000 0.000000 0 0.000000 0.000000 0 0.000000 0.000000 0
0 0.905281 0.267500 0.067844 0.185791 0.898438 0.206215 1 0.901563 0.203390 1 0.896875 0.200565 1 0.907813 0.200565 1 0.000000 0.000000 0 0.918750 0.231638 1 0.889062 0.231638 1 0.000000 0.000000 0 0.000000 0.000000 0 0.000000 0.000000 0 0.000000 0.000000 0 0.000000 0.000000 0 0.000000 0.000000 0 0.000000 0.000000 0 0.000000 0.000000 0 0.000000 0.000000 0 0.000000 0.000000 0
0 0.940859 0.092754 0.064062 0.185508 0.000000 0.000000 0 0.000000 0.000000 0 0.000000 0.000000 0 0.000000 0.000000 0 0.000000 0.000000 0 0.946875 0.025424 1 0.918750 0.025424 1 0.968750 0.070621 1 0.907813 0.067797 1 0.948438 0.067797 1 0.910937 0.064972 1 0.942187 0.112994 1 0.920312 0.110169 1 0.000000 0.000000 0 0.000000 0.000000 0 0.000000 0.000000 0 0.000000 0.000000 0
0 0.701305 0.098814 0.022172 0.092881 0.000000 0.000000 0 0.000000 0.000000 0 0.000000 0.000000 0 0.000000 0.000000 0 0.000000 0.000000 0 0.000000 0.000000 0 0.000000 0.000000 0 0.000000 0.000000 0 0.000000 0.000000 0 0.000000 0.000000 0 0.000000 0.000000 0 0.000000 0.000000 0 0.000000 0.000000 0 0.000000 0.000000 0 0.000000 0.000000 0 0.000000 0.000000 0 0.000000 0.000000 0