0 0.203547 0.872250 0.060875 0.229417 0.000000 0.000000 0 0.000000 0.000000 0 0.000000 0.000000 0 0.207813 0.777083 1 0.218750 0.777083 1 0.198437 0.797917 1 0.228125 0.797917 1 0.189062 0.820833 1 0.221875 0.831250 1 0.179688 0.841667 1 0.000000 0.000000 0 0.200000 0.864583 1 0.220312 0.864583 1 0.200000 0.916667 1 0.218750 0.914583 1 0.196875 0.970833 1 0.221875 0.968750 1
0 0.325266 0.857344 0.057406 0.195521 0.000000 0.000000 0 0.000000 0.000000 0 0.000000 0.000000 0 0.000000 0.000000 0 0.000000 0.000000 0 0.306250 0.800000 1 0.332813 0.793750 1 0.300000 0.822917 1 0.342187 0.818750 1 0.000000 0.000000 0 0.000000 0.000000 0 0.314063 0.835417 1 0.328125 0.835417 1 0.315625 0.887500 1 0.332813 0.885417 1 0.320312 0.939583 1 0.335938 0.939583 1
0 0.461781 0.860083 0.031156 0.157667 0.000000 0.000000 0 0.000000 0.000000 0 0.000000 0.000000 0 0.459375 0.804167 1 0.000000 0.000000 0 0.456250 0.822917 1 0.473438 0.820833 1 0.451562 0.837500 1 0.000000 0.000000 0 0.000000 0.000000 0 0.000000 0.000000 0 0.459375 0.850000 1 0.468750 0.850000 1 0.460938 0.881250 1 0.471875 0.879167 1 0.460938 0.922917 1 0.468750 0.918750 1
0 0.129039 0.815333 0.061766 0.170583 0.000000 0.000000 0 0.000000 0.000000 0 0.000000 0.000000 0 0.000000 0.000000 0 0.000000 0.000000 0 0.139063 0.783333 1 0.100000 0.789583 1 0.148438 0.818750 1 0.095312 0.814583 1 0.143750 0.852083 1 0.098437 0.850000 1 0.134375 0.852083 1 0.114062 0.852083 1 0.000000 0.000000 0 0.000000 0.000000 0 0.000000 0.000000 0 0.000000 0.000000 0
0 0.190227 0.804281 0.032172 0.097812 0.000000 0.000000 0 0.000000 0.000000 0 0.000000 0.000000 0 0.000000 0.000000 0 0.000000 0.000000 0 0.000000 0.000000 0 0.000000 0.000000 0 0.000000 0.000000 0 0.000000 0.000000 0 0.000000 0.000000 0 0.000000 0.000000 0 0.000000 0.000000 0 0.000000 0.000000 0 0.000000 0.000000 0 0.000000 0.000000 0 0.000000 0.000000 0 0.000000 0.000000 0
0 0.425852 0.834771 0.060016 0.222542 0.000000 0.000000 0 0.000000 0.000000 0 0.000000 0.000000 0 0.425000 0.741667 1 0.000000 0.000000 0 0.415625 0.764583 1 0.443750 0.760417 1 0.406250 0.797917 1 0.451562 0.793750 1 0.000000 0.000000 0 0.448437 0.818750 1 0.418750 0.818750 1 0.437500 0.816667 1 0.412500 0.879167 1 0.434375 0.879167 1 0.407813 0.925000 1 0.428125 0.929167 1
0 0.885820 0.826906 0.047422 0.141271 0.000000 0.000000 0 0.000000 0.000000 0 0.000000 0.000000 0 0.000000 0.000000 0 0.881250 0.781250 1 0.000000 0.000000 0 0.882812 0.806250 1 0.000000 0.000000 0 0.895312 0.835417 1 0.000000 0.000000 0 0.000000 0.000000 0 0.000000 0.000000 0 0.885938 0.877083 1 0.000000 0.000000 0 0.000000 0.000000 0 0.000000 0.000000 0 0.000000 0.000000 0
0 0.596531 0.780427 0.033406 0.087229 0.000000 0.000000 0 0.000000 0.000000 0 0.000000 0.000000 0 0.000000 0.000000 0 0.000000 0.000000 0 0.000000 0.000000 0 0.000000 0.000000 0 0.000000 0.000000 0 0.000000 0.000000 0 0.000000 0.000000 0 0.000000 0.000000 0 0.000000 0.000000 0 0.000000 0.000000 0 0.000000 0.000000 0 0.000000 0.000000 0 0.000000 0.000000 0 0.000000 0.000000 0
0 0.566125 0.765063 0.040719 0.064875 0.000000 0.000000 0 0.000000 0.000000 0 0.000000 0.000000 0 0.000000 0.000000 0 0.000000 0.000000 0 0.000000 0.000000 0 0.000000 0.000000 0 0.000000 0.000000 0 0.000000 0.000000 0 0.000000 0.000000 0 0.000000 0.000000 0 0.000000 0.000000 0 0.000000 0.000000 0 0.000000 0.000000 0 0.000000 0.000000 0 0.000000 0.000000 0 0.000000 0.000000 0
0 0.541375 0.789635 0.039156 0.136646 0.000000 0.000000 0 0.000000 0.000000 0 0.000000 0.000000 0 0.000000 0.000000 0 0.000000 0.000000 0 0.000000 0.000000 0 0.000000 0.000000 0 0.000000 0.000000 0 0.000000 0.000000 0 0.000000 0.000000 0 0.000000 0.000000 0 0.000000 0.000000 0 0.000000 0.000000 0 0.000000 0.000000 0 0.000000 0.000000 0 0.000000 0.000000 0 0.000000 0.000000 0
0 0.061906 0.873167 0.123375 0.243333 0.004687 0.854167 1 0.023438 0.835417 1 0.009375 0.833333 1 0.064062 0.843750 1 0.000000 0.000000 0 0.045312 0.958333 1 0.090625 0.900000 1 0.000000 0.000000 0 0.000000 0.000000 0 0.000000 0.000000 0 0.000000 0.000000 0 0.000000 0.000000 0 0.000000 0.000000 0 0.000000 0.000000 0 0.000000 0.000000 0 0.000000 0.000000 0 0.000000 0.000000 0
0 0.168102 0.848771 0.039359 0.208833 0.168750 0.764583 1 0.170313 0.760417 1 0.167187 0.762500 1 0.000000 0.000000 0 0.000000 0.000000 0 0.179688 0.779167 1 0.000000 0.000000 0 0.178125 0.810417 1 0.000000 0.000000 0 0.165625 0.833333 1 0.000000 0.000000 0 0.000000 0.000000 0 0.000000 0.000000 0 0.000000 0.000000 0 0.000000 0.000000 0 0.000000 0.000000 0 0.000000 0.000000 0
0 0.275586 0.850844 0.046391 0.209563 0.000000 0.000000 0 0.000000 0.000000 0 0.000000 0.000000 0 0.000000 0.000000 0 0.276562 0.762500 1 0.259375 0.785417 1 0.279687 0.785417 1 0.000000 0.000000 0 0.285938 0.816667 1 0.000000 0.000000 0 0.292187 0.841667 1 0.264062 0.847917 1 0.281250 0.852083 1 0.264062 0.893750 1 0.279687 0.897917 1 0.262500 0.933333 1 0.279687 0.937500 1