0 0.162719 0.411124 0.013688 0.033341 0.000000 0.000000 0 0.000000 0.000000 0 0.000000 0.000000 0 0.000000 0.000000 0 0.000000 0.000000 0 0.000000 0.000000 0 0.000000 0.000000 0 0.000000 0.000000 0 0.000000 0.000000 0 0.000000 0.000000 0 0.000000 0.000000 0 0.000000 0.000000 0 0.000000 0.000000 0 0.000000 0.000000 0 0.000000 0.000000 0 0.000000 0.000000 0 0.000000 0.000000 0
0 0.722828 0.521507 0.066344 0.236725 0.706250 0.432314 1 0.707812 0.427948 1 0.000000 0.000000 0 0.718750 0.427948 1 0.000000 0.000000 0 0.718750 0.460699 1 0.742188 0.456332 1 0.710938 0.504367 1 0.750000 0.495633 1 0.700000 0.502183 1 0.000000 0.000000 0 0.728125 0.561135 1 0.737500 0.561135 1 0.729688 0.644105 1 0.735938 0.644105 1 0.000000 0.000000 0 0.000000 0.000000 0
0 0.751086 0.689192 0.122484 0.281528 0.000000 0.000000 0 0.748437 0.582969 1 0.000000 0.000000 0 0.757812 0.585153 1 0.000000 0.000000 0 0.767188 0.617904 1 0.785937 0.615721 1 0.737500 0.648472 1 0.000000 0.000000 0 0.712500 0.663755 1 0.000000 0.000000 0 0.770312 0.698690 1 0.787500 0.696507 1 0.764062 0.742358 1 0.792188 0.742358 1 0.760938 0.805677 1 0.795312 0.801310 1
0 0.816938 0.584279 0.115781 0.400000 0.809375 0.432314 1 0.814063 0.423581 1 0.804688 0.423581 1 0.828125 0.412664 1 0.796875 0.423581 1 0.845313 0.454148 1 0.785937 0.451965 1 0.854688 0.519651 1 0.773438 0.517467 1 0.828125 0.539301 1 0.785937 0.550218 1 0.832812 0.585153 1 0.795312 0.582969 1 0.826562 0.663755 1 0.796875 0.661572 1 0.821875 0.748908 1 0.796875 0.753275 1
0 0.579000 0.614891 0.050188 0.220917 0.000000 0.000000 0 0.000000 0.000000 0 0.000000 0.000000 0 0.000000 0.000000 0 0.000000 0.000000 0 0.581250 0.556769 1 0.595313 0.550218 1 0.000000 0.000000 0 0.000000 0.000000 0 0.000000 0.000000 0 0.000000 0.000000 0 0.584375 0.615721 1 0.593750 0.604803 1 0.582812 0.661572 1 0.590625 0.652838 1 0.575000 0.703057 1 0.590625 0.696507 1
0 0.308891 0.559836 0.059500 0.240633 0.321875 0.475983 1 0.000000 0.000000 0 0.315625 0.467249 1 0.000000 0.000000 0 0.304688 0.467249 1 0.320312 0.500000 1 0.290625 0.504367 1 0.326562 0.528384 1 0.300000 0.543668 1 0.335938 0.550218 1 0.329688 0.554585 1 0.317188 0.569869 1 0.298438 0.574236 1 0.317188 0.622271 1 0.304688 0.628821 1 0.315625 0.665939 1 0.304688 0.672489 1
0 0.072367 0.423592 0.054672 0.101114 0.087500 0.397380 1 0.087500 0.390830 1 0.081250 0.393013 1 0.000000 0.000000 0 0.071875 0.397380 1 0.095312 0.421397 1 0.059375 0.417031 1 0.098437 0.454148 1 0.050000 0.451965 1 0.095312 0.469432 1 0.057813 0.480349 1 0.089063 0.489083 1 0.068750 0.489083 1 0.000000 0.000000 0 0.000000 0.000000 0 0.000000 0.000000 0 0.000000 0.000000 0
0 0.175805 0.462424 0.054828 0.114105 0.000000 0.000000 0 0.000000 0.000000 0 0.000000 0.000000 0 0.000000 0.000000 0 0.000000 0.000000 0 0.000000 0.000000 0 0.000000 0.000000 0 0.000000 0.000000 0 0.000000 0.000000 0 0.000000 0.000000 0 0.000000 0.000000 0 0.000000 0.000000 0 0.000000 0.000000 0 0.000000 0.000000 0 0.000000 0.000000 0 0.000000 0.000000 0 0.000000 0.000000 0
0 0.138383 0.549181 0.056422 0.242904 0.150000 0.454148 1 0.000000 0.000000 0 0.146875 0.447598 1 0.000000 0.000000 0 0.134375 0.451965 1 0.153125 0.478166 1 0.126562 0.482533 1 0.156250 0.508734 1 0.126562 0.524017 1 0.000000 0.000000 0 0.140625 0.539301 1 0.154688 0.548035 1 0.131250 0.548035 1 0.153125 0.598253 1 0.129688 0.589520 1 0.151562 0.646288 1 0.121875 0.648472 1
0 0.543555 0.447183 0.051453 0.058428 0.000000 0.000000 0 0.000000 0.000000 0 0.000000 0.000000 0 0.000000 0.000000 0 0.000000 0.000000 0 0.000000 0.000000 0 0.000000 0.000000 0 0.000000 0.000000 0 0.000000 0.000000 0 0.000000 0.000000 0 0.000000 0.000000 0 0.000000 0.000000 0 0.000000 0.000000 0 0.000000 0.000000 0 0.000000 0.000000 0 0.000000 0.000000 0 0.000000 0.000000 0
0 0.910437 0.610229 0.090656 0.370022 0.893750 0.469432 1 0.895312 0.462882 1 0.000000 0.000000 0 0.915625 0.456332 1 0.000000 0.000000 0 0.923438 0.500000 1 0.907813 0.493450 1 0.923438 0.567686 1 0.000000 0.000000 0 0.896875 0.604803 1 0.000000 0.000000 0 0.918750 0.617904 1 0.907813 0.611354 1 0.923438 0.698690 1 0.904687 0.700873 1 0.931250 0.775109 1 0.915625 0.766376 1
0 0.749656 0.553974 0.046531 0.129083 0.000000 0.000000 0 0.000000 0.000000 0 0.000000 0.000000 0 0.000000 0.000000 0 0.000000 0.000000 0 0.000000 0.000000 0 0.000000 0.000000 0 0.000000 0.000000 0 0.000000 0.000000 0 0.000000 0.000000 0 0.000000 0.000000 0 0.000000 0.000000 0 0.000000 0.000000 0 0.000000 0.000000 0 0.000000 0.000000 0 0.000000 0.000000 0 0.000000 0.000000 0
0 0.451852 0.625524 0.061641 0.144541 0.000000 0.000000 0 0.000000 0.000000 0 0.000000 0.000000 0 0.000000 0.000000 0 0.000000 0.000000 0 0.000000 0.000000 0 0.000000 0.000000 0 0.000000 0.000000 0 0.000000 0.000000 0 0.000000 0.000000 0 0.000000 0.000000 0 0.000000 0.000000 0 0.000000 0.000000 0 0.000000 0.000000 0 0.000000 0.000000 0 0.000000 0.000000 0 0.000000 0.000000 0