0 0.129344 0.769837 0.088000 0.460325 0.150000 0.590000 1 0.153125 0.582500 1 0.143750 0.577500 1 0.000000 0.000000 0 0.128125 0.582500 1 0.159375 0.635000 1 0.103125 0.635000 1 0.165625 0.710000 1 0.092188 0.705000 1 0.167187 0.767500 1 0.081250 0.772500 1 0.143750 0.770000 1 0.103125 0.777500 1 0.125000 0.857500 1 0.110937 0.875000 1 0.128125 0.985000 1 0.120313 0.987500 1
0 0.485719 0.830825 0.079281 0.327750 0.000000 0.000000 0 0.000000 0.000000 0 0.000000 0.000000 0 0.460938 0.690000 1 0.478125 0.687500 1 0.453125 0.727500 1 0.481250 0.720000 1 0.000000 0.000000 0 0.509375 0.720000 1 0.471875 0.692500 1 0.492188 0.692500 1 0.464062 0.825000 1 0.482812 0.817500 1 0.471875 0.912500 1 0.498437 0.892500 1 0.482812 0.977500 1 0.504687 0.972500 1
0 0.816102 0.823287 0.015828 0.060225 0.000000 0.000000 0 0.000000 0.000000 0 0.000000 0.000000 0 0.000000 0.000000 0 0.000000 0.000000 0 0.000000 0.000000 0 0.000000 0.000000 0 0.000000 0.000000 0 0.000000 0.000000 0 0.000000 0.000000 0 0.000000 0.000000 0 0.000000 0.000000 0 0.000000 0.000000 0 0.000000 0.000000 0 0.000000 0.000000 0 0.000000 0.000000 0 0.000000 0.000000 0
0 0.605898 0.857475 0.055328 0.237150 0.593750 0.772500 1 0.596875 0.762500 1 0.589063 0.765000 1 0.601562 0.760000 1 0.000000 0.000000 0 0.615625 0.780000 1 0.590625 0.782500 1 0.615625 0.807500 1 0.587500 0.810000 1 0.620313 0.840000 1 0.593750 0.825000 1 0.609375 0.840000 1 0.595313 0.840000 1 0.615625 0.900000 1 0.598437 0.902500 1 0.621875 0.955000 1 0.600000 0.952500 1
0 0.637641 0.460675 0.202250 0.211250 0.615625 0.422500 1 0.614062 0.415000 1 0.000000 0.000000 0 0.621875 0.387500 1 0.000000 0.000000 0 0.632812 0.382500 1 0.660937 0.440000 1 0.626563 0.445000 1 0.625000 0.482500 1 0.589063 0.502500 1 0.593750 0.530000 1 0.681250 0.415000 1 0.710938 0.457500 1 0.620313 0.445000 1 0.676562 0.500000 1 0.568750 0.465000 1 0.635938 0.525000 1
0 0.296484 0.880075 0.073156 0.239850 0.000000 0.000000 0 0.000000 0.000000 0 0.000000 0.000000 0 0.290625 0.775000 1 0.304688 0.777500 1 0.279687 0.785000 1 0.307812 0.787500 1 0.267188 0.815000 1 0.318750 0.835000 1 0.273438 0.850000 1 0.323437 0.887500 1 0.284375 0.852500 1 0.307812 0.855000 1 0.278125 0.922500 1 0.306250 0.920000 1 0.278125 0.977500 1 0.307812 0.977500 1
0 0.201680 0.866925 0.085203 0.212200 0.200000 0.800000 1 0.201563 0.795000 1 0.195312 0.792500 1 0.000000 0.000000 0 0.185938 0.795000 1 0.203125 0.825000 1 0.171875 0.820000 1 0.204687 0.865000 1 0.162500 0.867500 1 0.000000 0.000000 0 0.000000 0.000000 0 0.198437 0.887500 1 0.176563 0.890000 1 0.215625 0.880000 1 0.192188 0.875000 1 0.229687 0.955000 1 0.193750 0.952500 1
0 0.568820 0.839325 0.056172 0.280900 0.556250 0.717500 1 0.559375 0.712500 1 0.554688 0.712500 1 0.565625 0.717500 1 0.551562 0.720000 1 0.570312 0.747500 1 0.550000 0.745000 1 0.000000 0.000000 0 0.548438 0.790000 1 0.000000 0.000000 0 0.559375 0.825000 1 0.570312 0.822500 1 0.554688 0.822500 1 0.587500 0.887500 1 0.564063 0.887500 1 0.000000 0.000000 0 0.564063 0.957500 1
0 0.225445 0.854250 0.049359 0.174700 0.000000 0.000000 0 0.000000 0.000000 0 0.000000 0.000000 0 0.000000 0.000000 0 0.000000 0.000000 0 0.000000 0.000000 0 0.000000 0.000000 0 0.000000 0.000000 0 0.000000 0.000000 0 0.000000 0.000000 0 0.000000 0.000000 0 0.000000 0.000000 0 0.000000 0.000000 0 0.000000 0.000000 0 0.000000 0.000000 0 0.000000 0.000000 0 0.000000 0.000000 0
0 0.631289 0.849213 0.062922 0.270675 0.632812 0.745000 1 0.634375 0.740000 1 0.628125 0.740000 1 0.000000 0.000000 0 0.623437 0.745000 1 0.635938 0.775000 1 0.623437 0.767500 1 0.000000 0.000000 0 0.625000 0.797500 1 0.000000 0.000000 0 0.631250 0.835000 1 0.628125 0.835000 1 0.635938 0.835000 1 0.634375 0.897500 1 0.645312 0.880000 1 0.607812 0.940000 1 0.645312 0.947500 1
0 0.858922 0.845563 0.034156 0.134975 0.000000 0.000000 0 0.000000 0.000000 0 0.000000 0.000000 0 0.000000 0.000000 0 0.000000 0.000000 0 0.000000 0.000000 0 0.000000 0.000000 0 0.000000 0.000000 0 0.000000 0.000000 0 0.000000 0.000000 0 0.000000 0.000000 0 0.000000 0.000000 0 0.000000 0.000000 0 0.000000 0.000000 0 0.000000 0.000000 0 0.000000 0.000000 0 0.000000 0.000000 0
0 0.084273 0.767412 0.168547 0.420225 0.085938 0.602500 1 0.087500 0.595000 1 0.081250 0.595000 1 0.000000 0.000000 0 0.071875 0.592500 1 0.089063 0.640000 1 0.050000 0.637500 1 0.000000 0.000000 0 0.034375 0.680000 1 0.000000 0.000000 0 0.034375 0.725000 1 0.076563 0.745000 1 0.048438 0.742500 1 0.000000 0.000000 0 0.048438 0.805000 1 0.000000 0.000000 0 0.012500 0.862500 1
0 0.657461 0.853225 0.045453 0.215550 0.000000 0.000000 0 0.000000 0.000000 0 0.000000 0.000000 0 0.000000 0.000000 0 0.000000 0.000000 0 0.000000 0.000000 0 0.000000 0.000000 0 0.000000 0.000000 0 0.000000 0.000000 0 0.000000 0.000000 0 0.000000 0.000000 0 0.000000 0.000000 0 0.000000 0.000000 0 0.000000 0.000000 0 0.000000 0.000000 0 0.000000 0.000000 0 0.000000 0.000000 0