0 0.402078 0.482892 0.240875 0.595621 0.426563 0.325527 1 0.442188 0.304450 1 0.412500 0.306792 1 0.465625 0.285714 1 0.000000 0.000000 0 0.503125 0.388759 1 0.378125 0.416862 1 0.000000 0.000000 0 0.343750 0.548009 1 0.000000 0.000000 0 0.312500 0.686183 1 0.482812 0.604215 1 0.396875 0.632319 1 0.471875 0.758782 1 0.398438 0.768150 1 0.000000 0.000000 0 0.000000 0.000000 0
0 0.702422 0.429215 0.241375 0.584286 0.723437 0.264637 1 0.739062 0.243560 1 0.710938 0.238876 1 0.756250 0.248244 1 0.693750 0.238876 1 0.773438 0.353630 1 0.656250 0.344262 1 0.789062 0.477752 1 0.634375 0.480094 1 0.771875 0.606557 1 0.667188 0.608899 1 0.723437 0.594848 1 0.643750 0.592506 1 0.000000 0.000000 0 0.000000 0.000000 0 0.000000 0.000000 0 0.000000 0.000000 0
0 0.073125 0.360562 0.145313 0.720234 0.012500 0.086651 1 0.020313 0.065574 1 0.000000 0.000000 0 0.053125 0.058548 1 0.000000 0.000000 0 0.098437 0.156909 1 0.045312 0.152225 1 0.114062 0.281030 1 0.043750 0.266979 1 0.037500 0.299766 1 0.007812 0.264637 1 0.082812 0.348946 1 0.054688 0.362998 1 0.114062 0.522248 1 0.040625 0.503513 1 0.139063 0.674473 1 0.096875 0.651054 1
0 0.643508 0.266780 0.096328 0.434356 0.656250 0.100703 1 0.664062 0.091335 1 0.650000 0.088993 1 0.673438 0.091335 1 0.640625 0.088993 1 0.689063 0.156909 1 0.620313 0.142857 1 0.000000 0.000000 0 0.601562 0.215457 1 0.000000 0.000000 0 0.615625 0.220141 1 0.665625 0.318501 1 0.614062 0.309133 1 0.000000 0.000000 0 0.604688 0.402810 1 0.000000 0.000000 0 0.000000 0.000000 0
0 0.240164 0.532939 0.205203 0.628454 0.271875 0.348946 1 0.287500 0.325527 1 0.254688 0.325527 1 0.298438 0.318501 1 0.221875 0.323185 1 0.307812 0.367681 1 0.179688 0.421546 1 0.312500 0.505855 1 0.182812 0.606557 1 0.303125 0.634660 1 0.248438 0.674473 1 0.285938 0.681499 1 0.195312 0.707260 1 0.281250 0.885246 1 0.201563 0.894614 1 0.000000 0.000000 0 0.000000 0.000000 0
0 0.489523 0.291639 0.115891 0.496300 0.489063 0.107728 1 0.492188 0.098361 1 0.481250 0.100703 1 0.000000 0.000000 0 0.465625 0.096019 1 0.512500 0.142857 1 0.451562 0.166276 1 0.528125 0.192037 1 0.000000 0.000000 0 0.539062 0.238876 1 0.000000 0.000000 0 0.512500 0.285714 1 0.471875 0.295082 1 0.525000 0.395785 1 0.487500 0.398126 1 0.506250 0.466042 1 0.000000 0.000000 0
0 0.174695 0.241253 0.093672 0.291311 0.000000 0.000000 0 0.000000 0.000000 0 0.000000 0.000000 0 0.139063 0.138173 1 0.176563 0.135831 1 0.129688 0.201405 1 0.198437 0.189696 1 0.000000 0.000000 0 0.000000 0.000000 0 0.000000 0.000000 0 0.000000 0.000000 0 0.159375 0.362998 1 0.214062 0.348946 1 0.000000 0.000000 0 0.000000 0.000000 0 0.000000 0.000000 0 0.000000 0.000000 0
0 0.541031 0.110246 0.058656 0.161569 0.000000 0.000000 0 0.000000 0.000000 0 0.000000 0.000000 0 0.000000 0.000000 0 0.000000 0.000000 0 0.000000 0.000000 0 0.000000 0.000000 0 0.000000 0.000000 0 0.000000 0.000000 0 0.000000 0.000000 0 0.000000 0.000000 0 0.000000 0.000000 0 0.000000 0.000000 0 0.000000 0.000000 0 0.000000 0.000000 0 0.000000 0.000000 0 0.000000 0.000000 0
0 0.952789 0.438208 0.094422 0.426956 0.000000 0.000000 0 0.000000 0.000000 0 0.000000 0.000000 0 0.000000 0.000000 0 0.000000 0.000000 0 0.000000 0.000000 0 0.000000 0.000000 0 0.000000 0.000000 0 0.976562 0.351288 1 0.000000 0.000000 0 0.000000 0.000000 0 0.000000 0.000000 0 0.984375 0.426230 1 0.000000 0.000000 0 0.957812 0.529274 1 0.000000 0.000000 0 0.926562 0.601874 1
0 0.486492 0.098407 0.092703 0.138267 0.000000 0.000000 0 0.000000 0.000000 0 0.000000 0.000000 0 0.000000 0.000000 0 0.000000 0.000000 0 0.000000 0.000000 0 0.000000 0.000000 0 0.000000 0.000000 0 0.000000 0.000000 0 0.000000 0.000000 0 0.000000 0.000000 0 0.000000 0.000000 0 0.000000 0.000000 0 0.000000 0.000000 0 0.000000 0.000000 0 0.000000 0.000000 0 0.000000 0.000000 0
0 0.345594 0.253934 0.133438 0.337096 0.000000 0.000000 0 0.000000 0.000000 0 0.000000 0.000000 0 0.359375 0.117096 1 0.000000 0.000000 0 0.335938 0.170960 1 0.395313 0.180328 1 0.289062 0.203747 1 0.000000 0.000000 0 0.000000 0.000000 0 0.000000 0.000000 0 0.345313 0.334895 1 0.387500 0.337237 1 0.343750 0.426230 1 0.000000 0.000000 0 0.000000 0.000000 0 0.000000 0.000000 0
0 0.605102 0.120562 0.069328 0.139391 0.000000 0.000000 0 0.000000 0.000000 0 0.000000 0.000000 0 0.000000 0.000000 0 0.000000 0.000000 0 0.000000 0.000000 0 0.000000 0.000000 0 0.000000 0.000000 0 0.000000 0.000000 0 0.000000 0.000000 0 0.000000 0.000000 0 0.000000 0.000000 0 0.000000 0.000000 0 0.000000 0.000000 0 0.000000 0.000000 0 0.000000 0.000000 0 0.000000 0.000000 0