0 0.147180 0.334707 0.156578 0.525235 0.148438 0.157277 1 0.151562 0.140845 1 0.135937 0.143192 1 0.000000 0.000000 0 0.115625 0.152582 1 0.160938 0.215962 1 0.087500 0.225352 1 0.220312 0.319249 1 0.092188 0.359155 1 0.173437 0.225352 1 0.120313 0.453052 1 0.204687 0.406103 1 0.146875 0.413146 1 0.201563 0.561033 1 0.148438 0.579812 1 0.000000 0.000000 0 0.000000 0.000000 0
0 0.713195 0.209495 0.057234 0.139366 0.718750 0.164319 1 0.721875 0.157277 1 0.715625 0.157277 1 0.728125 0.154930 1 0.714063 0.159624 1 0.732812 0.194836 1 0.700000 0.185446 1 0.732812 0.234742 1 0.692187 0.227700 1 0.734375 0.258216 1 0.692187 0.260563 1 0.720313 0.269953 1 0.704688 0.269953 1 0.000000 0.000000 0 0.000000 0.000000 0 0.000000 0.000000 0 0.000000 0.000000 0
0 0.301430 0.285141 0.043703 0.246620 0.303125 0.185446 1 0.304688 0.178404 1 0.300000 0.178404 1 0.000000 0.000000 0 0.292187 0.187793 1 0.312500 0.208920 1 0.289062 0.213615 1 0.318750 0.241784 1 0.290625 0.248826 1 0.301563 0.246479 1 0.310937 0.258216 1 0.317188 0.279343 1 0.298438 0.286385 1 0.320312 0.335681 1 0.296875 0.338028 1 0.321875 0.384977 1 0.296875 0.387324 1
0 0.370953 0.265575 0.104188 0.279413 0.340625 0.171362 1 0.343750 0.164319 1 0.000000 0.000000 0 0.354687 0.169014 1 0.000000 0.000000 0 0.398438 0.215962 1 0.348438 0.213615 1 0.412500 0.288732 1 0.334375 0.260563 1 0.403125 0.352113 1 0.332813 0.293427 1 0.387500 0.368545 1 0.348438 0.370892 1 0.000000 0.000000 0 0.000000 0.000000 0 0.000000 0.000000 0 0.000000 0.000000 0
0 0.529945 0.258028 0.085578 0.243192 0.529687 0.173709 1 0.532813 0.166667 1 0.523438 0.166667 1 0.000000 0.000000 0 0.515625 0.169014 1 0.551562 0.199531 1 0.510938 0.201878 1 0.559375 0.237089 1 0.515625 0.237089 1 0.528125 0.246479 1 0.546875 0.237089 1 0.546875 0.309859 1 0.518750 0.312207 1 0.000000 0.000000 0 0.000000 0.000000 0 0.000000 0.000000 0 0.000000 0.000000 0
0 0.772000 0.204085 0.029563 0.108732 0.000000 0.000000 0 0.000000 0.000000 0 0.000000 0.000000 0 0.000000 0.000000 0 0.000000 0.000000 0 0.000000 0.000000 0 0.000000 0.000000 0 0.000000 0.000000 0 0.000000 0.000000 0 0.000000 0.000000 0 0.000000 0.000000 0 0.000000 0.000000 0 0.000000 0.000000 0 0.000000 0.000000 0 0.000000 0.000000 0 0.000000 0.000000 0 0.000000 0.000000 0
0 0.456211 0.252594 0.099766 0.291854 0.451562 0.150235 1 0.454688 0.143192 1 0.446875 0.143192 1 0.000000 0.000000 0 0.434375 0.140845 1 0.462500 0.178404 1 0.423438 0.192488 1 0.000000 0.000000 0 0.414062 0.253521 1 0.479687 0.232394 1 0.431250 0.300469 1 0.471875 0.302817 1 0.443750 0.307512 1 0.476562 0.392019 1 0.442188 0.396714 1 0.000000 0.000000 0 0.000000 0.000000 0
0 0.646984 0.230669 0.057281 0.207254 0.653125 0.154930 1 0.657813 0.150235 1 0.648438 0.147887 1 0.000000 0.000000 0 0.642188 0.150235 1 0.665625 0.185446 1 0.631250 0.183099 1 0.670312 0.225352 1 0.618750 0.213615 1 0.667188 0.253521 1 0.634375 0.267606 1 0.660937 0.279343 1 0.642188 0.279343 1 0.659375 0.319249 1 0.642188 0.321596 1 0.659375 0.370892 1 0.642188 0.373239 1
0 0.750352 0.195892 0.047891 0.126901 0.000000 0.000000 0 0.000000 0.000000 0 0.000000 0.000000 0 0.000000 0.000000 0 0.000000 0.000000 0 0.000000 0.000000 0 0.000000 0.000000 0 0.000000 0.000000 0 0.000000 0.000000 0 0.000000 0.000000 0 0.000000 0.000000 0 0.000000 0.000000 0 0.000000 0.000000 0 0.000000 0.000000 0 0.000000 0.000000 0 0.000000 0.000000 0 0.000000 0.000000 0
0 0.482352 0.193404 0.040797 0.134178 0.000000 0.000000 0 0.000000 0.000000 0 0.000000 0.000000 0 0.000000 0.000000 0 0.000000 0.000000 0 0.000000 0.000000 0 0.000000 0.000000 0 0.000000 0.000000 0 0.000000 0.000000 0 0.000000 0.000000 0 0.000000 0.000000 0 0.000000 0.000000 0 0.000000 0.000000 0 0.000000 0.000000 0 0.000000 0.000000 0 0.000000 0.000000 0 0.000000 0.000000 0
0 0.590523 0.232946 0.065141 0.201620 0.612500 0.173709 1 0.000000 0.000000 0 0.609375 0.166667 1 0.000000 0.000000 0 0.596875 0.166667 1 0.601562 0.197183 1 0.568750 0.201878 1 0.606250 0.227700 1 0.567187 0.255869 1 0.618750 0.255869 1 0.578125 0.288732 1 0.606250 0.269953 1 0.584375 0.276995 1 0.000000 0.000000 0 0.000000 0.000000 0 0.000000 0.000000 0 0.000000 0.000000 0
0 0.829617 0.193310 0.032516 0.116901 0.000000 0.000000 0 0.000000 0.000000 0 0.000000 0.000000 0 0.000000 0.000000 0 0.000000 0.000000 0 0.000000 0.000000 0 0.000000 0.000000 0 0.000000 0.000000 0 0.000000 0.000000 0 0.000000 0.000000 0 0.000000 0.000000 0 0.000000 0.000000 0 0.000000 0.000000 0 0.000000 0.000000 0 0.000000 0.000000 0 0.000000 0.000000 0 0.000000 0.000000 0
0 0.792062 0.201420 0.027406 0.099930 0.000000 0.000000 0 0.000000 0.000000 0 0.000000 0.000000 0 0.000000 0.000000 0 0.000000 0.000000 0 0.000000 0.000000 0 0.000000 0.000000 0 0.000000 0.000000 0 0.000000 0.000000 0 0.000000 0.000000 0 0.000000 0.000000 0 0.000000 0.000000 0 0.000000 0.000000 0 0.000000 0.000000 0 0.000000 0.000000 0 0.000000 0.000000 0 0.000000 0.000000 0