0 0.096906 0.469665 0.149781 0.703975 0.096875 0.173640 1 0.109375 0.167364 1 0.089063 0.167364 1 0.120313 0.171548 1 0.075000 0.177824 1 0.146875 0.263598 1 0.048438 0.259414 1 0.157812 0.353556 1 0.031250 0.364017 1 0.143750 0.416318 1 0.056250 0.428870 1 0.129688 0.451883 1 0.076563 0.451883 1 0.129688 0.610879 1 0.081250 0.610879 1 0.126562 0.769874 1 0.079687 0.769874 1
0 0.246438 0.283776 0.156438 0.362615 0.239063 0.171548 1 0.246875 0.158996 1 0.228125 0.158996 1 0.259375 0.163180 1 0.214062 0.163180 1 0.289062 0.234310 1 0.192188 0.238494 1 0.318750 0.347280 1 0.175000 0.341004 1 0.000000 0.000000 0 0.000000 0.000000 0 0.271875 0.418410 1 0.209375 0.416318 1 0.000000 0.000000 0 0.000000 0.000000 0 0.000000 0.000000 0 0.000000 0.000000 0
0 0.490086 0.476412 0.140984 0.665167 0.495312 0.209205 1 0.503125 0.194561 1 0.482812 0.194561 1 0.515625 0.200837 1 0.468750 0.194561 1 0.539062 0.271967 1 0.442188 0.271967 1 0.554688 0.361925 1 0.428125 0.380753 1 0.000000 0.000000 0 0.000000 0.000000 0 0.525000 0.430962 1 0.460938 0.430962 1 0.512500 0.608787 1 0.465625 0.604603 1 0.512500 0.755230 1 0.473438 0.755230 1
0 0.553023 0.601119 0.176234 0.519100 0.560937 0.403766 1 0.571875 0.389121 1 0.554688 0.391213 1 0.584375 0.391213 1 0.537500 0.391213 1 0.618750 0.456067 1 0.521875 0.470711 1 0.631250 0.548117 1 0.512500 0.566946 1 0.598437 0.577406 1 0.540625 0.581590 1 0.601562 0.650628 1 0.537500 0.640167 1 0.596875 0.822176 1 0.498437 0.679916 1 0.571875 0.778243 1 0.510938 0.817992 1
0 0.781758 0.412510 0.147266 0.741046 0.781250 0.104603 1 0.789062 0.092050 1 0.767188 0.094142 1 0.800000 0.100418 1 0.753125 0.104603 1 0.831250 0.182008 1 0.729688 0.182008 1 0.000000 0.000000 0 0.721875 0.301255 1 0.000000 0.000000 0 0.739062 0.357741 1 0.814063 0.380753 1 0.748437 0.376569 1 0.818750 0.569038 1 0.751563 0.554393 1 0.831250 0.755230 1 0.751563 0.759414 1
0 0.418750 0.595513 0.142656 0.525837 0.421875 0.410042 1 0.426563 0.395397 1 0.409375 0.405858 1 0.440625 0.389121 1 0.389062 0.407950 1 0.471875 0.453975 1 0.376563 0.443515 1 0.481250 0.562762 1 0.360938 0.556485 1 0.440625 0.554393 1 0.414062 0.562762 1 0.442188 0.661088 1 0.385937 0.633891 1 0.428125 0.813808 1 0.370312 0.717573 1 0.453125 0.751046 1 0.384375 0.790795 1
0 0.846313 0.633849 0.173062 0.416904 0.820312 0.487448 1 0.826562 0.474895 1 0.806250 0.481172 1 0.843750 0.479079 1 0.793750 0.493724 1 0.875000 0.533473 1 0.789062 0.546025 1 0.898438 0.635983 1 0.784375 0.633891 1 0.864062 0.579498 1 0.809375 0.566946 1 0.889062 0.692469 1 0.848437 0.698745 1 0.885938 0.817992 1 0.787500 0.644351 1 0.862500 0.755230 1 0.807813 0.776151 1
0 0.704984 0.595879 0.143656 0.495230 0.715625 0.430962 1 0.723437 0.414226 1 0.703125 0.414226 1 0.000000 0.000000 0 0.682813 0.414226 1 0.754687 0.481172 1 0.651563 0.481172 1 0.754687 0.610879 1 0.657813 0.615063 1 0.745313 0.550209 1 0.692187 0.575314 1 0.723437 0.627615 1 0.667188 0.623431 1 0.742188 0.822176 1 0.690625 0.728033 1 0.704688 0.753138 1 0.653125 0.765690 1
0 0.173711 0.607866 0.142672 0.483138 0.184375 0.449791 1 0.193750 0.435146 1 0.175000 0.437238 1 0.206250 0.445607 1 0.157812 0.441423 1 0.225000 0.485356 1 0.132812 0.483264 1 0.223438 0.612971 1 0.115625 0.602510 1 0.159375 0.592050 1 0.125000 0.600418 1 0.203125 0.638075 1 0.146875 0.638075 1 0.226562 0.642259 1 0.173437 0.799163 1 0.210938 0.790795 1 0.195312 0.738494 1
0 0.370820 0.282709 0.133109 0.349435 0.373437 0.182008 1 0.381250 0.169456 1 0.364063 0.169456 1 0.392188 0.173640 1 0.348438 0.169456 1 0.420312 0.246862 1 0.323437 0.246862 1 0.432812 0.347280 1 0.314063 0.343096 1 0.409375 0.403766 1 0.318750 0.405858 1 0.401562 0.399582 1 0.335938 0.397490 1 0.393750 0.556485 1 0.342187 0.560669 1 0.000000 0.000000 0 0.000000 0.000000 0
0 0.641133 0.293703 0.140984 0.376151 0.643750 0.169456 1 0.651563 0.152720 1 0.634375 0.156904 1 0.665625 0.158996 1 0.617188 0.161088 1 0.696875 0.236402 1 0.593750 0.236402 1 0.706250 0.374477 1 0.573438 0.345188 1 0.695312 0.372385 1 0.609375 0.387029 1 0.681250 0.418410 1 0.614062 0.418410 1 0.670312 0.575314 1 0.629687 0.575314 1 0.000000 0.000000 0 0.000000 0.000000 0
0 0.283648 0.606736 0.147703 0.485397 0.284375 0.422594 1 0.292187 0.414226 1 0.273438 0.414226 1 0.306250 0.414226 1 0.260937 0.410042 1 0.329688 0.481172 1 0.232813 0.483264 1 0.332813 0.585774 1 0.229687 0.589958 1 0.285938 0.587866 1 0.251563 0.587866 1 0.318750 0.658996 1 0.264062 0.652720 1 0.310937 0.830544 1 0.220312 0.711297 1 0.340625 0.744770 1 0.254688 0.811715 1
0 0.907281 0.417207 0.161469 0.623494 0.910937 0.173640 1 0.920312 0.161088 1 0.901563 0.163180 1 0.934375 0.165272 1 0.889062 0.173640 1 0.953125 0.253138 1 0.868750 0.253138 1 0.973437 0.349372 1 0.845313 0.353556 1 0.950000 0.391213 1 0.870313 0.435146 1 0.934375 0.464435 1 0.881250 0.464435 1 0.931250 0.594142 1 0.878125 0.589958 1 0.928125 0.759414 1 0.879687 0.761506 1