0 0.518344 0.489052 0.219906 0.600913 0.500000 0.262295 1 0.507812 0.250585 1 0.489063 0.250585 1 0.514062 0.250585 1 0.465625 0.250585 1 0.517188 0.311475 1 0.454688 0.327869 1 0.576562 0.344262 1 0.475000 0.393443 1 0.632812 0.372365 1 0.529687 0.428571 1 0.506250 0.475410 1 0.451562 0.487119 1 0.581250 0.489461 1 0.523438 0.538642 1 0.000000 0.000000 0 0.543750 0.725995 1
0 0.933969 0.354614 0.060031 0.236721 0.923438 0.252927 1 0.928125 0.250585 1 0.923438 0.250585 1 0.937500 0.252927 1 0.000000 0.000000 0 0.942187 0.281030 1 0.921875 0.283372 1 0.957812 0.304450 1 0.915625 0.311475 1 0.945312 0.320843 1 0.914062 0.351288 1 0.939063 0.351288 1 0.923438 0.351288 1 0.937500 0.402810 1 0.918750 0.402810 1 0.953125 0.449649 1 0.920312 0.454333 1
0 0.818539 0.351827 0.059672 0.312037 0.820312 0.220141 1 0.825000 0.215457 1 0.817187 0.213115 1 0.834375 0.217799 1 0.000000 0.000000 0 0.829688 0.257611 1 0.000000 0.000000 0 0.826562 0.316159 1 0.000000 0.000000 0 0.807813 0.346604 1 0.000000 0.000000 0 0.817187 0.348946 1 0.000000 0.000000 0 0.818750 0.426230 1 0.000000 0.000000 0 0.817187 0.491803 1 0.000000 0.000000 0
0 0.922359 0.244169 0.033969 0.093349 0.000000 0.000000 0 0.000000 0.000000 0 0.000000 0.000000 0 0.000000 0.000000 0 0.000000 0.000000 0 0.000000 0.000000 0 0.000000 0.000000 0 0.000000 0.000000 0 0.000000 0.000000 0 0.000000 0.000000 0 0.000000 0.000000 0 0.000000 0.000000 0 0.000000 0.000000 0 0.000000 0.000000 0 0.000000 0.000000 0 0.000000 0.000000 0 0.000000 0.000000 0
0 0.054758 0.265562 0.044016 0.231733 0.000000 0.000000 0 0.000000 0.000000 0 0.000000 0.000000 0 0.000000 0.000000 0 0.000000 0.000000 0 0.000000 0.000000 0 0.000000 0.000000 0 0.000000 0.000000 0 0.000000 0.000000 0 0.000000 0.000000 0 0.000000 0.000000 0 0.000000 0.000000 0 0.000000 0.000000 0 0.000000 0.000000 0 0.000000 0.000000 0 0.000000 0.000000 0 0.000000 0.000000 0
0 0.109266 0.325386 0.059719 0.331663 0.087500 0.192037 1 0.090625 0.185012 1 0.089063 0.185012 1 0.107813 0.185012 1 0.000000 0.000000 0 0.121875 0.222482 1 0.101562 0.222482 1 0.107813 0.271663 1 0.095312 0.259953 1 0.081250 0.292740 1 0.085938 0.292740 1 0.117188 0.311475 1 0.101562 0.313817 1 0.120313 0.393443 1 0.103125 0.393443 1 0.123438 0.466042 1 0.107813 0.459016 1
0 0.583852 0.246768 0.063172 0.166792 0.598437 0.192037 1 0.601562 0.189696 1 0.595313 0.187354 1 0.000000 0.000000 0 0.584375 0.187354 1 0.603125 0.227166 1 0.575000 0.217799 1 0.606250 0.290398 1 0.559375 0.288056 1 0.606250 0.344262 1 0.560937 0.337237 1 0.601562 0.313817 1 0.576562 0.306792 1 0.601562 0.381733 1 0.579688 0.391101 1 0.000000 0.000000 0 0.000000 0.000000 0
0 0.638437 0.273899 0.042781 0.126862 0.000000 0.000000 0 0.000000 0.000000 0 0.000000 0.000000 0 0.000000 0.000000 0 0.000000 0.000000 0 0.000000 0.000000 0 0.000000 0.000000 0 0.000000 0.000000 0 0.000000 0.000000 0 0.000000 0.000000 0 0.000000 0.000000 0 0.000000 0.000000 0 0.000000 0.000000 0 0.000000 0.000000 0 0.000000 0.000000 0 0.000000 0.000000 0 0.000000 0.000000 0
0 0.769688 0.322061 0.034625 0.230023 0.000000 0.000000 0 0.756250 0.220141 1 0.000000 0.000000 0 0.762500 0.220141 1 0.000000 0.000000 0 0.760938 0.245902 1 0.776563 0.245902 1 0.000000 0.000000 0 0.000000 0.000000 0 0.000000 0.000000 0 0.000000 0.000000 0 0.760938 0.304450 1 0.776563 0.306792 1 0.000000 0.000000 0 0.767188 0.367681 1 0.000000 0.000000 0 0.765625 0.419204 1
0 0.198102 0.384578 0.090766 0.415105 0.178125 0.215457 1 0.182812 0.208431 1 0.000000 0.000000 0 0.195312 0.217799 1 0.000000 0.000000 0 0.220312 0.243560 1 0.193750 0.255269 1 0.214062 0.250585 1 0.000000 0.000000 0 0.192188 0.234192 1 0.000000 0.000000 0 0.209375 0.367681 1 0.189062 0.365340 1 0.212500 0.459016 1 0.181250 0.459016 1 0.218750 0.564403 1 0.185938 0.548009 1
0 0.983680 0.301780 0.032453 0.212834 0.982812 0.215457 1 0.985938 0.210773 1 0.000000 0.000000 0 0.995313 0.210773 1 0.000000 0.000000 0 0.996875 0.241218 1 0.979688 0.241218 1 0.995313 0.266979 1 0.968750 0.262295 1 0.975000 0.259953 1 0.989062 0.262295 1 0.992188 0.285714 1 0.979688 0.283372 1 0.985938 0.339578 1 0.981250 0.346604 1 0.993750 0.386417 1 0.979688 0.388759 1
0 0.720250 0.306546 0.074094 0.231686 0.745313 0.220141 1 0.000000 0.000000 0 0.739062 0.215457 1 0.000000 0.000000 0 0.728125 0.215457 1 0.746875 0.238876 1 0.709375 0.238876 1 0.750000 0.281030 1 0.689063 0.276347 1 0.754687 0.325527 1 0.707812 0.309133 1 0.746875 0.330211 1 0.718750 0.330211 1 0.750000 0.381733 1 0.721875 0.377049 1 0.751563 0.428571 1 0.723437 0.423888 1