0 0.341573 0.200742 0.131854 0.235953 0.316667 0.132812 1 0.327083 0.126562 1 0.304167 0.128125 1 0.337500 0.128125 1 0.283333 0.134375 1 0.362500 0.184375 1 0.256250 0.184375 1 0.372917 0.257812 1 0.000000 0.000000 0 0.393750 0.309375 1 0.000000 0.000000 0 0.343750 0.307812 1 0.279167 0.309375 1 0.000000 0.000000 0 0.000000 0.000000 0 0.000000 0.000000 0 0.000000 0.000000 0
0 0.244687 0.214438 0.127083 0.231344 0.229167 0.148438 1 0.241667 0.140625 1 0.220833 0.142187 1 0.268750 0.146875 1 0.000000 0.000000 0 0.277083 0.195312 1 0.243750 0.185938 1 0.272917 0.268750 1 0.000000 0.000000 0 0.231250 0.312500 1 0.000000 0.000000 0 0.245833 0.317188 1 0.216667 0.307812 1 0.241667 0.418750 1 0.000000 0.000000 0 0.000000 0.000000 0 0.000000 0.000000 0
0 0.530333 0.206742 0.101875 0.166297 0.504167 0.159375 1 0.518750 0.150000 1 0.493750 0.150000 1 0.541667 0.154688 1 0.000000 0.000000 0 0.558333 0.198437 1 0.485417 0.198437 1 0.579167 0.257812 1 0.000000 0.000000 0 0.000000 0.000000 0 0.000000 0.000000 0 0.527083 0.304688 1 0.477083 0.303125 1 0.000000 0.000000 0 0.000000 0.000000 0 0.000000 0.000000 0 0.000000 0.000000 0
0 0.775135 0.164367 0.205438 0.260891 0.745833 0.092188 1 0.762500 0.081250 1 0.745833 0.081250 1 0.806250 0.081250 1 0.000000 0.000000 0 0.835417 0.148438 1 0.802083 0.135937 1 0.822917 0.226562 1 0.783333 0.218750 1 0.729167 0.240625 1 0.733333 0.215625 1 0.000000 0.000000 0 0.000000 0.000000 0 0.000000 0.000000 0 0.000000 0.000000 0 0.000000 0.000000 0 0.000000 0.000000 0
0 0.596448 0.112602 0.160854 0.207422 0.000000 0.000000 0 0.000000 0.000000 0 0.000000 0.000000 0 0.577083 0.053125 1 0.633333 0.056250 1 0.529167 0.101562 1 0.660417 0.101562 1 0.000000 0.000000 0 0.000000 0.000000 0 0.000000 0.000000 0 0.000000 0.000000 0 0.545833 0.215625 1 0.641667 0.215625 1 0.000000 0.000000 0 0.000000 0.000000 0 0.000000 0.000000 0 0.000000 0.000000 0
0 0.864417 0.104500 0.092875 0.101125 0.885417 0.106250 1 0.000000 0.000000 0 0.881250 0.096875 1 0.000000 0.000000 0 0.862500 0.096875 1 0.789583 0.142187 1 0.895833 0.142187 1 0.000000 0.000000 0 0.000000 0.000000 0 0.000000 0.000000 0 0.000000 0.000000 0 0.000000 0.000000 0 0.000000 0.000000 0 0.000000 0.000000 0 0.000000 0.000000 0 0.000000 0.000000 0 0.000000 0.000000 0
0 0.140271 0.096656 0.095167 0.152344 0.145833 0.068750 1 0.156250 0.060937 1 0.135417 0.062500 1 0.000000 0.000000 0 0.100000 0.068750 1 0.168750 0.128125 1 0.075000 0.125000 1 0.000000 0.000000 0 0.043750 0.203125 1 0.000000 0.000000 0 0.000000 0.000000 0 0.000000 0.000000 0 0.000000 0.000000 0 0.000000 0.000000 0 0.000000 0.000000 0 0.000000 0.000000 0 0.000000 0.000000 0
0 0.223760 0.113742 0.113396 0.181766 0.206250 0.070312 1 0.220833 0.065625 1 0.195833 0.065625 1 0.250000 0.067187 1 0.000000 0.000000 0 0.295833 0.115625 1 0.179167 0.120313 1 0.000000 0.000000 0 0.160417 0.181250 1 0.000000 0.000000 0 0.202083 0.157812 1 0.000000 0.000000 0 0.000000 0.000000 0 0.000000 0.000000 0 0.000000 0.000000 0 0.000000 0.000000 0 0.000000 0.000000 0
0 0.950937 0.165172 0.098125 0.276406 0.000000 0.000000 0 0.000000 0.000000 0 0.000000 0.000000 0 0.964583 0.070312 1 0.000000 0.000000 0 0.929167 0.115625 1 0.000000 0.000000 0 0.927083 0.196875 1 0.000000 0.000000 0 0.000000 0.000000 0 0.000000 0.000000 0 0.964583 0.282813 1 0.000000 0.000000 0 0.000000 0.000000 0 0.000000 0.000000 0 0.000000 0.000000 0 0.000000 0.000000 0
0 0.448104 0.177906 0.146375 0.218406 0.000000 0.000000 0 0.000000 0.000000 0 0.000000 0.000000 0 0.000000 0.000000 0 0.479167 0.120313 1 0.408333 0.146875 1 0.468750 0.162500 1 0.000000 0.000000 0 0.452083 0.232813 1 0.000000 0.000000 0 0.000000 0.000000 0 0.385417 0.271875 1 0.431250 0.289062 1 0.000000 0.000000 0 0.000000 0.000000 0 0.000000 0.000000 0 0.000000 0.000000 0
0 0.669844 0.536523 0.534937 0.640141 0.502083 0.279687 1 0.510417 0.268750 1 0.000000 0.000000 0 0.564583 0.271875 1 0.000000 0.000000 0 0.568750 0.317188 1 0.606250 0.323437 1 0.472917 0.368750 1 0.545833 0.426563 1 0.435417 0.343750 1 0.439583 0.389062 1 0.627083 0.500000 1 0.583333 0.503125 1 0.700000 0.653125 1 0.581250 0.653125 1 0.885417 0.665625 1 0.645833 0.793750 1
0 0.113854 0.186453 0.152750 0.219281 0.097917 0.125000 1 0.106250 0.117188 1 0.087500 0.118750 1 0.122917 0.123438 1 0.068750 0.128125 1 0.164583 0.182812 1 0.075000 0.160938 1 0.179167 0.254688 1 0.000000 0.000000 0 0.154167 0.320312 1 0.000000 0.000000 0 0.137500 0.328125 1 0.100000 0.320312 1 0.000000 0.000000 0 0.000000 0.000000 0 0.000000 0.000000 0 0.000000 0.000000 0