0 0.404320 0.521350 0.130422 0.597757 0.373437 0.292906 1 0.379688 0.279176 1 0.365625 0.283753 1 0.395313 0.274600 1 0.000000 0.000000 0 0.421875 0.320366 1 0.381250 0.327231 1 0.450000 0.414188 1 0.000000 0.000000 0 0.431250 0.455378 1 0.375000 0.457666 1 0.435937 0.505721 1 0.403125 0.501144 1 0.412500 0.649886 1 0.376563 0.624714 1 0.442188 0.745995 1 0.392188 0.729977 1
0 0.290000 0.541579 0.107406 0.426957 0.292187 0.372998 1 0.300000 0.366133 1 0.287500 0.366133 1 0.312500 0.368421 1 0.000000 0.000000 0 0.320312 0.409611 1 0.276562 0.395881 1 0.339062 0.475973 1 0.273438 0.475973 1 0.321875 0.471396 1 0.251563 0.501144 1 0.293750 0.542334 1 0.271875 0.540046 1 0.292187 0.624714 1 0.273438 0.622426 1 0.315625 0.711670 1 0.281250 0.693364 1
0 0.491914 0.559153 0.192828 0.720320 0.487500 0.295195 1 0.500000 0.274600 1 0.482812 0.281465 1 0.525000 0.281465 1 0.000000 0.000000 0 0.545312 0.366133 1 0.475000 0.352403 1 0.573438 0.457666 1 0.476562 0.473684 1 0.520312 0.526316 1 0.451562 0.530892 1 0.514062 0.583524 1 0.495312 0.581236 1 0.470313 0.697941 1 0.484375 0.693364 1 0.485938 0.835240 1 0.514062 0.807780 1
0 0.849492 0.341316 0.056672 0.251281 0.843750 0.249428 1 0.846875 0.242563 1 0.000000 0.000000 0 0.854688 0.244851 1 0.000000 0.000000 0 0.857812 0.267735 1 0.000000 0.000000 0 0.859375 0.306636 1 0.000000 0.000000 0 0.846875 0.345538 1 0.000000 0.000000 0 0.854688 0.343249 1 0.000000 0.000000 0 0.842187 0.398169 1 0.000000 0.000000 0 0.850000 0.446224 1 0.000000 0.000000 0
0 0.951336 0.373032 0.064453 0.283135 0.000000 0.000000 0 0.000000 0.000000 0 0.000000 0.000000 0 0.000000 0.000000 0 0.000000 0.000000 0 0.956250 0.292906 1 0.940625 0.292906 1 0.957812 0.334096 1 0.000000 0.000000 0 0.946875 0.375286 1 0.929688 0.370709 1 0.951562 0.382151 1 0.934375 0.379863 1 0.940625 0.430206 1 0.931250 0.434783 1 0.962500 0.491991 1 0.942187 0.487414 1
0 0.749992 0.341876 0.052047 0.078764 0.000000 0.000000 0 0.000000 0.000000 0 0.000000 0.000000 0 0.000000 0.000000 0 0.000000 0.000000 0 0.000000 0.000000 0 0.000000 0.000000 0 0.000000 0.000000 0 0.000000 0.000000 0 0.000000 0.000000 0 0.000000 0.000000 0 0.000000 0.000000 0 0.000000 0.000000 0 0.000000 0.000000 0 0.000000 0.000000 0 0.000000 0.000000 0 0.000000 0.000000 0
0 0.581352 0.299771 0.030234 0.128101 0.000000 0.000000 0 0.000000 0.000000 0 0.000000 0.000000 0 0.000000 0.000000 0 0.000000 0.000000 0 0.000000 0.000000 0 0.000000 0.000000 0 0.000000 0.000000 0 0.000000 0.000000 0 0.000000 0.000000 0 0.000000 0.000000 0 0.000000 0.000000 0 0.000000 0.000000 0 0.000000 0.000000 0 0.000000 0.000000 0 0.000000 0.000000 0 0.000000 0.000000 0
0 0.600891 0.338787 0.041000 0.188284 0.000000 0.000000 0 0.000000 0.000000 0 0.000000 0.000000 0 0.000000 0.000000 0 0.000000 0.000000 0 0.604688 0.281465 1 0.595313 0.283753 1 0.610938 0.304348 1 0.000000 0.000000 0 0.609375 0.329519 1 0.000000 0.000000 0 0.609375 0.343249 1 0.601562 0.340961 1 0.603125 0.379863 1 0.596875 0.377574 1 0.609375 0.409611 1 0.600000 0.407323 1
0 0.454141 0.291293 0.023937 0.134897 0.000000 0.000000 0 0.000000 0.000000 0 0.000000 0.000000 0 0.000000 0.000000 0 0.000000 0.000000 0 0.000000 0.000000 0 0.000000 0.000000 0 0.000000 0.000000 0 0.000000 0.000000 0 0.000000 0.000000 0 0.000000 0.000000 0 0.000000 0.000000 0 0.000000 0.000000 0 0.000000 0.000000 0 0.000000 0.000000 0 0.000000 0.000000 0 0.000000 0.000000 0
0 0.217008 0.259073 0.018516 0.080664 0.000000 0.000000 0 0.000000 0.000000 0 0.000000 0.000000 0 0.000000 0.000000 0 0.000000 0.000000 0 0.000000 0.000000 0 0.000000 0.000000 0 0.000000 0.000000 0 0.000000 0.000000 0 0.000000 0.000000 0 0.000000 0.000000 0 0.000000 0.000000 0 0.000000 0.000000 0 0.000000 0.000000 0 0.000000 0.000000 0 0.000000 0.000000 0 0.000000 0.000000 0
0 0.287617 0.289439 0.034266 0.086522 0.000000 0.000000 0 0.000000 0.000000 0 0.000000 0.000000 0 0.000000 0.000000 0 0.000000 0.000000 0 0.000000 0.000000 0 0.000000 0.000000 0 0.000000 0.000000 0 0.000000 0.000000 0 0.000000 0.000000 0 0.000000 0.000000 0 0.000000 0.000000 0 0.000000 0.000000 0 0.000000 0.000000 0 0.000000 0.000000 0 0.000000 0.000000 0 0.000000 0.000000 0