0 0.650633 0.608208 0.131953 0.325410 0.000000 0.000000 0 0.000000 0.000000 0 0.000000 0.000000 0 0.645312 0.496487 1 0.000000 0.000000 0 0.662500 0.538642 1 0.650000 0.519906 1 0.643750 0.625293 1 0.000000 0.000000 0 0.598437 0.669789 1 0.000000 0.000000 0 0.678125 0.655738 1 0.000000 0.000000 0 0.615625 0.676815 1 0.598437 0.655738 1 0.689063 0.725995 1 0.000000 0.000000 0
0 0.259367 0.518138 0.189359 0.490047 0.293750 0.323185 1 0.298438 0.320843 1 0.000000 0.000000 0 0.318750 0.325527 1 0.000000 0.000000 0 0.335938 0.362998 1 0.282813 0.365340 1 0.325000 0.405152 1 0.235937 0.391101 1 0.293750 0.377049 1 0.192188 0.405152 1 0.318750 0.508197 1 0.284375 0.505855 1 0.323437 0.625293 1 0.279687 0.618267 1 0.332813 0.721311 1 0.273438 0.716628 1
0 0.822367 0.513489 0.091453 0.501124 0.000000 0.000000 0 0.000000 0.000000 0 0.000000 0.000000 0 0.814063 0.311475 1 0.000000 0.000000 0 0.831250 0.370023 1 0.806250 0.370023 1 0.832812 0.456674 1 0.806250 0.430913 1 0.818750 0.515222 1 0.793750 0.498829 1 0.829688 0.536300 1 0.801562 0.536300 1 0.832812 0.625293 1 0.806250 0.629977 1 0.840625 0.740047 1 0.810937 0.725995 1
0 0.672125 0.131007 0.101656 0.258876 0.000000 0.000000 0 0.000000 0.000000 0 0.000000 0.000000 0 0.000000 0.000000 0 0.000000 0.000000 0 0.000000 0.000000 0 0.000000 0.000000 0 0.714063 0.007026 1 0.625000 0.002342 1 0.670312 0.023419 1 0.639062 0.014052 1 0.698438 0.056206 1 0.664062 0.070258 1 0.704688 0.163934 1 0.670312 0.170960 1 0.715625 0.241218 1 0.695312 0.245902 1
0 0.632133 0.145913 0.073422 0.207658 0.620313 0.067916 1 0.625000 0.060890 1 0.000000 0.000000 0 0.634375 0.056206 1 0.000000 0.000000 0 0.648438 0.077283 1 0.612500 0.074941 1 0.000000 0.000000 0 0.000000 0.000000 0 0.000000 0.000000 0 0.000000 0.000000 0 0.645312 0.163934 1 0.625000 0.163934 1 0.657813 0.166276 1 0.604688 0.168618 1 0.670312 0.243560 1 0.603125 0.234192 1
0 0.906133 0.140375 0.093141 0.275410 0.000000 0.000000 0 0.000000 0.000000 0 0.000000 0.000000 0 0.000000 0.000000 0 0.000000 0.000000 0 0.000000 0.000000 0 0.000000 0.000000 0 0.935937 0.023419 1 0.865625 0.016393 1 0.892188 0.039813 1 0.873437 0.023419 1 0.928125 0.084309 1 0.904687 0.084309 1 0.935937 0.177986 1 0.896875 0.163934 1 0.937500 0.257611 1 0.906250 0.255269 1
0 0.220266 0.107061 0.079437 0.214122 0.000000 0.000000 0 0.000000 0.000000 0 0.000000 0.000000 0 0.000000 0.000000 0 0.000000 0.000000 0 0.000000 0.000000 0 0.000000 0.000000 0 0.000000 0.000000 0 0.000000 0.000000 0 0.000000 0.000000 0 0.000000 0.000000 0 0.234375 0.039813 1 0.207813 0.053864 1 0.231250 0.103044 1 0.220312 0.140515 1 0.234375 0.187354 1 0.229687 0.206089 1
0 0.579477 0.123595 0.100453 0.242693 0.000000 0.000000 0 0.000000 0.000000 0 0.000000 0.000000 0 0.000000 0.000000 0 0.000000 0.000000 0 0.000000 0.000000 0 0.000000 0.000000 0 0.589063 0.011710 1 0.526563 0.016393 1 0.550000 0.009368 1 0.559375 0.004684 1 0.604688 0.117096 1 0.576562 0.110070 1 0.615625 0.187354 1 0.562500 0.131148 1 0.618750 0.255269 1 0.582812 0.213115 1
0 0.079852 0.101522 0.071453 0.203044 0.000000 0.000000 0 0.000000 0.000000 0 0.000000 0.000000 0 0.000000 0.000000 0 0.000000 0.000000 0 0.000000 0.000000 0 0.000000 0.000000 0 0.000000 0.000000 0 0.000000 0.000000 0 0.000000 0.000000 0 0.000000 0.000000 0 0.093750 0.030445 1 0.070312 0.030445 1 0.073438 0.084309 1 0.081250 0.121780 1 0.076563 0.180328 1 0.084375 0.189696 1
0 0.333344 0.114391 0.103344 0.220585 0.000000 0.000000 0 0.000000 0.000000 0 0.000000 0.000000 0 0.000000 0.000000 0 0.000000 0.000000 0 0.359375 0.053864 1 0.328125 0.049180 1 0.378125 0.103044 1 0.312500 0.096019 1 0.350000 0.121780 1 0.315625 0.121780 1 0.351562 0.138173 1 0.323437 0.135831 1 0.339062 0.152225 1 0.289062 0.154567 1 0.339062 0.224824 1 0.318750 0.220141 1
0 0.793258 0.131909 0.070266 0.263817 0.000000 0.000000 0 0.000000 0.000000 0 0.000000 0.000000 0 0.000000 0.000000 0 0.000000 0.000000 0 0.000000 0.000000 0 0.000000 0.000000 0 0.000000 0.000000 0 0.000000 0.000000 0 0.000000 0.000000 0 0.000000 0.000000 0 0.803125 0.067916 1 0.776563 0.065574 1 0.810937 0.159251 1 0.778125 0.156909 1 0.821875 0.248244 1 0.785937 0.248244 1
0 0.279719 0.118138 0.073469 0.183770 0.000000 0.000000 0 0.000000 0.000000 0 0.000000 0.000000 0 0.000000 0.000000 0 0.000000 0.000000 0 0.285938 0.060890 1 0.253125 0.058548 1 0.000000 0.000000 0 0.000000 0.000000 0 0.000000 0.000000 0 0.000000 0.000000 0 0.271875 0.121780 1 0.253125 0.121780 1 0.000000 0.000000 0 0.000000 0.000000 0 0.000000 0.000000 0 0.000000 0.000000 0
0 0.745109 0.151721 0.050281 0.211218 0.000000 0.000000 0 0.000000 0.000000 0 0.000000 0.000000 0 0.000000 0.000000 0 0.000000 0.000000 0 0.714063 0.093677 1 0.760938 0.081967 1 0.000000 0.000000 0 0.000000 0.000000 0 0.000000 0.000000 0 0.000000 0.000000 0 0.734375 0.180328 1 0.764062 0.173302 1 0.743750 0.257611 1 0.770312 0.255269 1 0.000000 0.000000 0 0.000000 0.000000 0