0 0.355156 0.691812 0.126188 0.425500 0.000000 0.000000 0 0.000000 0.000000 0 0.000000 0.000000 0 0.331250 0.502083 1 0.357812 0.504167 1 0.317188 0.554167 1 0.378125 0.562500 1 0.304688 0.618750 1 0.375000 0.629167 1 0.339062 0.635417 1 0.334375 0.625000 1 0.342187 0.677083 1 0.367188 0.675000 1 0.335938 0.779167 1 0.342187 0.775000 1 0.396875 0.850000 1 0.321875 0.881250 1
0 0.370180 0.346927 0.062266 0.317271 0.000000 0.000000 0 0.000000 0.000000 0 0.000000 0.000000 0 0.356250 0.214583 1 0.000000 0.000000 0 0.370312 0.237500 1 0.385937 0.239583 1 0.362500 0.289583 1 0.000000 0.000000 0 0.346875 0.289583 1 0.000000 0.000000 0 0.371875 0.320833 1 0.387500 0.318750 1 0.348438 0.387500 1 0.376563 0.393750 1 0.379688 0.452083 1 0.381250 0.464583 1
0 0.479578 0.543635 0.146719 0.360938 0.500000 0.397917 1 0.000000 0.000000 0 0.495312 0.395833 1 0.000000 0.000000 0 0.478125 0.393750 1 0.482812 0.435417 1 0.454688 0.431250 1 0.482812 0.481250 1 0.450000 0.487500 1 0.498437 0.504167 1 0.487500 0.514583 1 0.470313 0.539583 1 0.454688 0.537500 1 0.442188 0.618750 1 0.487500 0.610417 1 0.421875 0.693750 1 0.518750 0.689583 1
0 0.866242 0.192094 0.068328 0.125896 0.867188 0.158333 1 0.873437 0.154167 1 0.865625 0.152083 1 0.000000 0.000000 0 0.000000 0.000000 0 0.890625 0.183333 1 0.842187 0.175000 1 0.889062 0.229167 1 0.839063 0.216667 1 0.000000 0.000000 0 0.000000 0.000000 0 0.000000 0.000000 0 0.000000 0.000000 0 0.000000 0.000000 0 0.000000 0.000000 0 0.000000 0.000000 0 0.000000 0.000000 0
0 0.339164 0.532198 0.116391 0.195187 0.000000 0.000000 0 0.000000 0.000000 0 0.000000 0.000000 0 0.320312 0.472917 1 0.345313 0.466667 1 0.301563 0.504167 1 0.364063 0.506250 1 0.295312 0.570833 1 0.389062 0.577083 1 0.289062 0.602083 1 0.000000 0.000000 0 0.000000 0.000000 0 0.000000 0.000000 0 0.000000 0.000000 0 0.000000 0.000000 0 0.000000 0.000000 0 0.000000 0.000000 0
0 0.192977 0.348323 0.089328 0.319104 0.203125 0.222917 1 0.204687 0.218750 1 0.198437 0.218750 1 0.000000 0.000000 0 0.000000 0.000000 0 0.210938 0.258333 1 0.176563 0.258333 1 0.218750 0.300000 1 0.165625 0.306250 1 0.228125 0.335417 1 0.164062 0.350000 1 0.206250 0.335417 1 0.181250 0.335417 1 0.198437 0.397917 1 0.195312 0.397917 1 0.182812 0.472917 1 0.190625 0.470833 1
0 0.646906 0.404917 0.100500 0.320833 0.000000 0.000000 0 0.000000 0.000000 0 0.000000 0.000000 0 0.000000 0.000000 0 0.000000 0.000000 0 0.632812 0.312500 1 0.675000 0.306250 1 0.603125 0.350000 1 0.000000 0.000000 0 0.000000 0.000000 0 0.000000 0.000000 0 0.648438 0.387500 1 0.671875 0.385417 1 0.632812 0.475000 1 0.678125 0.477083 1 0.612500 0.545833 1 0.685937 0.547917 1
0 0.506461 0.284271 0.058984 0.087625 0.501563 0.266667 1 0.506250 0.258333 1 0.500000 0.260417 1 0.517188 0.268750 1 0.000000 0.000000 0 0.525000 0.287500 1 0.487500 0.287500 1 0.525000 0.312500 1 0.000000 0.000000 0 0.000000 0.000000 0 0.493750 0.310417 1 0.000000 0.000000 0 0.000000 0.000000 0 0.000000 0.000000 0 0.000000 0.000000 0 0.000000 0.000000 0 0.000000 0.000000 0
0 0.441898 0.279406 0.062453 0.077271 0.000000 0.000000 0 0.000000 0.000000 0 0.000000 0.000000 0 0.000000 0.000000 0 0.000000 0.000000 0 0.000000 0.000000 0 0.000000 0.000000 0 0.000000 0.000000 0 0.000000 0.000000 0 0.000000 0.000000 0 0.000000 0.000000 0 0.000000 0.000000 0 0.000000 0.000000 0 0.000000 0.000000 0 0.000000 0.000000 0 0.000000 0.000000 0 0.000000 0.000000 0
0 0.243391 0.063104 0.066531 0.080333 0.000000 0.000000 0 0.000000 0.000000 0 0.000000 0.000000 0 0.000000 0.000000 0 0.000000 0.000000 0 0.000000 0.000000 0 0.000000 0.000000 0 0.000000 0.000000 0 0.000000 0.000000 0 0.000000 0.000000 0 0.000000 0.000000 0 0.000000 0.000000 0 0.000000 0.000000 0 0.000000 0.000000 0 0.000000 0.000000 0 0.000000 0.000000 0 0.000000 0.000000 0
0 0.262562 0.040625 0.044531 0.079375 0.000000 0.000000 0 0.000000 0.000000 0 0.000000 0.000000 0 0.000000 0.000000 0 0.000000 0.000000 0 0.000000 0.000000 0 0.000000 0.000000 0 0.000000 0.000000 0 0.000000 0.000000 0 0.000000 0.000000 0 0.000000 0.000000 0 0.000000 0.000000 0 0.000000 0.000000 0 0.000000 0.000000 0 0.000000 0.000000 0 0.000000 0.000000 0 0.000000 0.000000 0
0 0.988609 0.282781 0.021937 0.071187 0.000000 0.000000 0 0.000000 0.000000 0 0.000000 0.000000 0 0.000000 0.000000 0 0.000000 0.000000 0 0.000000 0.000000 0 0.000000 0.000000 0 0.000000 0.000000 0 0.000000 0.000000 0 0.000000 0.000000 0 0.000000 0.000000 0 0.000000 0.000000 0 0.000000 0.000000 0 0.000000 0.000000 0 0.000000 0.000000 0 0.000000 0.000000 0 0.000000 0.000000 0
0 0.334141 0.262698 0.038906 0.094021 0.000000 0.000000 0 0.000000 0.000000 0 0.000000 0.000000 0 0.000000 0.000000 0 0.000000 0.000000 0 0.000000 0.000000 0 0.000000 0.000000 0 0.000000 0.000000 0 0.000000 0.000000 0 0.000000 0.000000 0 0.000000 0.000000 0 0.000000 0.000000 0 0.000000 0.000000 0 0.000000 0.000000 0 0.000000 0.000000 0 0.000000 0.000000 0 0.000000 0.000000 0