0 0.461422 0.519469 0.095375 0.313979 0.465625 0.393750 1 0.467187 0.387500 1 0.000000 0.000000 0 0.471875 0.391667 1 0.000000 0.000000 0 0.478125 0.429167 1 0.496875 0.429167 1 0.473438 0.475000 1 0.000000 0.000000 0 0.453125 0.479167 1 0.000000 0.000000 0 0.487500 0.520833 1 0.501563 0.514583 1 0.445312 0.575000 1 0.000000 0.000000 0 0.446875 0.654167 1 0.000000 0.000000 0
0 0.048773 0.788333 0.094172 0.403583 0.000000 0.000000 0 0.000000 0.000000 0 0.000000 0.000000 0 0.000000 0.000000 0 0.029687 0.633333 1 0.000000 0.000000 0 0.039062 0.700000 1 0.000000 0.000000 0 0.078125 0.747917 1 0.054688 0.622917 1 0.000000 0.000000 0 0.000000 0.000000 0 0.039062 0.860417 1 0.000000 0.000000 0 0.042188 0.983333 1 0.000000 0.000000 0 0.000000 0.000000 0
0 0.548047 0.469969 0.079375 0.145187 0.542188 0.408333 1 0.546875 0.402083 1 0.540625 0.404167 1 0.559375 0.402083 1 0.000000 0.000000 0 0.556250 0.439583 1 0.571875 0.437500 1 0.540625 0.483333 1 0.585938 0.470833 1 0.515625 0.504167 1 0.562500 0.495833 1 0.562500 0.518750 1 0.568750 0.514583 1 0.523438 0.556250 1 0.000000 0.000000 0 0.000000 0.000000 0 0.000000 0.000000 0
0 0.740945 0.620146 0.085578 0.238167 0.729688 0.520833 1 0.732812 0.518750 1 0.000000 0.000000 0 0.743750 0.520833 1 0.000000 0.000000 0 0.748437 0.545833 1 0.732812 0.547917 1 0.735938 0.581250 1 0.720313 0.566667 1 0.715625 0.570833 1 0.731250 0.570833 1 0.743750 0.625000 1 0.731250 0.622917 1 0.732812 0.679167 1 0.751563 0.672917 1 0.721875 0.729167 1 0.773438 0.718750 1
0 0.774633 0.619802 0.044328 0.220146 0.000000 0.000000 0 0.000000 0.000000 0 0.000000 0.000000 0 0.768750 0.529167 1 0.000000 0.000000 0 0.775000 0.552083 1 0.000000 0.000000 0 0.778125 0.583333 1 0.000000 0.000000 0 0.773438 0.614583 1 0.000000 0.000000 0 0.764062 0.606250 1 0.759375 0.606250 1 0.765625 0.658333 1 0.762500 0.656250 1 0.770312 0.710417 1 0.782813 0.697917 1
0 0.131203 0.600427 0.054375 0.180979 0.114062 0.525000 1 0.117188 0.520833 1 0.110937 0.522917 1 0.120313 0.522917 1 0.107813 0.527083 1 0.129688 0.543750 1 0.110937 0.552083 1 0.134375 0.570833 1 0.117188 0.570833 1 0.135937 0.602083 1 0.110937 0.585417 1 0.126562 0.587500 1 0.115625 0.589583 1 0.120313 0.635417 1 0.114062 0.643750 1 0.148438 0.668750 1 0.120313 0.679167 1
0 0.223164 0.625656 0.039984 0.206187 0.226562 0.537500 1 0.228125 0.533333 1 0.223438 0.535417 1 0.000000 0.000000 0 0.215625 0.541667 1 0.232813 0.560417 1 0.209375 0.560417 1 0.000000 0.000000 0 0.214062 0.593750 1 0.000000 0.000000 0 0.239063 0.602083 1 0.231250 0.610417 1 0.217188 0.610417 1 0.231250 0.658333 1 0.214062 0.658333 1 0.229687 0.697917 1 0.210938 0.702083 1
0 0.188328 0.509552 0.034844 0.064521 0.000000 0.000000 0 0.000000 0.000000 0 0.000000 0.000000 0 0.000000 0.000000 0 0.000000 0.000000 0 0.000000 0.000000 0 0.000000 0.000000 0 0.000000 0.000000 0 0.000000 0.000000 0 0.000000 0.000000 0 0.000000 0.000000 0 0.000000 0.000000 0 0.000000 0.000000 0 0.000000 0.000000 0 0.000000 0.000000 0 0.000000 0.000000 0 0.000000 0.000000 0
0 0.141711 0.521833 0.029516 0.035208 0.000000 0.000000 0 0.000000 0.000000 0 0.000000 0.000000 0 0.000000 0.000000 0 0.000000 0.000000 0 0.000000 0.000000 0 0.000000 0.000000 0 0.000000 0.000000 0 0.000000 0.000000 0 0.000000 0.000000 0 0.000000 0.000000 0 0.000000 0.000000 0 0.000000 0.000000 0 0.000000 0.000000 0 0.000000 0.000000 0 0.000000 0.000000 0 0.000000 0.000000 0
0 0.310977 0.643042 0.041266 0.168917 0.000000 0.000000 0 0.000000 0.000000 0 0.000000 0.000000 0 0.000000 0.000000 0 0.000000 0.000000 0 0.307812 0.535417 1 0.312500 0.537500 1 0.000000 0.000000 0 0.000000 0.000000 0 0.000000 0.000000 0 0.000000 0.000000 0 0.309375 0.616667 1 0.314063 0.614583 1 0.312500 0.662500 1 0.315625 0.662500 1 0.318750 0.714583 1 0.318750 0.706250 1
0 0.253000 0.629750 0.045312 0.217500 0.245312 0.552083 1 0.246875 0.545833 1 0.242188 0.547917 1 0.253125 0.552083 1 0.000000 0.000000 0 0.260937 0.572917 1 0.239063 0.577083 1 0.267188 0.554167 1 0.234375 0.579167 1 0.257812 0.531250 1 0.239063 0.545833 1 0.264062 0.641667 1 0.246875 0.643750 1 0.265625 0.689583 1 0.250000 0.687500 1 0.267188 0.725000 1 0.253125 0.725000 1