0 0.262570 0.591009 0.083234 0.426984 0.270313 0.422274 1 0.275000 0.417633 1 0.264062 0.419954 1 0.000000 0.000000 0 0.253125 0.415313 1 0.293750 0.466357 1 0.242188 0.466357 1 0.301563 0.512761 1 0.235937 0.512761 1 0.000000 0.000000 0 0.000000 0.000000 0 0.285938 0.593968 1 0.254688 0.593968 1 0.282813 0.672854 1 0.259375 0.675174 1 0.282813 0.774942 1 0.264062 0.772622 1
0 0.499375 0.571613 0.059687 0.183086 0.510938 0.538283 1 0.517188 0.531323 1 0.504687 0.529002 1 0.000000 0.000000 0 0.492188 0.526682 1 0.526563 0.587007 1 0.479687 0.577726 1 0.000000 0.000000 0 0.000000 0.000000 0 0.000000 0.000000 0 0.000000 0.000000 0 0.000000 0.000000 0 0.000000 0.000000 0 0.000000 0.000000 0 0.000000 0.000000 0 0.000000 0.000000 0 0.000000 0.000000 0
0 0.525891 0.757297 0.074156 0.417981 0.532813 0.607889 1 0.537500 0.596288 1 0.528125 0.598608 1 0.548438 0.598608 1 0.518750 0.593968 1 0.554688 0.656613 1 0.503125 0.651972 1 0.554688 0.709977 1 0.495312 0.703016 1 0.532813 0.754060 1 0.503125 0.756381 1 0.539062 0.774942 1 0.514062 0.774942 1 0.540625 0.837587 1 0.515625 0.839907 1 0.542188 0.918794 1 0.517188 0.909513 1
0 0.642414 0.732587 0.107453 0.512367 0.643750 0.535963 1 0.653125 0.524362 1 0.637500 0.524362 1 0.660937 0.524362 1 0.626563 0.522042 1 0.675000 0.589327 1 0.609375 0.584687 1 0.681250 0.663573 1 0.609375 0.656613 1 0.000000 0.000000 0 0.000000 0.000000 0 0.657813 0.709977 1 0.621875 0.705336 1 0.664062 0.846868 1 0.632812 0.844548 1 0.657813 0.958237 1 0.637500 0.953596 1
0 0.427594 0.485557 0.031750 0.064617 0.000000 0.000000 0 0.000000 0.000000 0 0.000000 0.000000 0 0.000000 0.000000 0 0.000000 0.000000 0 0.000000 0.000000 0 0.000000 0.000000 0 0.000000 0.000000 0 0.000000 0.000000 0 0.000000 0.000000 0 0.000000 0.000000 0 0.000000 0.000000 0 0.000000 0.000000 0 0.000000 0.000000 0 0.000000 0.000000 0 0.000000 0.000000 0 0.000000 0.000000 0
0 0.470461 0.446798 0.033516 0.090766 0.000000 0.000000 0 0.000000 0.000000 0 0.000000 0.000000 0 0.000000 0.000000 0 0.000000 0.000000 0 0.000000 0.000000 0 0.000000 0.000000 0 0.000000 0.000000 0 0.000000 0.000000 0 0.000000 0.000000 0 0.000000 0.000000 0 0.000000 0.000000 0 0.000000 0.000000 0 0.000000 0.000000 0 0.000000 0.000000 0 0.000000 0.000000 0 0.000000 0.000000 0
0 0.808125 0.720220 0.115000 0.528097 0.806250 0.522042 1 0.812500 0.510441 1 0.796875 0.512761 1 0.000000 0.000000 0 0.787500 0.512761 1 0.834375 0.559165 1 0.784375 0.559165 1 0.851562 0.645012 1 0.762500 0.633411 1 0.821875 0.624130 1 0.771875 0.635731 1 0.814063 0.654292 1 0.793750 0.654292 1 0.834375 0.814385 1 0.789062 0.812065 1 0.839063 0.932715 1 0.784375 0.930394 1
0 0.504414 0.480244 0.051953 0.083132 0.000000 0.000000 0 0.000000 0.000000 0 0.000000 0.000000 0 0.000000 0.000000 0 0.000000 0.000000 0 0.000000 0.000000 0 0.000000 0.000000 0 0.000000 0.000000 0 0.000000 0.000000 0 0.000000 0.000000 0 0.000000 0.000000 0 0.000000 0.000000 0 0.000000 0.000000 0 0.000000 0.000000 0 0.000000 0.000000 0 0.000000 0.000000 0 0.000000 0.000000 0
0 0.346195 0.743237 0.069703 0.359142 0.351562 0.617169 1 0.357812 0.612529 1 0.345313 0.607889 1 0.365625 0.612529 1 0.339062 0.610209 1 0.367188 0.656613 1 0.331250 0.645012 1 0.000000 0.000000 0 0.321875 0.700696 1 0.000000 0.000000 0 0.317188 0.747100 1 0.354687 0.751740 1 0.331250 0.751740 1 0.356250 0.821346 1 0.339062 0.825986 1 0.365625 0.893271 1 0.345313 0.888631 1
0 0.578852 0.717981 0.062047 0.469652 0.560937 0.538283 1 0.568750 0.522042 1 0.554688 0.524362 1 0.581250 0.529002 1 0.000000 0.000000 0 0.581250 0.580046 1 0.553125 0.580046 1 0.596875 0.647332 1 0.000000 0.000000 0 0.573438 0.698376 1 0.000000 0.000000 0 0.581250 0.686775 1 0.554688 0.684455 1 0.585938 0.809745 1 0.557813 0.805104 1 0.581250 0.909513 1 0.567187 0.900232 1
0 0.576703 0.454675 0.038687 0.066473 0.000000 0.000000 0 0.000000 0.000000 0 0.000000 0.000000 0 0.000000 0.000000 0 0.000000 0.000000 0 0.000000 0.000000 0 0.000000 0.000000 0 0.000000 0.000000 0 0.000000 0.000000 0 0.000000 0.000000 0 0.000000 0.000000 0 0.000000 0.000000 0 0.000000 0.000000 0 0.000000 0.000000 0 0.000000 0.000000 0 0.000000 0.000000 0 0.000000 0.000000 0
0 0.457391 0.755418 0.099906 0.404664 0.454688 0.624130 1 0.460938 0.614849 1 0.448437 0.614849 1 0.000000 0.000000 0 0.432812 0.617169 1 0.478125 0.649652 1 0.428125 0.661253 1 0.464062 0.703016 1 0.428125 0.712297 1 0.450000 0.654292 1 0.432812 0.788863 1 0.465625 0.747100 1 0.442188 0.747100 1 0.460938 0.839907 1 0.446875 0.839907 1 0.462500 0.923434 1 0.450000 0.914153 1
0 0.381688 0.759733 0.079625 0.375290 0.381250 0.635731 1 0.387500 0.631090 1 0.378125 0.631090 1 0.403125 0.626450 1 0.000000 0.000000 0 0.409375 0.668213 1 0.370312 0.665893 1 0.425000 0.716937 1 0.359375 0.714617 1 0.400000 0.709977 1 0.357812 0.682135 1 0.404687 0.770302 1 0.379688 0.770302 1 0.406250 0.839907 1 0.385937 0.837587 1 0.409375 0.916473 1 0.389062 0.907193 1