0 0.637973 0.436100 0.279429 0.701800 0.564565 0.192000 1 0.582583 0.172000 1 0.540541 0.172000 1 0.633634 0.154000 1 0.000000 0.000000 0 0.708709 0.230000 1 0.528529 0.230000 1 0.705706 0.354000 1 0.534535 0.336000 1 0.630631 0.450000 1 0.552553 0.446000 1 0.714715 0.416000 1 0.582583 0.412000 1 0.699700 0.574000 1 0.576577 0.590000 1 0.696697 0.698000 1 0.594595 0.740000 1
0 0.943078 0.176030 0.050601 0.137060 0.000000 0.000000 0 0.000000 0.000000 0 0.000000 0.000000 0 0.000000 0.000000 0 0.000000 0.000000 0 0.000000 0.000000 0 0.000000 0.000000 0 0.000000 0.000000 0 0.000000 0.000000 0 0.000000 0.000000 0 0.000000 0.000000 0 0.000000 0.000000 0 0.000000 0.000000 0 0.000000 0.000000 0 0.000000 0.000000 0 0.000000 0.000000 0 0.000000 0.000000 0
0 0.173769 0.335950 0.280030 0.492140 0.048048 0.140000 1 0.051051 0.128000 1 0.000000 0.000000 0 0.087087 0.120000 1 0.120120 0.114000 1 0.087087 0.170000 1 0.177177 0.162000 1 0.096096 0.248000 1 0.222222 0.236000 1 0.096096 0.320000 1 0.222222 0.322000 1 0.138138 0.332000 1 0.201201 0.326000 1 0.111111 0.432000 1 0.225225 0.426000 1 0.105105 0.546000 1 0.273273 0.534000 1
0 0.220495 0.300660 0.199970 0.419880 0.156156 0.132000 1 0.171171 0.122000 1 0.150150 0.124000 1 0.210210 0.124000 1 0.000000 0.000000 0 0.231231 0.164000 1 0.000000 0.000000 0 0.249249 0.234000 1 0.000000 0.000000 0 0.168168 0.222000 1 0.000000 0.000000 0 0.228228 0.276000 1 0.000000 0.000000 0 0.225225 0.398000 1 0.255255 0.398000 1 0.228228 0.506000 1 0.282282 0.492000 1
0 0.473198 0.258690 0.118168 0.286580 0.504505 0.146000 1 0.000000 0.000000 0 0.495495 0.140000 1 0.000000 0.000000 0 0.480480 0.144000 1 0.438438 0.182000 1 0.504505 0.176000 1 0.426426 0.226000 1 0.525526 0.214000 1 0.462462 0.212000 1 0.000000 0.000000 0 0.459459 0.254000 1 0.498498 0.252000 1 0.474474 0.310000 1 0.516517 0.312000 1 0.483483 0.382000 1 0.522523 0.382000 1
0 0.833213 0.188550 0.150390 0.233220 0.804805 0.114000 1 0.813814 0.110000 1 0.798799 0.110000 1 0.840841 0.114000 1 0.000000 0.000000 0 0.876877 0.158000 1 0.783784 0.150000 1 0.879880 0.204000 1 0.780781 0.202000 1 0.867868 0.246000 1 0.771772 0.240000 1 0.846847 0.242000 1 0.801802 0.242000 1 0.000000 0.000000 0 0.774775 0.304000 1 0.000000 0.000000 0 0.762763 0.370000 1
0 0.393769 0.147590 0.082312 0.100060 0.000000 0.000000 0 0.000000 0.000000 0 0.000000 0.000000 0 0.000000 0.000000 0 0.000000 0.000000 0 0.000000 0.000000 0 0.000000 0.000000 0 0.000000 0.000000 0 0.000000 0.000000 0 0.000000 0.000000 0 0.000000 0.000000 0 0.000000 0.000000 0 0.000000 0.000000 0 0.000000 0.000000 0 0.000000 0.000000 0 0.000000 0.000000 0 0.000000 0.000000 0
0 0.951051 0.274230 0.097898 0.135860 0.000000 0.000000 0 0.000000 0.000000 0 0.000000 0.000000 0 0.000000 0.000000 0 0.000000 0.000000 0 0.960961 0.242000 1 0.993994 0.242000 1 0.000000 0.000000 0 0.000000 0.000000 0 0.000000 0.000000 0 0.000000 0.000000 0 0.921922 0.326000 1 0.960961 0.326000 1 0.000000 0.000000 0 0.000000 0.000000 0 0.000000 0.000000 0 0.000000 0.000000 0
0 0.831727 0.280000 0.167598 0.227480 0.783784 0.198000 1 0.795796 0.194000 1 0.000000 0.000000 0 0.819820 0.196000 1 0.000000 0.000000 0 0.804805 0.238000 1 0.882883 0.230000 1 0.777778 0.304000 1 0.000000 0.000000 0 0.762763 0.304000 1 0.000000 0.000000 0 0.828829 0.328000 1 0.888889 0.328000 1 0.729730 0.328000 1 0.786787 0.324000 1 0.000000 0.000000 0 0.753754 0.382000 1
0 0.892508 0.174010 0.060090 0.096980 0.000000 0.000000 0 0.000000 0.000000 0 0.000000 0.000000 0 0.000000 0.000000 0 0.000000 0.000000 0 0.000000 0.000000 0 0.000000 0.000000 0 0.000000 0.000000 0 0.000000 0.000000 0 0.000000 0.000000 0 0.000000 0.000000 0 0.000000 0.000000 0 0.000000 0.000000 0 0.000000 0.000000 0 0.000000 0.000000 0 0.000000 0.000000 0 0.000000 0.000000 0
0 0.743258 0.146130 0.057928 0.048660 0.000000 0.000000 0 0.000000 0.000000 0 0.000000 0.000000 0 0.000000 0.000000 0 0.000000 0.000000 0 0.000000 0.000000 0 0.000000 0.000000 0 0.000000 0.000000 0 0.000000 0.000000 0 0.000000 0.000000 0 0.000000 0.000000 0 0.000000 0.000000 0 0.000000 0.000000 0 0.000000 0.000000 0 0.000000 0.000000 0 0.000000 0.000000 0 0.000000 0.000000 0
0 0.364399 0.291310 0.181652 0.369700 0.000000 0.000000 0 0.000000 0.000000 0 0.000000 0.000000 0 0.300300 0.140000 1 0.339339 0.138000 1 0.279279 0.182000 1 0.372372 0.172000 1 0.000000 0.000000 0 0.399399 0.230000 1 0.000000 0.000000 0 0.378378 0.256000 1 0.309309 0.292000 1 0.378378 0.288000 1 0.318318 0.372000 1 0.384384 0.368000 1 0.336336 0.460000 1 0.411411 0.434000 1