0 0.600125 0.760240 0.076281 0.207354 0.604688 0.697917 1 0.607812 0.691667 1 0.598437 0.695833 1 0.612500 0.683333 1 0.590625 0.695833 1 0.617188 0.685417 1 0.573438 0.700000 1 0.631250 0.706250 1 0.568750 0.733333 1 0.629687 0.729167 1 0.592187 0.743750 1 0.610938 0.735417 1 0.589063 0.743750 1 0.614062 0.783333 1 0.582812 0.783333 1 0.614062 0.804167 1 0.573438 0.820833 1
0 0.692070 0.775604 0.090266 0.254083 0.673438 0.689583 1 0.681250 0.687500 1 0.000000 0.000000 0 0.693750 0.679167 1 0.000000 0.000000 0 0.718750 0.712500 1 0.673438 0.672917 1 0.720313 0.756250 1 0.664062 0.681250 1 0.681250 0.762500 1 0.654687 0.708333 1 0.687500 0.777083 1 0.670312 0.760417 1 0.690625 0.825000 1 0.671875 0.800000 1 0.700000 0.868750 1 0.673438 0.833333 1
0 0.694930 0.602521 0.081016 0.180292 0.000000 0.000000 0 0.000000 0.000000 0 0.000000 0.000000 0 0.700000 0.531250 1 0.720313 0.541667 1 0.678125 0.560417 1 0.717187 0.581250 1 0.657813 0.587500 1 0.726562 0.627083 1 0.000000 0.000000 0 0.000000 0.000000 0 0.673438 0.631250 1 0.698438 0.641667 1 0.667188 0.681250 1 0.710938 0.689583 1 0.000000 0.000000 0 0.000000 0.000000 0
0 0.821164 0.556677 0.102609 0.212396 0.810937 0.485417 1 0.814063 0.481250 1 0.000000 0.000000 0 0.000000 0.000000 0 0.000000 0.000000 0 0.845313 0.487500 1 0.810937 0.487500 1 0.860938 0.525000 1 0.798438 0.500000 1 0.848437 0.533333 1 0.781250 0.514583 1 0.831250 0.564583 1 0.804688 0.554167 1 0.829688 0.602083 1 0.796875 0.587500 1 0.832812 0.645833 1 0.000000 0.000000 0
0 0.618797 0.560802 0.057219 0.237688 0.642188 0.475000 1 0.000000 0.000000 0 0.635938 0.468750 1 0.000000 0.000000 0 0.620313 0.470833 1 0.626563 0.487500 1 0.609375 0.502083 1 0.000000 0.000000 0 0.620313 0.547917 1 0.000000 0.000000 0 0.648438 0.531250 1 0.626563 0.572917 1 0.610938 0.581250 1 0.625000 0.604167 1 0.612500 0.616667 1 0.620313 0.622917 1 0.603125 0.643750 1
0 0.520312 0.265021 0.045062 0.207250 0.000000 0.000000 0 0.000000 0.000000 0 0.000000 0.000000 0 0.521875 0.177083 1 0.535937 0.179167 1 0.514062 0.197917 1 0.531250 0.212500 1 0.506250 0.220833 1 0.528125 0.245833 1 0.000000 0.000000 0 0.532813 0.270833 1 0.507812 0.260417 1 0.520312 0.264583 1 0.510938 0.293750 1 0.523438 0.312500 1 0.512500 0.322917 1 0.518750 0.345833 1
0 0.069102 0.196625 0.077516 0.191000 0.000000 0.000000 0 0.000000 0.000000 0 0.000000 0.000000 0 0.042188 0.122917 1 0.000000 0.000000 0 0.045312 0.145833 1 0.062500 0.131250 1 0.053125 0.177083 1 0.000000 0.000000 0 0.040625 0.154167 1 0.000000 0.000000 0 0.064062 0.195833 1 0.073438 0.185417 1 0.071875 0.235417 1 0.081250 0.227083 1 0.089063 0.277083 1 0.096875 0.268750 1
0 0.397750 0.435948 0.067406 0.215729 0.000000 0.000000 0 0.000000 0.000000 0 0.000000 0.000000 0 0.000000 0.000000 0 0.000000 0.000000 0 0.371875 0.377083 1 0.407813 0.381250 1 0.000000 0.000000 0 0.420312 0.418750 1 0.000000 0.000000 0 0.423438 0.395833 1 0.387500 0.447917 1 0.410938 0.447917 1 0.396875 0.487500 1 0.409375 0.481250 1 0.407813 0.527083 1 0.409375 0.516667 1
0 0.248375 0.255635 0.057219 0.195646 0.000000 0.000000 0 0.000000 0.000000 0 0.000000 0.000000 0 0.234375 0.181250 1 0.253125 0.179167 1 0.232813 0.206250 1 0.262500 0.202083 1 0.225000 0.227083 1 0.265625 0.218750 1 0.000000 0.000000 0 0.259375 0.187500 1 0.242188 0.260417 1 0.257812 0.260417 1 0.242188 0.297917 1 0.262500 0.297917 1 0.242188 0.329167 1 0.265625 0.335417 1
0 0.291000 0.300281 0.069687 0.204437 0.000000 0.000000 0 0.000000 0.000000 0 0.000000 0.000000 0 0.265625 0.222917 1 0.282813 0.218750 1 0.260937 0.243750 1 0.285938 0.243750 1 0.262500 0.275000 1 0.301563 0.272917 1 0.000000 0.000000 0 0.303125 0.252083 1 0.275000 0.293750 1 0.289062 0.295833 1 0.281250 0.347917 1 0.296875 0.350000 1 0.282813 0.379167 1 0.298438 0.389583 1
0 0.321273 0.238479 0.065359 0.191750 0.000000 0.000000 0 0.000000 0.000000 0 0.000000 0.000000 0 0.000000 0.000000 0 0.000000 0.000000 0 0.304688 0.187500 1 0.326562 0.170833 1 0.293750 0.218750 1 0.337500 0.191667 1 0.304688 0.227083 1 0.000000 0.000000 0 0.314063 0.243750 1 0.332813 0.235417 1 0.318750 0.287500 1 0.339062 0.281250 1 0.321875 0.322917 1 0.346875 0.312500 1
0 0.162297 0.193323 0.051469 0.184854 0.150000 0.120833 1 0.153125 0.118750 1 0.148438 0.118750 1 0.159375 0.116667 1 0.000000 0.000000 0 0.168750 0.139583 1 0.143750 0.147917 1 0.176563 0.166667 1 0.150000 0.175000 1 0.165625 0.200000 1 0.000000 0.000000 0 0.171875 0.185417 1 0.153125 0.191667 1 0.178125 0.222917 1 0.159375 0.227083 1 0.182812 0.260417 1 0.170313 0.243750 1
0 0.481188 0.250719 0.052000 0.208021 0.000000 0.000000 0 0.000000 0.000000 0 0.000000 0.000000 0 0.482812 0.170833 1 0.496875 0.172917 1 0.470313 0.193750 1 0.496875 0.204167 1 0.462500 0.229167 1 0.503125 0.233333 1 0.459375 0.254167 1 0.000000 0.000000 0 0.470313 0.256250 1 0.489063 0.258333 1 0.467187 0.295833 1 0.492188 0.295833 1 0.465625 0.333333 1 0.490625 0.331250 1