0 0.618586 0.617207 0.471172 0.744073 0.642188 0.356098 1 0.662500 0.331707 1 0.625000 0.339024 1 0.701562 0.348780 1 0.000000 0.000000 0 0.735938 0.453659 1 0.642188 0.475610 1 0.623437 0.590244 1 0.525000 0.575610 1 0.471875 0.660976 1 0.398438 0.614634 1 0.795312 0.848780 1 0.720313 0.858537 1 0.564063 0.853659 1 0.000000 0.000000 0 0.000000 0.000000 0 0.000000 0.000000 0
0 0.805813 0.422866 0.203969 0.636756 0.767188 0.214634 1 0.775000 0.197561 1 0.000000 0.000000 0 0.803125 0.202439 1 0.000000 0.000000 0 0.871875 0.336585 1 0.781250 0.317073 1 0.753125 0.480488 1 0.684375 0.363415 1 0.000000 0.000000 0 0.000000 0.000000 0 0.826562 0.639024 1 0.770312 0.619512 1 0.714063 0.780488 1 0.000000 0.000000 0 0.000000 0.000000 0 0.000000 0.000000 0
0 0.497289 0.232415 0.258047 0.348780 0.495312 0.156098 1 0.500000 0.131707 1 0.504687 0.131707 1 0.545312 0.146341 1 0.000000 0.000000 0 0.578125 0.243902 1 0.532813 0.265854 1 0.525000 0.334146 1 0.451562 0.346341 1 0.443750 0.390244 1 0.376563 0.346341 1 0.000000 0.000000 0 0.000000 0.000000 0 0.000000 0.000000 0 0.000000 0.000000 0 0.000000 0.000000 0 0.000000 0.000000 0
0 0.397219 0.152232 0.131469 0.301927 0.434375 0.060976 1 0.000000 0.000000 0 0.423438 0.046341 1 0.000000 0.000000 0 0.390625 0.065854 1 0.431250 0.129268 1 0.364063 0.129268 1 0.445312 0.241463 1 0.359375 0.268293 1 0.000000 0.000000 0 0.431250 0.270732 1 0.000000 0.000000 0 0.000000 0.000000 0 0.000000 0.000000 0 0.000000 0.000000 0 0.000000 0.000000 0 0.000000 0.000000 0
0 0.241297 0.232171 0.117812 0.388341 0.275000 0.119512 1 0.000000 0.000000 0 0.262500 0.107317 1 0.000000 0.000000 0 0.234375 0.114634 1 0.275000 0.170732 1 0.229687 0.204878 1 0.000000 0.000000 0 0.223438 0.336585 1 0.000000 0.000000 0 0.254688 0.268293 1 0.000000 0.000000 0 0.000000 0.000000 0 0.000000 0.000000 0 0.000000 0.000000 0 0.000000 0.000000 0 0.000000 0.000000 0
0 0.521992 0.142402 0.121891 0.284805 0.573438 0.056098 1 0.578125 0.043902 1 0.562500 0.041463 1 0.000000 0.000000 0 0.000000 0.000000 0 0.000000 0.000000 0 0.492188 0.112195 1 0.000000 0.000000 0 0.478125 0.248780 1 0.000000 0.000000 0 0.548438 0.285366 1 0.000000 0.000000 0 0.000000 0.000000 0 0.000000 0.000000 0 0.000000 0.000000 0 0.000000 0.000000 0 0.000000 0.000000 0
0 0.691687 0.145427 0.169437 0.290854 0.682813 0.019512 1 0.000000 0.000000 0 0.671875 0.009756 1 0.000000 0.000000 0 0.640625 0.029268 1 0.700000 0.102439 1 0.614062 0.114634 1 0.753125 0.202439 1 0.670312 0.192683 1 0.759375 0.090244 1 0.715625 0.090244 1 0.703125 0.302439 1 0.643750 0.307317 1 0.000000 0.000000 0 0.000000 0.000000 0 0.000000 0.000000 0 0.000000 0.000000 0
0 0.949586 0.332061 0.100828 0.634512 0.996875 0.080488 1 0.000000 0.000000 0 0.984375 0.068293 1 0.000000 0.000000 0 0.948438 0.080488 1 0.990625 0.143902 1 0.926562 0.141463 1 0.000000 0.000000 0 0.906250 0.246341 1 0.000000 0.000000 0 0.967187 0.273171 1 0.975000 0.341463 1 0.932813 0.339024 1 0.967187 0.546341 1 0.932813 0.434146 1 0.000000 0.000000 0 0.921875 0.587805 1
0 0.125906 0.196012 0.117094 0.295878 0.120313 0.117073 1 0.129688 0.107317 1 0.109375 0.112195 1 0.000000 0.000000 0 0.090625 0.119512 1 0.148438 0.185366 1 0.089063 0.212195 1 0.173437 0.275610 1 0.092188 0.317073 1 0.165625 0.219512 1 0.132812 0.224390 1 0.137500 0.395122 1 0.096875 0.417073 1 0.000000 0.000000 0 0.000000 0.000000 0 0.000000 0.000000 0 0.000000 0.000000 0
0 0.852414 0.162866 0.100609 0.254463 0.873437 0.104878 1 0.000000 0.000000 0 0.859375 0.092683 1 0.000000 0.000000 0 0.829688 0.095122 1 0.873437 0.148780 1 0.823438 0.148780 1 0.893750 0.246341 1 0.810937 0.243902 1 0.867188 0.282927 1 0.856250 0.282927 1 0.000000 0.000000 0 0.000000 0.000000 0 0.000000 0.000000 0 0.000000 0.000000 0 0.000000 0.000000 0 0.000000 0.000000 0
0 0.774398 0.066805 0.084922 0.133610 0.000000 0.000000 0 0.000000 0.000000 0 0.000000 0.000000 0 0.000000 0.000000 0 0.000000 0.000000 0 0.000000 0.000000 0 0.000000 0.000000 0 0.000000 0.000000 0 0.000000 0.000000 0 0.000000 0.000000 0 0.000000 0.000000 0 0.000000 0.000000 0 0.000000 0.000000 0 0.000000 0.000000 0 0.000000 0.000000 0 0.000000 0.000000 0 0.000000 0.000000 0