0 0.389797 0.504426 0.147375 0.457752 0.384375 0.320843 1 0.389062 0.313817 1 0.378125 0.311475 1 0.400000 0.313817 1 0.000000 0.000000 0 0.417187 0.351288 1 0.367188 0.351288 1 0.443750 0.419204 1 0.346875 0.423888 1 0.440625 0.447307 1 0.328125 0.430913 1 0.410938 0.480094 1 0.379688 0.477752 1 0.401562 0.571429 1 0.376563 0.571429 1 0.398438 0.679157 1 0.354687 0.681499 1
0 0.465266 0.367377 0.085313 0.127307 0.443750 0.334895 1 0.448437 0.327869 1 0.440625 0.327869 1 0.453125 0.330211 1 0.434375 0.330211 1 0.462500 0.362998 1 0.423438 0.358314 1 0.475000 0.391101 1 0.000000 0.000000 0 0.492188 0.407494 1 0.000000 0.000000 0 0.450000 0.449649 1 0.421875 0.449649 1 0.000000 0.000000 0 0.000000 0.000000 0 0.000000 0.000000 0 0.000000 0.000000 0
0 0.680836 0.446124 0.102141 0.282787 0.676562 0.334895 1 0.679688 0.330211 1 0.671875 0.330211 1 0.687500 0.330211 1 0.000000 0.000000 0 0.698438 0.360656 1 0.660937 0.362998 1 0.703125 0.391101 1 0.653125 0.400468 1 0.720313 0.426230 1 0.637500 0.416862 1 0.690625 0.444965 1 0.668750 0.437939 1 0.684375 0.505855 1 0.668750 0.498829 1 0.676562 0.552693 1 0.653125 0.552693 1
0 0.797570 0.381920 0.078609 0.180937 0.789062 0.311475 1 0.790625 0.306792 1 0.787500 0.306792 1 0.795312 0.309133 1 0.000000 0.000000 0 0.801562 0.325527 1 0.785937 0.325527 1 0.812500 0.341920 1 0.776563 0.344262 1 0.826562 0.355972 1 0.768750 0.358314 1 0.800000 0.372365 1 0.789062 0.372365 1 0.801562 0.416862 1 0.790625 0.416862 1 0.809375 0.447307 1 0.792188 0.451991 1
0 0.905703 0.361780 0.032375 0.084496 0.000000 0.000000 0 0.000000 0.000000 0 0.000000 0.000000 0 0.000000 0.000000 0 0.000000 0.000000 0 0.000000 0.000000 0 0.000000 0.000000 0 0.000000 0.000000 0 0.000000 0.000000 0 0.000000 0.000000 0 0.000000 0.000000 0 0.000000 0.000000 0 0.000000 0.000000 0 0.000000 0.000000 0 0.000000 0.000000 0 0.000000 0.000000 0 0.000000 0.000000 0
0 0.713305 0.350082 0.046672 0.118571 0.000000 0.000000 0 0.000000 0.000000 0 0.000000 0.000000 0 0.000000 0.000000 0 0.000000 0.000000 0 0.000000 0.000000 0 0.000000 0.000000 0 0.000000 0.000000 0 0.000000 0.000000 0 0.000000 0.000000 0 0.000000 0.000000 0 0.000000 0.000000 0 0.000000 0.000000 0 0.000000 0.000000 0 0.000000 0.000000 0 0.000000 0.000000 0 0.000000 0.000000 0
0 0.611938 0.377822 0.051500 0.175176 0.604688 0.309133 1 0.606250 0.304450 1 0.603125 0.306792 1 0.000000 0.000000 0 0.600000 0.304450 1 0.612500 0.320843 1 0.598437 0.325527 1 0.626563 0.337237 1 0.589063 0.346604 1 0.000000 0.000000 0 0.000000 0.000000 0 0.617188 0.360656 1 0.604688 0.365340 1 0.617188 0.407494 1 0.606250 0.407494 1 0.623437 0.449649 1 0.612500 0.451991 1
0 0.250117 0.352037 0.021984 0.054988 0.000000 0.000000 0 0.000000 0.000000 0 0.000000 0.000000 0 0.000000 0.000000 0 0.000000 0.000000 0 0.000000 0.000000 0 0.000000 0.000000 0 0.000000 0.000000 0 0.000000 0.000000 0 0.000000 0.000000 0 0.000000 0.000000 0 0.000000 0.000000 0 0.000000 0.000000 0 0.000000 0.000000 0 0.000000 0.000000 0 0.000000 0.000000 0 0.000000 0.000000 0
0 0.298727 0.336663 0.024953 0.055621 0.000000 0.000000 0 0.000000 0.000000 0 0.000000 0.000000 0 0.000000 0.000000 0 0.000000 0.000000 0 0.000000 0.000000 0 0.000000 0.000000 0 0.000000 0.000000 0 0.000000 0.000000 0 0.000000 0.000000 0 0.000000 0.000000 0 0.000000 0.000000 0 0.000000 0.000000 0 0.000000 0.000000 0 0.000000 0.000000 0 0.000000 0.000000 0 0.000000 0.000000 0
0 0.292609 0.302002 0.031562 0.049110 0.000000 0.000000 0 0.000000 0.000000 0 0.000000 0.000000 0 0.000000 0.000000 0 0.000000 0.000000 0 0.000000 0.000000 0 0.000000 0.000000 0 0.000000 0.000000 0 0.000000 0.000000 0 0.000000 0.000000 0 0.000000 0.000000 0 0.000000 0.000000 0 0.000000 0.000000 0 0.000000 0.000000 0 0.000000 0.000000 0 0.000000 0.000000 0 0.000000 0.000000 0
0 0.884359 0.508443 0.073750 0.315855 0.856250 0.393443 1 0.860938 0.381733 1 0.000000 0.000000 0 0.873437 0.374707 1 0.000000 0.000000 0 0.887500 0.412178 1 0.875000 0.412178 1 0.895312 0.463700 1 0.000000 0.000000 0 0.885938 0.498829 1 0.000000 0.000000 0 0.892188 0.519906 1 0.879687 0.505855 1 0.862500 0.559719 1 0.889062 0.580796 1 0.873437 0.639344 1 0.895312 0.644028 1
0 0.148922 0.340855 0.026406 0.076932 0.000000 0.000000 0 0.000000 0.000000 0 0.000000 0.000000 0 0.000000 0.000000 0 0.000000 0.000000 0 0.000000 0.000000 0 0.000000 0.000000 0 0.000000 0.000000 0 0.000000 0.000000 0 0.000000 0.000000 0 0.000000 0.000000 0 0.000000 0.000000 0 0.000000 0.000000 0 0.000000 0.000000 0 0.000000 0.000000 0 0.000000 0.000000 0 0.000000 0.000000 0
0 0.078219 0.314731 0.036625 0.078501 0.000000 0.000000 0 0.000000 0.000000 0 0.000000 0.000000 0 0.000000 0.000000 0 0.000000 0.000000 0 0.000000 0.000000 0 0.000000 0.000000 0 0.000000 0.000000 0 0.000000 0.000000 0 0.000000 0.000000 0 0.000000 0.000000 0 0.000000 0.000000 0 0.000000 0.000000 0 0.000000 0.000000 0 0.000000 0.000000 0 0.000000 0.000000 0 0.000000 0.000000 0