0 0.578117 0.544941 0.213891 0.420211 0.560937 0.384977 1 0.000000 0.000000 0 0.557813 0.373239 1 0.000000 0.000000 0 0.545312 0.368545 1 0.542188 0.389671 1 0.534375 0.373239 1 0.585938 0.500000 1 0.575000 0.431925 1 0.618750 0.497653 1 0.610938 0.464789 1 0.539062 0.507042 1 0.550000 0.509390 1 0.557813 0.645540 1 0.596875 0.619718 1 0.490625 0.711268 1 0.635938 0.725352 1
0 0.221672 0.602136 0.150406 0.313850 0.282813 0.483568 1 0.000000 0.000000 0 0.275000 0.476526 1 0.000000 0.000000 0 0.256250 0.485915 1 0.253125 0.507042 1 0.240625 0.502347 1 0.234375 0.579812 1 0.200000 0.539906 1 0.276562 0.586854 1 0.195312 0.612676 1 0.179688 0.584507 1 0.168750 0.582160 1 0.242188 0.615023 1 0.226562 0.622066 1 0.214062 0.711268 1 0.184375 0.727700 1
0 0.241094 0.192430 0.056250 0.318756 0.237500 0.068075 1 0.240625 0.061033 1 0.232813 0.061033 1 0.000000 0.000000 0 0.225000 0.065728 1 0.250000 0.107981 1 0.220312 0.105634 1 0.262500 0.152582 1 0.225000 0.152582 1 0.245312 0.154930 1 0.250000 0.147887 1 0.239063 0.183099 1 0.221875 0.180751 1 0.237500 0.260563 1 0.223438 0.239437 1 0.000000 0.000000 0 0.223438 0.335681 1
0 0.271078 0.206702 0.067469 0.288991 0.265625 0.098592 1 0.270313 0.089202 1 0.262500 0.089202 1 0.273438 0.096244 1 0.254688 0.093897 1 0.282813 0.126761 1 0.254688 0.124413 1 0.300000 0.180751 1 0.000000 0.000000 0 0.292187 0.173709 1 0.000000 0.000000 0 0.276562 0.215962 1 0.256250 0.215962 1 0.275000 0.307512 1 0.248438 0.288732 1 0.000000 0.000000 0 0.243750 0.335681 1
0 0.454055 0.219941 0.099078 0.183498 0.464062 0.157277 1 0.467187 0.152582 1 0.459375 0.152582 1 0.000000 0.000000 0 0.451562 0.150235 1 0.467187 0.169014 1 0.445312 0.171362 1 0.481250 0.215962 1 0.439063 0.230047 1 0.481250 0.239437 1 0.475000 0.244131 1 0.442188 0.239437 1 0.417187 0.241784 1 0.493750 0.241784 1 0.446875 0.246479 1 0.482812 0.307512 1 0.445312 0.312207 1
0 0.190906 0.183850 0.056125 0.361127 0.196875 0.037559 1 0.200000 0.030516 1 0.189062 0.032864 1 0.000000 0.000000 0 0.181250 0.035211 1 0.212500 0.061033 1 0.178125 0.084507 1 0.218750 0.100939 1 0.162500 0.126761 1 0.217188 0.131455 1 0.189062 0.131455 1 0.210938 0.176056 1 0.195312 0.180751 1 0.200000 0.262911 1 0.179688 0.258216 1 0.187500 0.340376 1 0.000000 0.000000 0
0 0.593844 0.163815 0.060562 0.115516 0.603125 0.133803 1 0.606250 0.126761 1 0.598437 0.126761 1 0.000000 0.000000 0 0.593750 0.129108 1 0.615625 0.161972 1 0.582812 0.159624 1 0.618750 0.208920 1 0.576562 0.208920 1 0.000000 0.000000 0 0.000000 0.000000 0 0.000000 0.000000 0 0.000000 0.000000 0 0.000000 0.000000 0 0.000000 0.000000 0 0.000000 0.000000 0 0.000000 0.000000 0
0 0.657680 0.164049 0.076391 0.129460 0.662500 0.129108 1 0.665625 0.122066 1 0.657813 0.122066 1 0.000000 0.000000 0 0.650000 0.124413 1 0.670312 0.147887 1 0.634375 0.147887 1 0.682813 0.192488 1 0.645312 0.199531 1 0.670312 0.194836 1 0.662500 0.157277 1 0.654687 0.215962 1 0.625000 0.215962 1 0.687500 0.206573 1 0.000000 0.000000 0 0.000000 0.000000 0 0.000000 0.000000 0
0 0.143469 0.091714 0.056781 0.107653 0.150000 0.068075 1 0.154688 0.061033 1 0.146875 0.061033 1 0.000000 0.000000 0 0.139063 0.065728 1 0.159375 0.086854 1 0.132812 0.093897 1 0.164062 0.122066 1 0.132812 0.138498 1 0.189062 0.129108 1 0.154688 0.129108 1 0.000000 0.000000 0 0.000000 0.000000 0 0.000000 0.000000 0 0.000000 0.000000 0 0.000000 0.000000 0 0.000000 0.000000 0
0 0.102836 0.116831 0.082453 0.123897 0.112500 0.089202 1 0.112500 0.082160 1 0.104688 0.084507 1 0.000000 0.000000 0 0.093750 0.084507 1 0.106250 0.105634 1 0.089063 0.110329 1 0.117188 0.122066 1 0.068750 0.140845 1 0.131250 0.140845 1 0.096875 0.140845 1 0.000000 0.000000 0 0.000000 0.000000 0 0.000000 0.000000 0 0.000000 0.000000 0 0.000000 0.000000 0 0.000000 0.000000 0
0 0.530375 0.181033 0.069094 0.160516 0.521875 0.131455 1 0.525000 0.124413 1 0.517188 0.124413 1 0.000000 0.000000 0 0.510938 0.126761 1 0.535937 0.159624 1 0.503125 0.161972 1 0.546875 0.199531 1 0.515625 0.213615 1 0.000000 0.000000 0 0.542188 0.213615 1 0.539062 0.225352 1 0.509375 0.230047 1 0.000000 0.000000 0 0.542188 0.230047 1 0.000000 0.000000 0 0.543750 0.288732 1
0 0.355375 0.611221 0.195156 0.270000 0.364063 0.525822 1 0.000000 0.000000 0 0.359375 0.518779 1 0.000000 0.000000 0 0.337500 0.523474 1 0.350000 0.556338 1 0.310937 0.551643 1 0.392188 0.579812 1 0.312500 0.636150 1 0.421875 0.589202 1 0.343750 0.596244 1 0.310937 0.650235 1 0.281250 0.652582 1 0.376563 0.615023 1 0.295312 0.600939 1 0.326562 0.701878 1 0.285938 0.718310 1
0 0.713555 0.168204 0.076328 0.112700 0.706250 0.117371 1 0.709375 0.115023 1 0.701562 0.112676 1 0.000000 0.000000 0 0.693750 0.112676 1 0.714063 0.143192 1 0.687500 0.143192 1 0.720313 0.187793 1 0.690625 0.190141 1 0.726562 0.197183 1 0.720313 0.201878 1 0.714063 0.199531 1 0.690625 0.199531 1 0.740625 0.201878 1 0.703125 0.213615 1 0.000000 0.000000 0 0.000000 0.000000 0