0 0.298469 0.144800 0.074719 0.093600 0.296875 0.122353 1 0.300000 0.117647 1 0.295312 0.117647 1 0.307812 0.120000 1 0.000000 0.000000 0 0.314063 0.143529 1 0.282813 0.141176 1 0.329688 0.169412 1 0.265625 0.141176 1 0.329688 0.190588 1 0.282813 0.124706 1 0.315625 0.197647 1 0.287500 0.197647 1 0.000000 0.000000 0 0.000000 0.000000 0 0.000000 0.000000 0 0.000000 0.000000 0
0 0.346523 0.121094 0.043859 0.096494 0.000000 0.000000 0 0.000000 0.000000 0 0.000000 0.000000 0 0.000000 0.000000 0 0.000000 0.000000 0 0.000000 0.000000 0 0.000000 0.000000 0 0.000000 0.000000 0 0.000000 0.000000 0 0.000000 0.000000 0 0.000000 0.000000 0 0.000000 0.000000 0 0.000000 0.000000 0 0.000000 0.000000 0 0.000000 0.000000 0 0.000000 0.000000 0 0.000000 0.000000 0
0 0.427836 0.145988 0.037047 0.077059 0.000000 0.000000 0 0.000000 0.000000 0 0.000000 0.000000 0 0.000000 0.000000 0 0.000000 0.000000 0 0.000000 0.000000 0 0.000000 0.000000 0 0.000000 0.000000 0 0.000000 0.000000 0 0.000000 0.000000 0 0.000000 0.000000 0 0.000000 0.000000 0 0.000000 0.000000 0 0.000000 0.000000 0 0.000000 0.000000 0 0.000000 0.000000 0 0.000000 0.000000 0
0 0.542750 0.749706 0.087719 0.370753 0.000000 0.000000 0 0.000000 0.000000 0 0.000000 0.000000 0 0.543750 0.595294 1 0.565625 0.595294 1 0.542188 0.642353 1 0.573438 0.630588 1 0.510938 0.614118 1 0.575000 0.600000 1 0.528125 0.588235 1 0.545312 0.585882 1 0.545312 0.741176 1 0.564063 0.738824 1 0.546875 0.823529 1 0.559375 0.818824 1 0.554688 0.915294 1 0.560937 0.896471 1
0 0.557234 0.214318 0.041281 0.077012 0.000000 0.000000 0 0.000000 0.000000 0 0.000000 0.000000 0 0.000000 0.000000 0 0.000000 0.000000 0 0.000000 0.000000 0 0.000000 0.000000 0 0.000000 0.000000 0 0.000000 0.000000 0 0.000000 0.000000 0 0.000000 0.000000 0 0.000000 0.000000 0 0.000000 0.000000 0 0.000000 0.000000 0 0.000000 0.000000 0 0.000000 0.000000 0 0.000000 0.000000 0
0 0.451062 0.752012 0.083531 0.369200 0.000000 0.000000 0 0.000000 0.000000 0 0.000000 0.000000 0 0.000000 0.000000 0 0.457813 0.600000 1 0.431250 0.637647 1 0.476562 0.637647 1 0.423438 0.705882 1 0.484375 0.703529 1 0.431250 0.741176 1 0.481250 0.743529 1 0.443750 0.748235 1 0.465625 0.748235 1 0.417187 0.825882 1 0.457813 0.818824 1 0.412500 0.915294 1 0.451562 0.910588 1
0 0.610383 0.445941 0.100422 0.207929 0.590625 0.367059 1 0.595313 0.362353 1 0.590625 0.360000 1 0.604688 0.367059 1 0.000000 0.000000 0 0.609375 0.395294 1 0.582812 0.395294 1 0.618750 0.437647 1 0.579688 0.435294 1 0.615625 0.472941 1 0.568750 0.470588 1 0.606250 0.482353 1 0.587500 0.484706 1 0.610938 0.538824 1 0.593750 0.538824 1 0.646875 0.522353 1 0.625000 0.510588 1
0 0.696969 0.442576 0.062812 0.297294 0.689063 0.320000 1 0.692187 0.310588 1 0.000000 0.000000 0 0.704688 0.315294 1 0.000000 0.000000 0 0.703125 0.345882 1 0.712500 0.343529 1 0.703125 0.390588 1 0.710938 0.378824 1 0.682813 0.407059 1 0.682813 0.378824 1 0.703125 0.428235 1 0.710938 0.425882 1 0.703125 0.510588 1 0.706250 0.505882 1 0.709375 0.564706 1 0.712500 0.557647 1
0 0.252820 0.178647 0.046641 0.097482 0.000000 0.000000 0 0.000000 0.000000 0 0.000000 0.000000 0 0.000000 0.000000 0 0.000000 0.000000 0 0.000000 0.000000 0 0.000000 0.000000 0 0.000000 0.000000 0 0.000000 0.000000 0 0.000000 0.000000 0 0.000000 0.000000 0 0.000000 0.000000 0 0.000000 0.000000 0 0.000000 0.000000 0 0.000000 0.000000 0 0.000000 0.000000 0 0.000000 0.000000 0
0 0.202875 0.180329 0.047375 0.089882 0.000000 0.000000 0 0.000000 0.000000 0 0.000000 0.000000 0 0.000000 0.000000 0 0.000000 0.000000 0 0.000000 0.000000 0 0.000000 0.000000 0 0.000000 0.000000 0 0.000000 0.000000 0 0.000000 0.000000 0 0.000000 0.000000 0 0.000000 0.000000 0 0.000000 0.000000 0 0.000000 0.000000 0 0.000000 0.000000 0 0.000000 0.000000 0 0.000000 0.000000 0
0 0.404633 0.200541 0.037141 0.183059 0.000000 0.000000 0 0.000000 0.000000 0 0.000000 0.000000 0 0.000000 0.000000 0 0.000000 0.000000 0 0.000000 0.000000 0 0.000000 0.000000 0 0.000000 0.000000 0 0.000000 0.000000 0 0.000000 0.000000 0 0.000000 0.000000 0 0.000000 0.000000 0 0.000000 0.000000 0 0.000000 0.000000 0 0.000000 0.000000 0 0.000000 0.000000 0 0.000000 0.000000 0
0 0.312336 0.338306 0.042828 0.053741 0.000000 0.000000 0 0.000000 0.000000 0 0.000000 0.000000 0 0.000000 0.000000 0 0.000000 0.000000 0 0.000000 0.000000 0 0.000000 0.000000 0 0.000000 0.000000 0 0.000000 0.000000 0 0.000000 0.000000 0 0.000000 0.000000 0 0.000000 0.000000 0 0.000000 0.000000 0 0.000000 0.000000 0 0.000000 0.000000 0 0.000000 0.000000 0 0.000000 0.000000 0
0 0.154203 0.346729 0.051969 0.258212 0.000000 0.000000 0 0.000000 0.000000 0 0.000000 0.000000 0 0.000000 0.000000 0 0.000000 0.000000 0 0.164062 0.265882 1 0.139063 0.270588 1 0.168750 0.291765 1 0.135937 0.296471 1 0.157812 0.322353 1 0.142187 0.324706 1 0.164062 0.338824 1 0.148438 0.341176 1 0.160938 0.390588 1 0.139063 0.390588 1 0.157812 0.454118 1 0.137500 0.454118 1