0 0.203883 0.601350 0.086953 0.468474 0.220312 0.415493 1 0.000000 0.000000 0 0.217188 0.408451 1 0.000000 0.000000 0 0.200000 0.413146 1 0.212500 0.455399 1 0.181250 0.457746 1 0.226562 0.535211 1 0.185938 0.539906 1 0.232813 0.589202 1 0.201563 0.593897 1 0.218750 0.598592 1 0.192188 0.596244 1 0.206250 0.680751 1 0.209375 0.694836 1 0.189062 0.762911 1 0.210938 0.793427 1
0 0.429937 0.502430 0.066750 0.293732 0.000000 0.000000 0 0.000000 0.000000 0 0.000000 0.000000 0 0.000000 0.000000 0 0.445312 0.380282 1 0.000000 0.000000 0 0.435937 0.408451 1 0.000000 0.000000 0 0.439063 0.467136 1 0.000000 0.000000 0 0.000000 0.000000 0 0.446875 0.495305 1 0.439063 0.497653 1 0.446875 0.561033 1 0.442188 0.568075 1 0.445312 0.622066 1 0.439063 0.633803 1
0 0.471492 0.532371 0.088547 0.419624 0.000000 0.000000 0 0.000000 0.000000 0 0.493750 0.359155 1 0.000000 0.000000 0 0.481250 0.361502 1 0.448437 0.396714 1 0.479687 0.406103 1 0.000000 0.000000 0 0.503125 0.455399 1 0.000000 0.000000 0 0.000000 0.000000 0 0.456250 0.509390 1 0.485938 0.516432 1 0.464062 0.591549 1 0.478125 0.607981 1 0.439063 0.687793 1 0.471875 0.694836 1
0 0.661500 0.559202 0.086750 0.330329 0.664062 0.434272 1 0.667188 0.427230 1 0.659375 0.427230 1 0.000000 0.000000 0 0.651563 0.417840 1 0.668750 0.457746 1 0.639062 0.460094 1 0.000000 0.000000 0 0.635938 0.500000 1 0.000000 0.000000 0 0.665625 0.521127 1 0.000000 0.000000 0 0.000000 0.000000 0 0.000000 0.000000 0 0.000000 0.000000 0 0.000000 0.000000 0 0.000000 0.000000 0
0 0.754617 0.515106 0.052703 0.265376 0.756250 0.406103 1 0.760938 0.401408 1 0.754687 0.399061 1 0.770312 0.406103 1 0.000000 0.000000 0 0.775000 0.438967 1 0.745313 0.438967 1 0.000000 0.000000 0 0.731250 0.467136 1 0.000000 0.000000 0 0.746875 0.471831 1 0.765625 0.511737 1 0.746875 0.514085 1 0.770312 0.561033 1 0.746875 0.575117 1 0.000000 0.000000 0 0.743750 0.624413 1
0 0.846250 0.542594 0.060875 0.281244 0.834375 0.424883 1 0.837500 0.420188 1 0.832812 0.420188 1 0.848437 0.420188 1 0.000000 0.000000 0 0.859375 0.448357 1 0.832812 0.448357 1 0.871875 0.481221 1 0.000000 0.000000 0 0.853125 0.450704 1 0.818750 0.450704 1 0.853125 0.532864 1 0.837500 0.532864 1 0.853125 0.605634 1 0.837500 0.598592 1 0.856250 0.664319 1 0.840625 0.657277 1
0 0.257648 0.536021 0.071047 0.379648 0.000000 0.000000 0 0.000000 0.000000 0 0.000000 0.000000 0 0.000000 0.000000 0 0.000000 0.000000 0 0.000000 0.000000 0 0.000000 0.000000 0 0.000000 0.000000 0 0.000000 0.000000 0 0.000000 0.000000 0 0.000000 0.000000 0 0.000000 0.000000 0 0.000000 0.000000 0 0.000000 0.000000 0 0.000000 0.000000 0 0.000000 0.000000 0 0.000000 0.000000 0
0 0.797531 0.585927 0.081813 0.358803 0.778125 0.441315 1 0.782813 0.434272 1 0.000000 0.000000 0 0.795312 0.434272 1 0.000000 0.000000 0 0.814063 0.464789 1 0.775000 0.464789 1 0.835938 0.521127 1 0.760938 0.511737 1 0.810937 0.528169 1 0.764062 0.535211 1 0.804688 0.551643 1 0.778125 0.549296 1 0.804688 0.659624 1 0.773438 0.652582 1 0.820312 0.732394 1 0.779687 0.723005 1
0 0.624031 0.439577 0.049719 0.124930 0.000000 0.000000 0 0.000000 0.000000 0 0.000000 0.000000 0 0.000000 0.000000 0 0.000000 0.000000 0 0.000000 0.000000 0 0.000000 0.000000 0 0.000000 0.000000 0 0.000000 0.000000 0 0.000000 0.000000 0 0.000000 0.000000 0 0.000000 0.000000 0 0.000000 0.000000 0 0.000000 0.000000 0 0.000000 0.000000 0 0.000000 0.000000 0 0.000000 0.000000 0
0 0.261953 0.568967 0.078031 0.447136 0.273438 0.387324 1 0.273438 0.377934 1 0.267188 0.380282 1 0.000000 0.000000 0 0.248438 0.377934 1 0.271875 0.424883 1 0.235937 0.420188 1 0.282813 0.511737 1 0.000000 0.000000 0 0.290625 0.565728 1 0.000000 0.000000 0 0.267188 0.556338 1 0.248438 0.558685 1 0.273438 0.661972 1 0.254688 0.661972 1 0.257812 0.746479 1 0.242188 0.753521 1
0 0.508313 0.532007 0.048125 0.332700 0.512500 0.403756 1 0.000000 0.000000 0 0.510938 0.394366 1 0.000000 0.000000 0 0.500000 0.392019 1 0.000000 0.000000 0 0.493750 0.427230 1 0.000000 0.000000 0 0.521875 0.448357 1 0.000000 0.000000 0 0.520312 0.420188 1 0.000000 0.000000 0 0.504687 0.509390 1 0.000000 0.000000 0 0.506250 0.589202 1 0.000000 0.000000 0 0.496875 0.659624 1
0 0.502898 0.394354 0.029141 0.055141 0.000000 0.000000 0 0.000000 0.000000 0 0.000000 0.000000 0 0.000000 0.000000 0 0.000000 0.000000 0 0.000000 0.000000 0 0.000000 0.000000 0 0.000000 0.000000 0 0.000000 0.000000 0 0.000000 0.000000 0 0.000000 0.000000 0 0.000000 0.000000 0 0.000000 0.000000 0 0.000000 0.000000 0 0.000000 0.000000 0 0.000000 0.000000 0 0.000000 0.000000 0