0 0.786805 0.494125 0.059922 0.165917 0.773438 0.441667 1 0.775000 0.438889 1 0.000000 0.000000 0 0.784375 0.441667 1 0.000000 0.000000 0 0.804688 0.477778 1 0.778125 0.477778 1 0.806250 0.530556 1 0.770312 0.522222 1 0.782813 0.536111 1 0.764062 0.544444 1 0.803125 0.558333 1 0.000000 0.000000 0 0.787500 0.541667 1 0.748437 0.541667 1 0.000000 0.000000 0 0.000000 0.000000 0
0 0.381305 0.437542 0.084328 0.473639 0.401562 0.252778 1 0.000000 0.000000 0 0.400000 0.241667 1 0.000000 0.000000 0 0.392188 0.233333 1 0.356250 0.280556 1 0.392188 0.277778 1 0.348438 0.366667 1 0.398438 0.358333 1 0.000000 0.000000 0 0.410938 0.369444 1 0.362500 0.452778 1 0.384375 0.452778 1 0.367188 0.533333 1 0.392188 0.538889 1 0.365625 0.650000 1 0.389062 0.658333 1
0 0.485391 0.452111 0.093531 0.469667 0.000000 0.000000 0 0.000000 0.000000 0 0.000000 0.000000 0 0.482812 0.261111 1 0.507812 0.263889 1 0.464062 0.308333 1 0.515625 0.316667 1 0.454688 0.372222 1 0.518750 0.383333 1 0.000000 0.000000 0 0.520312 0.455556 1 0.467187 0.452778 1 0.504687 0.452778 1 0.460938 0.558333 1 0.492188 0.558333 1 0.453125 0.658333 1 0.490625 0.658333 1
0 0.544586 0.535375 0.069453 0.247694 0.529687 0.452778 1 0.531250 0.444444 1 0.526563 0.444444 1 0.539062 0.444444 1 0.000000 0.000000 0 0.557813 0.477778 1 0.540625 0.480556 1 0.545312 0.527778 1 0.532813 0.502778 1 0.523438 0.522222 1 0.000000 0.000000 0 0.000000 0.000000 0 0.000000 0.000000 0 0.526563 0.538889 1 0.518750 0.538889 1 0.000000 0.000000 0 0.000000 0.000000 0
0 0.563398 0.543708 0.121891 0.253528 0.565625 0.447222 1 0.568750 0.441667 1 0.000000 0.000000 0 0.581250 0.447222 1 0.000000 0.000000 0 0.589063 0.488889 1 0.000000 0.000000 0 0.579688 0.563889 1 0.000000 0.000000 0 0.556250 0.541667 1 0.000000 0.000000 0 0.604688 0.594444 1 0.000000 0.000000 0 0.553125 0.561111 1 0.546875 0.563889 1 0.529687 0.650000 1 0.518750 0.641667 1
0 0.130195 0.429208 0.083422 0.422472 0.000000 0.000000 0 0.000000 0.000000 0 0.000000 0.000000 0 0.121875 0.255556 1 0.143750 0.261111 1 0.109375 0.302778 1 0.154688 0.308333 1 0.101562 0.375000 1 0.162500 0.377778 1 0.098437 0.427778 1 0.164062 0.430556 1 0.118750 0.441667 1 0.146875 0.441667 1 0.114062 0.525000 1 0.145313 0.525000 1 0.107813 0.619444 1 0.145313 0.627778 1
0 0.758430 0.404931 0.068266 0.375306 0.743750 0.255556 1 0.745313 0.247222 1 0.740625 0.250000 1 0.759375 0.250000 1 0.000000 0.000000 0 0.771875 0.294444 1 0.734375 0.302778 1 0.781250 0.344444 1 0.728125 0.355556 1 0.000000 0.000000 0 0.726562 0.316667 1 0.762500 0.402778 1 0.743750 0.400000 1 0.756250 0.488889 1 0.740625 0.480556 1 0.754687 0.566667 1 0.739062 0.563889 1
0 0.668523 0.433917 0.088641 0.152333 0.659375 0.383333 1 0.660937 0.375000 1 0.000000 0.000000 0 0.668750 0.377778 1 0.000000 0.000000 0 0.667188 0.405556 1 0.690625 0.391667 1 0.646875 0.450000 1 0.701562 0.411111 1 0.632812 0.475000 1 0.000000 0.000000 0 0.676562 0.463889 1 0.695312 0.461111 1 0.654687 0.458333 1 0.000000 0.000000 0 0.646875 0.502778 1 0.000000 0.000000 0
0 0.044086 0.458333 0.088016 0.303722 0.000000 0.000000 0 0.000000 0.000000 0 0.000000 0.000000 0 0.017188 0.330556 1 0.034375 0.330556 1 0.007812 0.369444 1 0.045312 0.369444 1 0.000000 0.411111 1 0.053125 0.411111 1 0.023438 0.411111 1 0.062500 0.450000 1 0.017188 0.452778 1 0.037500 0.452778 1 0.021875 0.516667 1 0.056250 0.513889 1 0.031250 0.594444 1 0.067187 0.588889 1
0 0.908969 0.404292 0.070562 0.344528 0.900000 0.272222 1 0.000000 0.000000 0 0.000000 0.000000 0 0.000000 0.000000 0 0.000000 0.000000 0 0.907813 0.305556 1 0.928125 0.302778 1 0.903125 0.361111 1 0.000000 0.000000 0 0.892188 0.394444 1 0.000000 0.000000 0 0.909375 0.405556 1 0.929688 0.405556 1 0.895312 0.472222 1 0.921875 0.480556 1 0.903125 0.547222 1 0.917188 0.552778 1
0 0.320266 0.442875 0.028031 0.186861 0.000000 0.000000 0 0.000000 0.000000 0 0.000000 0.000000 0 0.000000 0.000000 0 0.000000 0.000000 0 0.000000 0.000000 0 0.000000 0.000000 0 0.000000 0.000000 0 0.000000 0.000000 0 0.000000 0.000000 0 0.000000 0.000000 0 0.000000 0.000000 0 0.000000 0.000000 0 0.000000 0.000000 0 0.000000 0.000000 0 0.000000 0.000000 0 0.000000 0.000000 0
0 0.232469 0.454972 0.056094 0.392389 0.221875 0.286111 1 0.226562 0.280556 1 0.000000 0.000000 0 0.242188 0.288889 1 0.000000 0.000000 0 0.246875 0.347222 1 0.225000 0.338889 1 0.239063 0.405556 1 0.214062 0.386111 1 0.223438 0.397222 1 0.210938 0.391667 1 0.232813 0.458333 1 0.218750 0.461111 1 0.235937 0.536111 1 0.223438 0.533333 1 0.246875 0.627778 1 0.229687 0.613889 1
0 0.268266 0.451278 0.029250 0.182056 0.000000 0.000000 0 0.000000 0.000000 0 0.000000 0.000000 0 0.000000 0.000000 0 0.000000 0.000000 0 0.000000 0.000000 0 0.000000 0.000000 0 0.000000 0.000000 0 0.000000 0.000000 0 0.000000 0.000000 0 0.000000 0.000000 0 0.000000 0.000000 0 0.000000 0.000000 0 0.000000 0.000000 0 0.000000 0.000000 0 0.000000 0.000000 0 0.000000 0.000000 0