0 0.336258 0.674521 0.174328 0.324750 0.337500 0.556250 1 0.000000 0.000000 0 0.334375 0.547917 1 0.000000 0.000000 0 0.315625 0.554167 1 0.293750 0.585417 1 0.315625 0.593750 1 0.335938 0.652083 1 0.343750 0.652083 1 0.364063 0.672917 1 0.371875 0.666667 1 0.276562 0.695833 1 0.293750 0.704167 1 0.368750 0.712500 1 0.373437 0.693750 1 0.382812 0.816667 1 0.398438 0.768750 1
0 0.897469 0.552813 0.096063 0.323583 0.885938 0.420833 1 0.890625 0.416667 1 0.882812 0.416667 1 0.904687 0.418750 1 0.000000 0.000000 0 0.928125 0.454167 1 0.865625 0.452083 1 0.935937 0.493750 1 0.854688 0.491667 1 0.909375 0.508333 1 0.870313 0.500000 1 0.903125 0.541667 1 0.876563 0.539583 1 0.901563 0.620833 1 0.867188 0.620833 1 0.893750 0.683333 1 0.867188 0.683333 1
0 0.239242 0.577469 0.059422 0.165313 0.264062 0.522917 1 0.000000 0.000000 0 0.262500 0.516667 1 0.000000 0.000000 0 0.253125 0.518750 1 0.000000 0.000000 0 0.234375 0.547917 1 0.000000 0.000000 0 0.260937 0.597917 1 0.000000 0.000000 0 0.000000 0.000000 0 0.000000 0.000000 0 0.223438 0.643750 1 0.000000 0.000000 0 0.000000 0.000000 0 0.000000 0.000000 0 0.000000 0.000000 0
0 0.050187 0.609729 0.100375 0.245333 0.000000 0.000000 0 0.000000 0.000000 0 0.035937 0.522917 1 0.000000 0.000000 0 0.025000 0.518750 1 0.000000 0.000000 0 0.015625 0.552083 1 0.000000 0.000000 0 0.018750 0.606250 1 0.000000 0.000000 0 0.040625 0.591667 1 0.001563 0.639583 1 0.010937 0.633333 1 0.040625 0.645833 1 0.050000 0.641667 1 0.062500 0.710417 1 0.075000 0.712500 1
0 0.652680 0.512677 0.039203 0.108271 0.000000 0.000000 0 0.000000 0.000000 0 0.000000 0.000000 0 0.000000 0.000000 0 0.000000 0.000000 0 0.000000 0.000000 0 0.000000 0.000000 0 0.000000 0.000000 0 0.000000 0.000000 0 0.000000 0.000000 0 0.000000 0.000000 0 0.000000 0.000000 0 0.000000 0.000000 0 0.000000 0.000000 0 0.000000 0.000000 0 0.000000 0.000000 0 0.000000 0.000000 0
0 0.729867 0.521188 0.075047 0.113667 0.000000 0.000000 0 0.000000 0.000000 0 0.000000 0.000000 0 0.000000 0.000000 0 0.000000 0.000000 0 0.000000 0.000000 0 0.000000 0.000000 0 0.000000 0.000000 0 0.000000 0.000000 0 0.000000 0.000000 0 0.000000 0.000000 0 0.000000 0.000000 0 0.000000 0.000000 0 0.000000 0.000000 0 0.000000 0.000000 0 0.000000 0.000000 0 0.000000 0.000000 0
0 0.813117 0.555229 0.067016 0.263917 0.798438 0.454167 1 0.803125 0.447917 1 0.796875 0.447917 1 0.814063 0.452083 1 0.000000 0.000000 0 0.825000 0.477083 1 0.798438 0.479167 1 0.839063 0.518750 1 0.790625 0.514583 1 0.817187 0.522917 1 0.782813 0.491667 1 0.818750 0.539583 1 0.796875 0.539583 1 0.814063 0.608333 1 0.800000 0.606250 1 0.828125 0.652083 1 0.803125 0.670833 1
0 0.277273 0.586448 0.071297 0.235229 0.309375 0.510417 1 0.000000 0.000000 0 0.307812 0.502083 1 0.000000 0.000000 0 0.293750 0.512500 1 0.000000 0.000000 0 0.278125 0.545833 1 0.000000 0.000000 0 0.279687 0.620833 1 0.000000 0.000000 0 0.000000 0.000000 0 0.000000 0.000000 0 0.262500 0.679167 1 0.000000 0.000000 0 0.000000 0.000000 0 0.000000 0.000000 0 0.000000 0.000000 0
0 0.671766 0.523188 0.035969 0.103750 0.000000 0.000000 0 0.000000 0.000000 0 0.000000 0.000000 0 0.000000 0.000000 0 0.000000 0.000000 0 0.000000 0.000000 0 0.000000 0.000000 0 0.000000 0.000000 0 0.000000 0.000000 0 0.000000 0.000000 0 0.000000 0.000000 0 0.000000 0.000000 0 0.000000 0.000000 0 0.000000 0.000000 0 0.000000 0.000000 0 0.000000 0.000000 0 0.000000 0.000000 0
0 0.469578 0.530823 0.053500 0.121979 0.000000 0.000000 0 0.000000 0.000000 0 0.000000 0.000000 0 0.000000 0.000000 0 0.000000 0.000000 0 0.000000 0.000000 0 0.000000 0.000000 0 0.000000 0.000000 0 0.000000 0.000000 0 0.000000 0.000000 0 0.000000 0.000000 0 0.000000 0.000000 0 0.000000 0.000000 0 0.000000 0.000000 0 0.000000 0.000000 0 0.000000 0.000000 0 0.000000 0.000000 0
0 0.955992 0.534646 0.058047 0.282167 0.939063 0.416667 1 0.943750 0.412500 1 0.000000 0.000000 0 0.956250 0.416667 1 0.000000 0.000000 0 0.970313 0.450000 1 0.931250 0.450000 1 0.976562 0.491667 1 0.000000 0.000000 0 0.975000 0.533333 1 0.000000 0.000000 0 0.964063 0.529167 1 0.934375 0.527083 1 0.946875 0.589583 1 0.950000 0.591667 1 0.945312 0.650000 1 0.957812 0.637500 1
0 0.105195 0.633771 0.074016 0.259750 0.090625 0.543750 1 0.095312 0.539583 1 0.087500 0.539583 1 0.000000 0.000000 0 0.000000 0.000000 0 0.109375 0.554167 1 0.078125 0.560417 1 0.134375 0.575000 1 0.076563 0.593750 1 0.132812 0.552083 1 0.071875 0.593750 1 0.107813 0.620833 1 0.089063 0.622917 1 0.104688 0.677083 1 0.082812 0.679167 1 0.107813 0.722917 1 0.079687 0.733333 1