0 0.827531 0.521344 0.343812 0.912354 0.754687 0.210417 1 0.753125 0.187500 1 0.000000 0.000000 0 0.792188 0.147917 1 0.000000 0.000000 0 0.943750 0.193750 1 0.817187 0.272917 1 0.000000 0.000000 0 0.792188 0.391667 1 0.000000 0.000000 0 0.709375 0.466667 1 0.976562 0.506250 1 0.910937 0.497917 1 0.975000 0.706250 1 0.882812 0.691667 1 0.973437 0.920833 1 0.856250 0.904167 1
0 0.588094 0.321802 0.163000 0.248854 0.582812 0.243750 1 0.585938 0.237500 1 0.578125 0.237500 1 0.000000 0.000000 0 0.559375 0.237500 1 0.581250 0.272917 1 0.548438 0.281250 1 0.600000 0.331250 1 0.575000 0.331250 1 0.615625 0.308333 1 0.604688 0.300000 1 0.562500 0.366667 1 0.528125 0.375000 1 0.615625 0.337500 1 0.601562 0.358333 1 0.651563 0.410417 1 0.629687 0.431250 1
0 0.268734 0.605156 0.404625 0.583937 0.206250 0.410417 1 0.207813 0.389583 1 0.184375 0.389583 1 0.000000 0.000000 0 0.145313 0.402083 1 0.204687 0.447917 1 0.120313 0.456250 1 0.276562 0.500000 1 0.232813 0.558333 1 0.307812 0.560417 1 0.329688 0.547917 1 0.115625 0.683333 1 0.098437 0.697917 1 0.304688 0.560417 1 0.253125 0.579167 1 0.381250 0.754167 1 0.323437 0.797917 1
0 0.164680 0.327208 0.261297 0.309875 0.159375 0.256250 1 0.000000 0.000000 0 0.145313 0.239583 1 0.000000 0.000000 0 0.123438 0.237500 1 0.118750 0.297917 1 0.082812 0.306250 1 0.225000 0.322917 1 0.143750 0.329167 1 0.259375 0.387500 1 0.251563 0.372917 1 0.104688 0.462500 1 0.068750 0.479167 1 0.225000 0.358333 1 0.000000 0.000000 0 0.260937 0.537500 1 0.000000 0.000000 0
0 0.964187 0.131521 0.071625 0.143292 0.000000 0.000000 0 0.000000 0.000000 0 0.000000 0.000000 0 0.000000 0.000000 0 0.000000 0.000000 0 0.957812 0.125000 1 0.000000 0.000000 0 0.000000 0.000000 0 0.000000 0.000000 0 0.000000 0.000000 0 0.000000 0.000000 0 0.929688 0.229167 1 0.971875 0.241667 1 0.000000 0.000000 0 0.000000 0.000000 0 0.000000 0.000000 0 0.000000 0.000000 0
0 0.112078 0.913490 0.224156 0.150562 0.000000 0.000000 0 0.000000 0.000000 0 0.000000 0.000000 0 0.000000 0.000000 0 0.000000 0.000000 0 0.000000 0.000000 0 0.000000 0.000000 0 0.000000 0.000000 0 0.000000 0.000000 0 0.000000 0.000000 0 0.000000 0.000000 0 0.000000 0.000000 0 0.000000 0.000000 0 0.051562 0.912500 1 0.000000 0.000000 0 0.000000 0.000000 0 0.000000 0.000000 0
0 0.910984 0.090740 0.034719 0.096062 0.000000 0.000000 0 0.000000 0.000000 0 0.000000 0.000000 0 0.000000 0.000000 0 0.000000 0.000000 0 0.000000 0.000000 0 0.000000 0.000000 0 0.000000 0.000000 0 0.000000 0.000000 0 0.000000 0.000000 0 0.000000 0.000000 0 0.000000 0.000000 0 0.000000 0.000000 0 0.000000 0.000000 0 0.000000 0.000000 0 0.000000 0.000000 0 0.000000 0.000000 0
0 0.152531 0.693250 0.301687 0.564042 0.000000 0.000000 0 0.000000 0.000000 0 0.000000 0.000000 0 0.000000 0.000000 0 0.000000 0.000000 0 0.000000 0.000000 0 0.000000 0.000000 0 0.000000 0.000000 0 0.000000 0.000000 0 0.143750 0.647917 1 0.029687 0.595833 1 0.000000 0.000000 0 0.000000 0.000000 0 0.107813 0.620833 1 0.046875 0.666667 1 0.215625 0.845833 1 0.148438 0.922917 1
0 0.443578 0.204500 0.036062 0.066125 0.000000 0.000000 0 0.000000 0.000000 0 0.000000 0.000000 0 0.000000 0.000000 0 0.000000 0.000000 0 0.000000 0.000000 0 0.000000 0.000000 0 0.000000 0.000000 0 0.000000 0.000000 0 0.000000 0.000000 0 0.000000 0.000000 0 0.000000 0.000000 0 0.000000 0.000000 0 0.000000 0.000000 0 0.000000 0.000000 0 0.000000 0.000000 0 0.000000 0.000000 0
0 0.683430 0.320229 0.166859 0.631458 0.000000 0.000000 0 0.000000 0.000000 0 0.000000 0.000000 0 0.000000 0.000000 0 0.701562 0.060417 1 0.639062 0.129167 1 0.717187 0.110417 1 0.617188 0.235417 1 0.753125 0.212500 1 0.635938 0.281250 1 0.728125 0.254167 1 0.662500 0.329167 1 0.717187 0.327083 1 0.679688 0.450000 1 0.721875 0.464583 1 0.681250 0.572917 1 0.704688 0.568750 1
0 0.494141 0.254750 0.055875 0.268167 0.500000 0.158333 1 0.501563 0.152083 1 0.495312 0.152083 1 0.000000 0.000000 0 0.484375 0.154167 1 0.514062 0.185417 1 0.476562 0.189583 1 0.517188 0.210417 1 0.475000 0.220833 1 0.515625 0.231250 1 0.490625 0.241667 1 0.503125 0.258333 1 0.484375 0.258333 1 0.507812 0.300000 1 0.487500 0.302083 1 0.507812 0.343750 1 0.487500 0.356250 1