0 0.437664 0.616473 0.082641 0.223444 0.450000 0.534442 1 0.446875 0.527316 1 0.442188 0.529691 1 0.000000 0.000000 0 0.432812 0.532067 1 0.445312 0.558195 1 0.417187 0.560570 1 0.446875 0.593824 1 0.431250 0.591449 1 0.429688 0.603325 1 0.437500 0.560570 1 0.429688 0.627078 1 0.417187 0.629454 1 0.443750 0.634204 1 0.440625 0.615202 1 0.442188 0.705463 1 0.467187 0.662708 1
0 0.226328 0.623753 0.051438 0.259572 0.231250 0.536817 1 0.232813 0.529691 1 0.226562 0.529691 1 0.237500 0.527316 1 0.220312 0.529691 1 0.243750 0.558195 1 0.209375 0.558195 1 0.250000 0.605701 1 0.206250 0.605701 1 0.000000 0.000000 0 0.226562 0.603325 1 0.239063 0.624703 1 0.220312 0.624703 1 0.237500 0.653207 1 0.000000 0.000000 0 0.234375 0.724466 1 0.000000 0.000000 0
0 0.318336 0.571544 0.064453 0.146081 0.326562 0.524941 1 0.326562 0.520190 1 0.321875 0.520190 1 0.000000 0.000000 0 0.310937 0.524941 1 0.335938 0.558195 1 0.296875 0.558195 1 0.343750 0.596200 1 0.307812 0.596200 1 0.312500 0.586698 1 0.337500 0.581948 1 0.343750 0.636580 1 0.320312 0.643705 1 0.000000 0.000000 0 0.000000 0.000000 0 0.000000 0.000000 0 0.000000 0.000000 0
0 0.387992 0.620606 0.075391 0.241686 0.364063 0.529691 1 0.367188 0.524941 1 0.360938 0.524941 1 0.376563 0.532067 1 0.000000 0.000000 0 0.389062 0.553444 1 0.357812 0.551069 1 0.393750 0.598575 1 0.357812 0.586698 1 0.000000 0.000000 0 0.375000 0.589074 1 0.390625 0.615202 1 0.368750 0.617577 1 0.000000 0.000000 0 0.401562 0.631829 1 0.000000 0.000000 0 0.415625 0.717340 1
0 0.476367 0.547838 0.047641 0.098052 0.000000 0.000000 0 0.000000 0.000000 0 0.000000 0.000000 0 0.000000 0.000000 0 0.000000 0.000000 0 0.000000 0.000000 0 0.000000 0.000000 0 0.000000 0.000000 0 0.000000 0.000000 0 0.000000 0.000000 0 0.000000 0.000000 0 0.000000 0.000000 0 0.000000 0.000000 0 0.000000 0.000000 0 0.000000 0.000000 0 0.000000 0.000000 0 0.000000 0.000000 0
0 0.524836 0.597399 0.069734 0.195463 0.000000 0.000000 0 0.000000 0.000000 0 0.000000 0.000000 0 0.000000 0.000000 0 0.000000 0.000000 0 0.000000 0.000000 0 0.000000 0.000000 0 0.000000 0.000000 0 0.000000 0.000000 0 0.000000 0.000000 0 0.000000 0.000000 0 0.000000 0.000000 0 0.000000 0.000000 0 0.000000 0.000000 0 0.000000 0.000000 0 0.000000 0.000000 0 0.000000 0.000000 0
0 0.582039 0.556378 0.047297 0.118266 0.000000 0.000000 0 0.000000 0.000000 0 0.000000 0.000000 0 0.000000 0.000000 0 0.000000 0.000000 0 0.000000 0.000000 0 0.000000 0.000000 0 0.000000 0.000000 0 0.000000 0.000000 0 0.000000 0.000000 0 0.000000 0.000000 0 0.000000 0.000000 0 0.000000 0.000000 0 0.000000 0.000000 0 0.000000 0.000000 0 0.000000 0.000000 0 0.000000 0.000000 0
0 0.617125 0.561924 0.041844 0.128551 0.000000 0.000000 0 0.000000 0.000000 0 0.000000 0.000000 0 0.000000 0.000000 0 0.000000 0.000000 0 0.000000 0.000000 0 0.000000 0.000000 0 0.000000 0.000000 0 0.000000 0.000000 0 0.000000 0.000000 0 0.000000 0.000000 0 0.000000 0.000000 0 0.000000 0.000000 0 0.000000 0.000000 0 0.000000 0.000000 0 0.000000 0.000000 0 0.000000 0.000000 0
0 0.653820 0.582601 0.048609 0.140831 0.000000 0.000000 0 0.000000 0.000000 0 0.000000 0.000000 0 0.000000 0.000000 0 0.000000 0.000000 0 0.000000 0.000000 0 0.000000 0.000000 0 0.000000 0.000000 0 0.000000 0.000000 0 0.000000 0.000000 0 0.000000 0.000000 0 0.000000 0.000000 0 0.000000 0.000000 0 0.000000 0.000000 0 0.000000 0.000000 0 0.000000 0.000000 0 0.000000 0.000000 0
0 0.669711 0.520962 0.030203 0.073990 0.000000 0.000000 0 0.000000 0.000000 0 0.000000 0.000000 0 0.000000 0.000000 0 0.000000 0.000000 0 0.000000 0.000000 0 0.000000 0.000000 0 0.000000 0.000000 0 0.000000 0.000000 0 0.000000 0.000000 0 0.000000 0.000000 0 0.000000 0.000000 0 0.000000 0.000000 0 0.000000 0.000000 0 0.000000 0.000000 0 0.000000 0.000000 0 0.000000 0.000000 0
0 0.779766 0.662363 0.181813 0.424727 0.000000 0.000000 0 0.000000 0.000000 0 0.000000 0.000000 0 0.000000 0.000000 0 0.000000 0.000000 0 0.746875 0.539192 1 0.789062 0.560570 1 0.000000 0.000000 0 0.825000 0.641330 1 0.000000 0.000000 0 0.857812 0.674584 1 0.698438 0.681710 1 0.728125 0.693587 1 0.000000 0.000000 0 0.812500 0.752969 1 0.000000 0.000000 0 0.753125 0.824228 1
0 0.897016 0.606496 0.051250 0.246770 0.000000 0.000000 0 0.000000 0.000000 0 0.000000 0.000000 0 0.890625 0.503563 1 0.906250 0.508314 1 0.881250 0.527316 1 0.912500 0.536817 1 0.879687 0.555819 1 0.915625 0.574822 1 0.000000 0.000000 0 0.915625 0.612827 1 0.884375 0.605701 1 0.903125 0.608076 1 0.882812 0.660333 1 0.895312 0.681710 1 0.879687 0.724466 1 0.892188 0.731591 1
0 0.964414 0.609715 0.064328 0.285891 0.000000 0.000000 0 0.000000 0.000000 0 0.000000 0.000000 0 0.943750 0.491686 1 0.957812 0.489311 1 0.942187 0.524941 1 0.973437 0.522565 1 0.939063 0.581948 1 0.989062 0.551069 1 0.939063 0.615202 1 0.979688 0.581948 1 0.948438 0.617577 1 0.962500 0.615202 1 0.948438 0.676960 1 0.965625 0.669834 1 0.953125 0.731591 1 0.964063 0.726841 1