0 0.422758 0.552677 0.149328 0.490354 0.435937 0.387500 1 0.440625 0.381250 1 0.428125 0.381250 1 0.000000 0.000000 0 0.412500 0.389583 1 0.454688 0.447917 1 0.401562 0.437500 1 0.473438 0.512500 1 0.384375 0.508333 1 0.465625 0.537500 1 0.406250 0.514583 1 0.454688 0.566667 1 0.421875 0.564583 1 0.000000 0.000000 0 0.378125 0.635417 1 0.000000 0.000000 0 0.385937 0.747917 1
0 0.661813 0.702156 0.037719 0.143687 0.000000 0.000000 0 0.000000 0.000000 0 0.000000 0.000000 0 0.000000 0.000000 0 0.000000 0.000000 0 0.000000 0.000000 0 0.000000 0.000000 0 0.000000 0.000000 0 0.000000 0.000000 0 0.000000 0.000000 0 0.000000 0.000000 0 0.000000 0.000000 0 0.000000 0.000000 0 0.000000 0.000000 0 0.000000 0.000000 0 0.000000 0.000000 0 0.000000 0.000000 0
0 0.808945 0.683000 0.053672 0.153208 0.803125 0.627083 1 0.803125 0.620833 1 0.800000 0.622917 1 0.000000 0.000000 0 0.000000 0.000000 0 0.817187 0.637500 1 0.790625 0.637500 1 0.821875 0.662500 1 0.000000 0.000000 0 0.826562 0.677083 1 0.000000 0.000000 0 0.000000 0.000000 0 0.792188 0.670833 1 0.800000 0.714583 1 0.793750 0.714583 1 0.000000 0.000000 0 0.000000 0.000000 0
0 0.939461 0.683469 0.077766 0.228896 0.950000 0.593750 1 0.951562 0.589583 1 0.946875 0.589583 1 0.000000 0.000000 0 0.935937 0.587500 1 0.950000 0.616667 1 0.920312 0.604167 1 0.957812 0.641667 1 0.914062 0.635417 1 0.973437 0.643750 1 0.935937 0.647917 1 0.937500 0.677083 1 0.923438 0.672917 1 0.934375 0.722917 1 0.917188 0.725000 1 0.934375 0.777083 1 0.907813 0.775000 1
0 0.758859 0.700135 0.040594 0.165396 0.753125 0.637500 1 0.756250 0.631250 1 0.000000 0.000000 0 0.764062 0.633333 1 0.000000 0.000000 0 0.768750 0.652083 1 0.757812 0.654167 1 0.768750 0.677083 1 0.754687 0.668750 1 0.754687 0.677083 1 0.740625 0.677083 1 0.765625 0.697917 1 0.756250 0.697917 1 0.771875 0.737500 1 0.756250 0.739583 1 0.771875 0.770833 1 0.756250 0.766667 1
0 0.793336 0.615198 0.016766 0.045563 0.000000 0.000000 0 0.000000 0.000000 0 0.000000 0.000000 0 0.000000 0.000000 0 0.000000 0.000000 0 0.000000 0.000000 0 0.000000 0.000000 0 0.000000 0.000000 0 0.000000 0.000000 0 0.000000 0.000000 0 0.000000 0.000000 0 0.000000 0.000000 0 0.000000 0.000000 0 0.000000 0.000000 0 0.000000 0.000000 0 0.000000 0.000000 0 0.000000 0.000000 0
0 0.723570 0.672729 0.044703 0.205292 0.704688 0.589583 1 0.704688 0.587500 1 0.000000 0.000000 0 0.712500 0.589583 1 0.000000 0.000000 0 0.729688 0.602083 1 0.706250 0.604167 1 0.735938 0.629167 1 0.000000 0.000000 0 0.737500 0.664583 1 0.000000 0.000000 0 0.729688 0.660417 1 0.714063 0.662500 1 0.729688 0.708333 1 0.717187 0.708333 1 0.734375 0.754167 1 0.725000 0.747917 1
0 0.826141 0.633448 0.026031 0.092521 0.000000 0.000000 0 0.000000 0.000000 0 0.000000 0.000000 0 0.000000 0.000000 0 0.000000 0.000000 0 0.000000 0.000000 0 0.000000 0.000000 0 0.000000 0.000000 0 0.000000 0.000000 0 0.000000 0.000000 0 0.000000 0.000000 0 0.000000 0.000000 0 0.000000 0.000000 0 0.000000 0.000000 0 0.000000 0.000000 0 0.000000 0.000000 0 0.000000 0.000000 0
0 0.856742 0.681438 0.036672 0.167250 0.856250 0.618750 1 0.859375 0.612500 1 0.853125 0.612500 1 0.862500 0.616667 1 0.851562 0.614583 1 0.870313 0.633333 1 0.846875 0.633333 1 0.868750 0.654167 1 0.843750 0.654167 1 0.851562 0.670833 1 0.848437 0.675000 1 0.860938 0.679167 1 0.850000 0.679167 1 0.857812 0.718750 1 0.846875 0.718750 1 0.853125 0.752083 1 0.845313 0.747917 1
0 0.987984 0.696458 0.023719 0.222458 0.000000 0.000000 0 0.000000 0.000000 0 0.000000 0.000000 0 0.000000 0.000000 0 0.000000 0.000000 0 0.000000 0.000000 0 0.000000 0.000000 0 0.000000 0.000000 0 0.000000 0.000000 0 0.000000 0.000000 0 0.000000 0.000000 0 0.000000 0.000000 0 0.000000 0.000000 0 0.000000 0.000000 0 0.000000 0.000000 0 0.000000 0.000000 0 0.000000 0.000000 0
0 0.688102 0.673344 0.040828 0.198396 0.690625 0.593750 1 0.692187 0.589583 1 0.687500 0.587500 1 0.695312 0.591667 1 0.684375 0.591667 1 0.703125 0.618750 1 0.675000 0.618750 1 0.706250 0.641667 1 0.671875 0.645833 1 0.696875 0.660417 1 0.679688 0.660417 1 0.696875 0.654167 1 0.682813 0.654167 1 0.698438 0.697917 1 0.681250 0.700000 1 0.696875 0.752083 1 0.679688 0.752083 1
0 0.640234 0.689458 0.027656 0.154583 0.000000 0.000000 0 0.000000 0.000000 0 0.000000 0.000000 0 0.000000 0.000000 0 0.000000 0.000000 0 0.000000 0.000000 0 0.000000 0.000000 0 0.000000 0.000000 0 0.000000 0.000000 0 0.000000 0.000000 0 0.000000 0.000000 0 0.000000 0.000000 0 0.000000 0.000000 0 0.000000 0.000000 0 0.000000 0.000000 0 0.000000 0.000000 0 0.000000 0.000000 0
0 0.978094 0.683635 0.032531 0.213146 0.000000 0.000000 0 0.000000 0.000000 0 0.000000 0.000000 0 0.000000 0.000000 0 0.000000 0.000000 0 0.000000 0.000000 0 0.000000 0.000000 0 0.000000 0.000000 0 0.000000 0.000000 0 0.000000 0.000000 0 0.000000 0.000000 0 0.000000 0.000000 0 0.000000 0.000000 0 0.000000 0.000000 0 0.000000 0.000000 0 0.000000 0.000000 0 0.000000 0.000000 0