0 0.530492 0.871838 0.078609 0.256323 0.534375 0.779859 1 0.542188 0.772834 1 0.532813 0.772834 1 0.553125 0.777518 1 0.000000 0.000000 0 0.565625 0.824356 1 0.517188 0.831382 1 0.000000 0.000000 0 0.503125 0.903981 1 0.000000 0.000000 0 0.500000 0.971897 1 0.564063 0.946136 1 0.523438 0.948478 1 0.000000 0.000000 0 0.000000 0.000000 0 0.000000 0.000000 0 0.000000 0.000000 0
0 0.403711 0.864180 0.106172 0.271639 0.409375 0.763466 1 0.415625 0.761124 1 0.404687 0.758782 1 0.000000 0.000000 0 0.392188 0.763466 1 0.431250 0.812646 1 0.375000 0.814988 1 0.448437 0.880562 1 0.359375 0.882904 1 0.448437 0.939110 1 0.356250 0.941452 1 0.421875 0.957845 1 0.382812 0.957845 1 0.000000 0.000000 0 0.000000 0.000000 0 0.000000 0.000000 0 0.000000 0.000000 0
0 0.312570 0.891827 0.108953 0.216347 0.307812 0.810304 1 0.310937 0.805621 1 0.301563 0.805621 1 0.321875 0.812646 1 0.296875 0.814988 1 0.339062 0.850117 1 0.285938 0.864169 1 0.350000 0.908665 1 0.282813 0.918033 1 0.362500 0.953162 1 0.271875 0.962529 1 0.332813 0.976581 1 0.293750 0.969555 1 0.000000 0.000000 0 0.000000 0.000000 0 0.000000 0.000000 0 0.000000 0.000000 0
0 0.214172 0.859707 0.128500 0.280585 0.237500 0.754098 1 0.239063 0.749415 1 0.229687 0.751756 1 0.000000 0.000000 0 0.214062 0.763466 1 0.253125 0.814988 1 0.189062 0.817330 1 0.260937 0.889930 1 0.176563 0.889930 1 0.265625 0.948478 1 0.159375 0.950820 1 0.243750 0.969555 1 0.204687 0.960187 1 0.000000 0.000000 0 0.000000 0.000000 0 0.000000 0.000000 0 0.000000 0.000000 0
0 0.688180 0.895703 0.083953 0.188267 0.000000 0.000000 0 0.000000 0.000000 0 0.000000 0.000000 0 0.676562 0.840749 1 0.700000 0.843091 1 0.670312 0.871194 1 0.709375 0.873536 1 0.660937 0.934426 1 0.725000 0.936768 1 0.650000 0.985948 1 0.000000 0.000000 0 0.676562 0.978923 1 0.707812 0.974239 1 0.000000 0.000000 0 0.000000 0.000000 0 0.000000 0.000000 0 0.000000 0.000000 0
0 0.479461 0.870785 0.059328 0.231452 0.485938 0.796253 1 0.492188 0.791569 1 0.484375 0.789227 1 0.496875 0.786885 1 0.479687 0.786885 1 0.500000 0.824356 1 0.468750 0.814988 1 0.503125 0.871194 1 0.456250 0.847775 1 0.493750 0.861827 1 0.468750 0.850117 1 0.482812 0.885246 1 0.473438 0.885246 1 0.482812 0.946136 1 0.468750 0.946136 1 0.484375 0.992974 1 0.468750 0.992974 1
0 0.583227 0.902248 0.107953 0.186511 0.587500 0.859485 1 0.590625 0.847775 1 0.581250 0.847775 1 0.598437 0.838407 1 0.568750 0.838407 1 0.609375 0.880562 1 0.553125 0.880562 1 0.621875 0.946136 1 0.537500 0.943794 1 0.000000 0.000000 0 0.531250 0.988290 1 0.000000 0.000000 0 0.000000 0.000000 0 0.000000 0.000000 0 0.000000 0.000000 0 0.000000 0.000000 0 0.000000 0.000000 0
0 0.639781 0.832096 0.065313 0.128782 0.640625 0.814988 1 0.643750 0.805621 1 0.635938 0.805621 1 0.650000 0.807963 1 0.629687 0.805621 1 0.660937 0.840749 1 0.615625 0.840749 1 0.000000 0.000000 0 0.000000 0.000000 0 0.000000 0.000000 0 0.000000 0.000000 0 0.000000 0.000000 0 0.000000 0.000000 0 0.000000 0.000000 0 0.000000 0.000000 0 0.000000 0.000000 0 0.000000 0.000000 0
0 0.839203 0.843419 0.072031 0.161124 0.845313 0.789227 1 0.848437 0.784543 1 0.840625 0.784543 1 0.851562 0.786885 1 0.835938 0.786885 1 0.854688 0.822014 1 0.820312 0.812646 1 0.000000 0.000000 0 0.820312 0.847775 1 0.000000 0.000000 0 0.850000 0.850117 1 0.843750 0.901639 1 0.820312 0.896956 1 0.843750 0.950820 1 0.814063 0.941452 1 0.000000 0.000000 0 0.000000 0.000000 0
0 0.793891 0.792342 0.022344 0.058923 0.000000 0.000000 0 0.000000 0.000000 0 0.000000 0.000000 0 0.000000 0.000000 0 0.000000 0.000000 0 0.000000 0.000000 0 0.000000 0.000000 0 0.000000 0.000000 0 0.000000 0.000000 0 0.000000 0.000000 0 0.000000 0.000000 0 0.000000 0.000000 0 0.000000 0.000000 0 0.000000 0.000000 0 0.000000 0.000000 0 0.000000 0.000000 0 0.000000 0.000000 0
0 0.768719 0.868162 0.039687 0.172342 0.000000 0.000000 0 0.000000 0.000000 0 0.000000 0.000000 0 0.757812 0.796253 1 0.768750 0.796253 1 0.753125 0.812646 1 0.776563 0.812646 1 0.751563 0.840749 1 0.781250 0.836066 1 0.754687 0.864169 1 0.000000 0.000000 0 0.764062 0.861827 1 0.776563 0.859485 1 0.765625 0.908665 1 0.770312 0.906323 1 0.782813 0.943794 1 0.773438 0.941452 1
0 0.735531 0.792295 0.039719 0.044778 0.000000 0.000000 0 0.000000 0.000000 0 0.000000 0.000000 0 0.000000 0.000000 0 0.000000 0.000000 0 0.000000 0.000000 0 0.000000 0.000000 0 0.000000 0.000000 0 0.000000 0.000000 0 0.000000 0.000000 0 0.000000 0.000000 0 0.000000 0.000000 0 0.000000 0.000000 0 0.000000 0.000000 0 0.000000 0.000000 0 0.000000 0.000000 0 0.000000 0.000000 0