0 0.293859 0.477529 0.134938 0.262927 0.000000 0.000000 0 0.000000 0.000000 0 0.000000 0.000000 0 0.000000 0.000000 0 0.000000 0.000000 0 0.000000 0.000000 0 0.309375 0.398126 1 0.000000 0.000000 0 0.273438 0.409836 1 0.293750 0.456674 1 0.251563 0.407494 1 0.000000 0.000000 0 0.259375 0.428571 1 0.289062 0.508197 1 0.275000 0.510539 1 0.292187 0.569087 1 0.275000 0.578454 1
0 0.477055 0.407084 0.053141 0.082084 0.000000 0.000000 0 0.000000 0.000000 0 0.000000 0.000000 0 0.000000 0.000000 0 0.000000 0.000000 0 0.000000 0.000000 0 0.000000 0.000000 0 0.000000 0.000000 0 0.000000 0.000000 0 0.000000 0.000000 0 0.000000 0.000000 0 0.000000 0.000000 0 0.000000 0.000000 0 0.000000 0.000000 0 0.000000 0.000000 0 0.000000 0.000000 0 0.000000 0.000000 0
0 0.909336 0.401593 0.040328 0.202717 0.907813 0.318501 1 0.909375 0.313817 1 0.903125 0.313817 1 0.000000 0.000000 0 0.000000 0.000000 0 0.918750 0.325527 1 0.898438 0.332553 1 0.920312 0.341920 1 0.890625 0.344262 1 0.907813 0.353630 1 0.000000 0.000000 0 0.910937 0.393443 1 0.893750 0.395785 1 0.907813 0.442623 1 0.898438 0.440281 1 0.909375 0.484778 1 0.903125 0.487119 1
0 0.676430 0.477002 0.092203 0.407119 0.000000 0.000000 0 0.000000 0.000000 0 0.667188 0.304450 1 0.000000 0.000000 0 0.656250 0.313817 1 0.695312 0.334895 1 0.640625 0.370023 1 0.712500 0.358314 1 0.642188 0.421546 1 0.690625 0.318501 1 0.654687 0.466042 1 0.689063 0.451991 1 0.654687 0.470726 1 0.682813 0.557377 1 0.659375 0.526932 1 0.690625 0.655738 1 0.662500 0.622951 1
0 0.829117 0.483150 0.104953 0.557307 0.801562 0.252927 1 0.804688 0.243560 1 0.000000 0.000000 0 0.818750 0.241218 1 0.000000 0.000000 0 0.854688 0.299766 1 0.831250 0.304450 1 0.865625 0.388759 1 0.000000 0.000000 0 0.850000 0.470726 1 0.000000 0.000000 0 0.845313 0.466042 1 0.820312 0.456674 1 0.846875 0.578454 1 0.809375 0.562061 1 0.862500 0.711944 1 0.809375 0.683841 1
0 0.743672 0.447237 0.086719 0.302576 0.764062 0.330211 1 0.764062 0.320843 1 0.757812 0.323185 1 0.000000 0.000000 0 0.743750 0.323185 1 0.720313 0.353630 1 0.754687 0.358314 1 0.000000 0.000000 0 0.770312 0.405152 1 0.000000 0.000000 0 0.000000 0.000000 0 0.721875 0.468384 1 0.753125 0.475410 1 0.723437 0.526932 1 0.746875 0.536300 1 0.707812 0.587822 1 0.000000 0.000000 0
0 0.786609 0.376920 0.025312 0.164098 0.000000 0.000000 0 0.000000 0.000000 0 0.000000 0.000000 0 0.000000 0.000000 0 0.000000 0.000000 0 0.000000 0.000000 0 0.000000 0.000000 0 0.000000 0.000000 0 0.000000 0.000000 0 0.000000 0.000000 0 0.000000 0.000000 0 0.000000 0.000000 0 0.000000 0.000000 0 0.000000 0.000000 0 0.000000 0.000000 0 0.000000 0.000000 0 0.000000 0.000000 0
0 0.797687 0.393595 0.035625 0.181429 0.000000 0.000000 0 0.000000 0.000000 0 0.000000 0.000000 0 0.000000 0.000000 0 0.000000 0.000000 0 0.000000 0.000000 0 0.000000 0.000000 0 0.000000 0.000000 0 0.000000 0.000000 0 0.000000 0.000000 0 0.000000 0.000000 0 0.000000 0.000000 0 0.000000 0.000000 0 0.000000 0.000000 0 0.000000 0.000000 0 0.000000 0.000000 0 0.000000 0.000000 0
0 0.389305 0.469204 0.097984 0.237283 0.000000 0.000000 0 0.000000 0.000000 0 0.000000 0.000000 0 0.410938 0.374707 1 0.382812 0.379391 1 0.415625 0.374707 1 0.371875 0.381733 1 0.429688 0.412178 1 0.351562 0.414520 1 0.428125 0.454333 1 0.350000 0.456674 1 0.382812 0.426230 1 0.359375 0.428571 1 0.376563 0.494145 1 0.368750 0.491803 1 0.375000 0.552693 1 0.370312 0.557377 1
0 0.257609 0.339344 0.030625 0.091803 0.000000 0.000000 0 0.000000 0.000000 0 0.000000 0.000000 0 0.000000 0.000000 0 0.000000 0.000000 0 0.000000 0.000000 0 0.000000 0.000000 0 0.000000 0.000000 0 0.000000 0.000000 0 0.000000 0.000000 0 0.000000 0.000000 0 0.000000 0.000000 0 0.000000 0.000000 0 0.000000 0.000000 0 0.000000 0.000000 0 0.000000 0.000000 0 0.000000 0.000000 0
0 0.235602 0.334028 0.033391 0.110632 0.000000 0.000000 0 0.000000 0.000000 0 0.000000 0.000000 0 0.000000 0.000000 0 0.000000 0.000000 0 0.000000 0.000000 0 0.000000 0.000000 0 0.000000 0.000000 0 0.000000 0.000000 0 0.000000 0.000000 0 0.000000 0.000000 0 0.000000 0.000000 0 0.000000 0.000000 0 0.000000 0.000000 0 0.000000 0.000000 0 0.000000 0.000000 0 0.000000 0.000000 0
0 0.370055 0.326218 0.047797 0.096511 0.000000 0.000000 0 0.000000 0.000000 0 0.000000 0.000000 0 0.000000 0.000000 0 0.000000 0.000000 0 0.000000 0.000000 0 0.000000 0.000000 0 0.000000 0.000000 0 0.000000 0.000000 0 0.000000 0.000000 0 0.000000 0.000000 0 0.000000 0.000000 0 0.000000 0.000000 0 0.000000 0.000000 0 0.000000 0.000000 0 0.000000 0.000000 0 0.000000 0.000000 0
0 0.578422 0.371194 0.082437 0.262389 0.582812 0.285714 1 0.587500 0.276347 1 0.578125 0.278689 1 0.596875 0.271663 1 0.000000 0.000000 0 0.604688 0.311475 1 0.576562 0.309133 1 0.600000 0.374707 1 0.571875 0.360656 1 0.601562 0.433255 1 0.550000 0.405152 1 0.590625 0.433255 1 0.573438 0.433255 1 0.596875 0.515222 1 0.579688 0.510539 1 0.596875 0.583138 1 0.578125 0.578454 1